-9.207509345022938177e-03 -7.073314050804328443e-03
8.274669042563168389e-03 8.731278463339499883e-04
-1.285112200413911308e-03 -4.909038931894201029e-04
-1.356415956220421992e-03 -2.117223595586779656e-03
1.566878610974929134e-03 4.662525265023094228e-04
-1.558927578217511080e-03 -2.809313938646503320e-03
-8.919643977542536170e-03 -1.349055711927265016e-03
1.043691742101742707e-04 -2.457968078611772952e-03
-3.187099356453584192e-03 5.353960934867804319e-03
-1.028923194457375279e-03 3.248663888417436998e-03
1.422083774067363143e-03 -4.028359187005420283e-03
-5.464955969709182383e-03 1.223419898945964437e-03
2.257579897156325368e-03 6.332719242786952543e-03
-8.387787517944937654e-03 -3.383049002571011498e-03
-3.091351713909768102e-03 -1.342883258443910641e-02
-5.944396332721896270e-03 1.016932760569881286e-03
-7.306911245862273384e-03 -6.849200540580391815e-03
9.158047190793366997e-05 -5.758585044647891163e-04
9.390670288830289163e-04 5.921597041871081270e-04
8.225238539685642697e-03 1.166653123105867822e-02
-7.097837647986203827e-03 -2.431193271384381443e-03
1.064204657193875206e-02 -8.171098136767170408e-03
-2.933097675790231895e-03 7.851556407762793136e-03
4.221658488871889679e-03 -8.307223382945402683e-04
-1.601205316751794358e-03 -1.669922613058998865e-03
-1.137674990298780109e-02 1.790576579327792656e-04
1.439119357451525399e-03 7.930412062119456679e-03
-5.115797434975362856e-04 -1.681849162195434998e-04
-2.081475599560872469e-04 -8.463992828049963710e-03
-7.337789338972752588e-03 -1.522940450859391025e-03
1.208680186734984764e-02 7.531216410341845871e-03
-7.511274943696824753e-03 5.506802340675717548e-04
6.112916498397270859e-03 7.805430922353390200e-03
9.994341582266930320e-04 -3.991382136975774389e-03
8.839590920563069817e-03 -5.245153225320070556e-03
4.536027298876184853e-03 -2.916668706564718057e-03
4.251945793517318724e-03 7.222946557256146663e-03
4.984461799273971587e-03 1.397301472738049152e-02
-1.165460468192283661e-02 4.710646421469693104e-03
3.567008214800945678e-03 -2.228553879882737721e-03
-2.469431608787908770e-03 1.387230164579140177e-03
4.569763216181061674e-04 1.166693036526363428e-03
7.561375945484651029e-03 7.323803234048173461e-03
9.372149530455660925e-04 8.684130821894796987e-03
-5.691991188888255275e-03 -1.110737306052233045e-02
7.012483902502890040e-03 -2.600974724432957453e-03
-4.134452667549181996e-03 -2.229080783595346633e-03
-1.404385546422740397e-02 1.335149317448724310e-03
8.594210771568798132e-03 8.582076742482361298e-03
-7.798677292218201412e-03 -7.196570884236697975e-03
6.116620650072195423e-03 -8.378511313061986002e-03
2.631852817543327804e-03 1.686223812780637647e-03
1.350762435404400871e-02 -1.785100644229395059e-03
1.352260038164079456e-02 -2.425237909663370030e-03
-2.526685374918977243e-03 3.166758755600618518e-03
-1.299293124733580905e-02 -8.507276896929268084e-04
6.226162743282913012e-03 -1.041584127256992183e-03
-1.142967707759125770e-03 4.784728291034328826e-03
-3.024550378194290536e-03 -2.929521293619862399e-03
-7.842679337086072566e-03 -9.322144646788949746e-03
-4.861332735346047401e-03 -1.207246468727629770e-03
-1.979389868765567967e-03 -1.530364579904309238e-03
3.071330536818245825e-03 -7.082861620390668717e-03
-4.713759784681607543e-03 -8.850591431780860732e-03
2.560086042776431314e-03 2.082896889809343274e-03
-5.658590521030802505e-03 -5.857717415112368223e-03
-8.685615414912649206e-04 -6.276790648782097463e-03
5.961559685611294256e-03 -4.150977172913059010e-04
4.175133869255113345e-03 -1.353221183597821606e-02
-8.596861115821008079e-03 -7.801056271767021870e-03
9.765070978730605068e-04 -1.008183459398287159e-03
-1.210754160241086716e-02 -3.306045424051809803e-03
1.500955254122035912e-04 2.932570772079554598e-03
-3.043901056375511796e-03 -4.773328645609164513e-03
-1.213172995013770197e-02 -5.610804614040143870e-03
-1.390250923998815648e-02 -7.001691453216970021e-04
9.755395639640607880e-03 -1.100373826997410806e-02
1.162717520147953272e-02 7.145543844530821004e-03
-1.168880361819547593e-03 -7.849959870937623339e-04
3.616183178669931091e-03 9.691915147085599508e-03
4.164651565811134173e-03 1.013683803116111753e-02
-9.813108567411001071e-03 6.022779650698332696e-03
-1.056656828405875582e-02 2.910542933990265240e-03
5.396299845023182738e-03 -8.633926784722556133e-03
-1.418289869797287675e-02 -1.576285087946551486e-03
-1.768894875943959749e-03 -7.848063253598132685e-03
-8.662451592047377968e-03 -9.265739113256206763e-03
1.105072931873021282e-02 5.565304365711639008e-03
-1.051752834456928104e-02 -4.334521971383288076e-03
3.994434228171916089e-03 1.277511994404320096e-02
8.709189725058632051e-03 9.947974387886270031e-03
-8.975436216336259501e-03 -1.110167282790009043e-02
-3.062494492918392541e-03 3.464220244053151283e-05
-6.416642317061465803e-03 5.805957598526634983e-03
4.061223258398641116e-03 -7.435398271371972817e-03
-7.811225328979687008e-03 9.732611566312610041e-03
-7.323178431418496045e-03 1.262407098214320816e-02
-6.817547569549877937e-03 3.781610940225548813e-03
5.336395720228617051e-03 -5.778111404142543921e-03
1.068702063904957561e-02 -4.377473039058403861e-03
-1.159463208537091922e-02 -1.682426614018481779e-03
1.036658411602264622e-03 1.382926062320617017e-02
-1.232271599162389555e-02 -3.103973599392266611e-03
3.978382457252284572e-03 -9.613418329601577245e-03
7.607256604963677851e-03 5.090955622030295634e-03
3.791331056620412567e-03 -1.329825850604924448e-02
6.694216394265652473e-03 6.498456887520647797e-03
-7.504397324988103593e-03 1.128762436207342464e-02
-1.326276725205882039e-03 1.155236770016128053e-02
1.344084427317467079e-02 -2.150243480311080872e-03
-5.643175651239257240e-03 1.145431766706336840e-02
6.202346560211399913e-03 5.386684174204998607e-03
2.991148276591073726e-03 -3.594825856120821648e-03
1.390254597987936568e-02 4.087555345933681535e-03
-9.711730837965386332e-03 7.949405690001465352e-03
7.426424973170024646e-03 7.472356226298776903e-03
6.377351389292724645e-03 -8.393383091762546266e-03
5.926106505451821452e-03 8.176386942000101734e-04
1.450115172820717023e-03 -8.205458695364133137e-03
-7.556937309931253087e-03 4.656561944450767626e-03
-5.998407472676765655e-03 -8.551129764747023715e-03
-1.072896017196139917e-02 1.967164782429732528e-03
8.590513266708449738e-03 -7.588161501470791492e-03
2.923119523707424280e-03 9.060134145724228760e-03
1.046097024154039705e-02 -2.959687807719837537e-03
3.739028674325307108e-03 -1.778771505542344486e-03
-3.014340379593759538e-03 -9.333562100206809972e-03
7.801544357265269118e-03 -6.927883563251353675e-03
9.602857077142397738e-03 -6.097479843380579183e-03
9.276764896731074656e-03 1.090201139312172579e-02
3.444823515118768456e-03 5.815010665940557920e-04
