1.390515958424036469e-02 -8.085132539364155851e-05
2.278782651175009777e-03 8.455547706856633879e-05
-1.036625134879302391e-02 -8.959399141329055932e-03
-3.863750652956817085e-03 2.893342512004282857e-03
-1.101871429757021389e-02 -9.115258374206064787e-03
-9.534522680149822016e-04 -1.333195142402732528e-02
-1.271525229696134204e-03 4.937937179657766844e-03
5.461842606497947956e-03 1.580593351196581293e-03
9.896151075415596243e-03 3.408722525289776401e-04
-3.873553761553630119e-03 1.332837504185570288e-02
-1.162465262673119740e-02 3.430371890601283461e-03
8.320475104212159655e-04 3.831148253513539520e-03
5.362311101833956879e-04 4.499513267806706405e-04
9.103762610670933578e-04 7.160392102621119734e-03
-2.977897989072849846e-03 -1.584968001781807308e-03
1.408832052804736331e-03 -1.232568334323705080e-04
-8.131470742485095993e-03 -1.100041742681091839e-02
-2.291108334518224786e-03 -2.254386823487899982e-04
-4.614787417091389607e-04 7.706298551895520918e-03
-9.659057208640038812e-04 -2.115898423460565395e-03
7.846255719257693231e-03 4.495138617220338292e-03
5.779787798673293071e-03 -5.332359046641527503e-03
6.617135997600288519e-03 -3.063251734557523222e-03
2.820314449863043065e-03 -1.027534137578937912e-03
-4.260024595779400916e-03 6.477051060733669992e-03
-2.205754589034911433e-03 4.806729313468549765e-03
1.136223689435140148e-02 -1.561913171924870884e-03
1.233159122788122022e-02 7.083915427814065080e-03
3.319568510016574284e-03 -1.000232426641439829e-03
9.142304546135812324e-03 1.119590405397114311e-02
1.230879193703339480e-02 -1.289822100455429929e-03
-1.394121059635081844e-02 -4.387783849302803567e-03
6.154858987473243179e-04 -2.667903829661640285e-04
-5.193327917198766776e-03 2.299857635691180020e-03
-3.743942432192763885e-03 -2.227755611469132372e-03
-2.008543655543031537e-03 7.060860597957128656e-03
-4.656969037510925308e-03 -8.607127243376273135e-03
2.380964500092570824e-03 -3.615384910255755452e-03
5.592124434769114340e-03 4.692349550712219056e-03
2.682081588835029135e-03 -1.796228924951061463e-03
1.062972088859553792e-02 -8.311981342047393417e-03
-6.404022998593572082e-03 6.312601947577149708e-04
8.890617960270880138e-03 -1.416655316058279546e-03
-1.445010834420996319e-03 7.011557864582906863e-03
-4.745228666255558309e-03 9.855597643215471132e-03
3.164507545555673550e-03 6.963181169129239838e-03
-1.261255937002806263e-02 2.516865858660745012e-04
-1.522413547147462125e-03 -3.636715433779455931e-04
5.281332006934508216e-03 1.951289889413323087e-03
3.139057910454496302e-03 -6.295358884235561538e-04
5.816054768339508525e-03 -1.160710337674596138e-02
1.072044585826872551e-02 -4.933902227845010646e-03
9.508894497444152216e-03 8.687788855671479959e-03
1.225524370162434790e-02 -3.498611480037715302e-03
1.366902104869181268e-02 2.655697715408909896e-03
-2.580961489824111282e-04 -1.310682704168614774e-03
-3.356744429461691950e-03 3.762493538986133503e-03
-2.416104625404771021e-03 1.427742128352148601e-02
-8.989090733606198286e-03 -9.403384396347700194e-03
-4.660456810941445392e-03 -1.253857271473149577e-02
-6.047720158851919818e-03 7.418213437454154388e-03
-3.495474438920459590e-03 3.783168847781609619e-03
-3.189166967406681461e-03 -1.458394967542238699e-02
1.591274160715989289e-03 -1.116326157154426922e-02
-1.169912277784336020e-02 5.327220510792620572e-03
-1.282005492816464844e-02 6.681295630261244525e-03
1.163296649564716893e-02 6.436144501130805669e-03
-6.771102935198367728e-03 -2.174769607453552365e-04
-3.055561723226296166e-03 -1.414983578475075519e-02
1.162799735490424417e-02 -3.620236603756673763e-03
1.060563691219777553e-02 2.993444766792065660e-03
-7.059373008912445298e-03 8.831915750410499009e-04
9.994699096152101156e-03 2.081736663813471902e-03
8.089165898243771621e-03 7.908172936180813198e-03
-8.058540055743657407e-03 3.589017729281900504e-04
-1.499236005752739359e-03 -1.468608187490230525e-02
-5.443920855068904233e-03 5.589370059157567489e-03
-3.146325259325262816e-03 7.793658817462898770e-03
1.336778075508964284e-02 9.828672493254740107e-04
-1.047651699630441566e-02 1.808703597883827997e-03
2.122248932121255263e-04 1.536423879312737726e-03
-1.466721236946223923e-02 2.960123593204804122e-03
-1.592615515758889289e-03 -6.075293650367612035e-03
4.724749721263066943e-03 -4.995796565133168825e-03
1.221164585924785356e-02 7.782850086890330879e-03
-1.036443057059418388e-02 8.741321301731411588e-04
-1.189584515215964767e-03 1.178727413844592002e-02
8.389385901588105460e-03 -6.115635226498408045e-03
-7.408511717748571083e-03 -4.208884633307162330e-03
-2.683344850958094621e-03 5.487185247897562179e-03
-7.993902993609470304e-04 7.750493348514961474e-03
-1.060827134481369394e-02 8.245631035556233099e-03
4.200994484921134059e-03 -5.944804773499509816e-03
7.205085056134643770e-03 1.222851626729267414e-02
-5.086660181452531612e-03 -1.327850519147628049e-02
-1.800582691445760681e-03 1.096710734025092143e-02
-5.440899282013775956e-03 6.168546881857188413e-03
-8.874442593582639385e-03 5.151164988658742290e-03
4.604180547590346582e-03 -1.252371509055812474e-02
1.146220634722376272e-02 2.839681759171539584e-03
4.312738460394161151e-03 1.562687783302083239e-03
