8.646499098644935301e-04 1.769853251930472628e-03
5.266483748843529475e-03 -8.765509050999684831e-03
1.219070802260099548e-02 7.096241111157280956e-03
-2.166797693663138034e-03 -1.421952839424409087e-02
-5.076297810190226988e-03 9.316716188779867666e-03
1.945063162988132019e-03 3.266944933483002409e-04
-7.593643095472207144e-03 4.071435193954450575e-03
6.872398965636843104e-03 4.722301605903287541e-03
-1.050461197932570437e-03 1.628842277144442732e-04
3.631286975769449678e-03 -2.305158324194456730e-03
5.647653894564663539e-03 -3.521441284494775982e-04
2.377643656920050072e-04 -2.150225129238001343e-03
1.230786589911534237e-02 2.756163458398985279e-03
6.198733262839037535e-03 1.081460613874420280e-02
-4.168444123870896495e-03 5.901192556268200322e-03
4.412020256090764050e-04 -5.504120345032230584e-03
-9.824847319609655849e-03 1.285447449869061599e-03
-1.288107405932724381e-02 -3.628764401021685945e-03
4.758352618013739557e-03 -2.403763790940397112e-03
-1.153569084768182613e-03 7.908810173893181597e-03
1.003973059842805556e-02 -5.768483131849284559e-03
-9.876224392646529293e-03 -1.110211891313052888e-02
8.378947700967125795e-04 8.123889944631292048e-03
-9.312042503404163382e-03 -3.101629708902790914e-03
6.625744399954860281e-03 1.040098090528330903e-02
-2.603510148045986563e-04 1.455116562180189775e-02
9.705557901681710273e-03 3.008032184244275545e-03
6.374540665265473506e-03 -1.008663057456761665e-02
-4.046369817782411414e-03 -2.898676521204870266e-03
5.866068687936121587e-03 5.447880444331709010e-03
9.452491728281492769e-03 1.102700157105689950e-02
-1.108917324671080534e-02 4.401024057106852141e-03
-1.168273377801738950e-03 -1.348986657023785660e-02
3.449374537480605872e-03 -1.109350630177146670e-02
-1.334494727680451791e-03 -5.862252052799326631e-03
-7.634567270357149084e-03 -3.161149026851208139e-03
8.178719306982103893e-03 1.241145285571777779e-02
-1.356755594759323155e-02 2.393069011486659119e-03
-8.637829098198030950e-03 2.570600921278168478e-03
6.479071121082566158e-03 8.510829496771803518e-03
8.047348496525077305e-03 7.684726552401056551e-03
-6.081530935325580797e-03 -1.267982929346188510e-03
4.412547485375699005e-03 1.404003117219037970e-02
-4.819796369263962613e-03 1.568604815786557799e-03
-5.186853469545350467e-03 3.520953173111648123e-03
1.284943441591775322e-02 -9.610959210661865638e-04
-5.555832091985582477e-03 4.933217914998293437e-03
-5.967671501703207537e-03 8.445055663167206836e-04
-1.003589173522813002e-02 -1.005372984197094172e-02
-6.528852543558720523e-03 -7.974978546731093312e-03
-6.502726274928125744e-03 -1.198174860380578528e-02
1.006366771169664963e-02 -6.093161931850008331e-03
9.468717514480220337e-04 -8.510474673855440708e-03
1.067526164276871511e-02 3.833286691775212836e-04
-4.028379092239803803e-03 -5.302363856847147529e-04
-2.166818982017320368e-03 -1.076663792292232268e-02
-1.658381227482207338e-03 -1.396452295169812704e-03
-6.074621638068793648e-03 -8.940223729424353130e-03
1.431682444652014607e-02 -7.396757795289951413e-04
-8.456416483407006718e-03 1.235439477953526868e-03
7.625183490023314248e-03 -2.781340010443424104e-03
5.591582103595694846e-03 -9.621740193708872013e-03
-8.291987136487623949e-03 -1.210565392070422387e-02
-9.802289386392980600e-03 1.029518291129293515e-02
-1.147465244707767361e-02 3.078537827794635036e-03
1.383581992344891419e-03 9.915453336912342930e-04
8.533331465747379802e-03 -8.894285792871164595e-03
3.096139908566896120e-03 3.725343995161218072e-03
4.278337388944093191e-03 4.676405286957304938e-03
-1.358388007481079775e-02 1.069472878521875387e-03
-1.370578605743840925e-02 -3.713623975384849809e-03
