1.015856680779539216e-02 -1.527586466147434936e-03
7.462307459778325276e-03 8.219730371229949303e-03
8.710905629122188062e-03 6.264991869150811354e-03
1.167130501585184749e-02 -2.085818598765051129e-03
2.800421042287908405e-04 -3.289616454825725241e-03
4.203696867567744029e-03 -8.743508028565464760e-03
-7.480987639050035685e-03 8.604349129619399267e-03
3.360920210632806649e-03 1.906361806625470057e-03
-6.245513421464354148e-03 -8.022232247348127024e-04
-4.011658853076978393e-03 1.202744048637958193e-03
-2.340411067891304264e-03 -7.889715034721861073e-04
1.087518074803642092e-02 9.908604528263476041e-03
-2.747414157230112499e-04 1.727575513396189567e-03
8.352534774250021735e-03 6.225364474868736939e-03
-3.371649357146528497e-03 1.257465628207900601e-02
6.207610333516438116e-03 4.425559167746054810e-03
5.837839833219108342e-03 1.990630093293430450e-04
-9.419696306111032327e-03 -8.687308069859614110e-03
-7.882434500872592328e-03 2.393162413931340486e-03
1.203219844547291986e-02 8.529724530648446004e-03
1.467810125269963404e-03 1.362179663685227039e-03
-5.188027228694347751e-03 7.378166942605020318e-04
1.974216949765595589e-03 -8.264530684513137979e-03
-6.226034973779038389e-03 -1.031535207859045171e-02
-3.240441490947299462e-04 1.164042692273935123e-03
1.078545235196788112e-02 2.392491915021039035e-03
-5.523471023212881553e-03 -2.285009377599059397e-03
6.240212732959715680e-03 2.364264166162988352e-03
-1.195929815283748587e-02 7.718496465734289713e-03
-1.742551540991614089e-03 3.653958497121043017e-04
-2.672406249744023639e-03 2.718132600946623467e-03
1.049678871607330304e-02 -1.064271707084905351e-02
-1.111572322748644211e-02 4.379577277536846752e-03
3.689722318825834103e-04 -3.084454488575636907e-03
7.041509919775116796e-03 1.647363035519066633e-04
-2.051619662487274968e-04 8.893012765493441094e-05
-1.089213662097397207e-02 1.018044006072494831e-02
-8.165925217767197597e-03 -8.471513075213052760e-04
-9.502908457431928288e-05 -5.954071671812901333e-03
2.473343240414680594e-03 3.119707232272484441e-03
-3.152309631715762006e-03 4.534638241997747919e-03
-6.598583587833242031e-03 -2.403891560446203349e-03
-1.162318385937930859e-04 2.940920939036619484e-04
2.990095902911619509e-03 1.308278741291015596e-02
6.538679477451106795e-03 4.964440622181660011e-03
-1.128828279429189112e-02 2.407212403608713878e-03
-9.474810806014042578e-04 3.773894487383831937e-03
1.947713507241702205e-03 -4.543259773658967632e-04
1.700273802457330594e-03 7.739954758754005867e-04
-4.719523492148915795e-04 -5.265557710923898663e-04
2.403763790940397112e-03 4.758352618013739557e-03
7.255421187196799473e-03 5.043695410746949423e-03
8.560283781975644088e-04 -1.455497218876398297e-02
5.208303944794410306e-03 -2.939994901123792366e-03
8.984848776430451323e-03 -2.773534291237727319e-03
-6.907779478836994537e-03 9.476950072240740777e-03
2.585200428423247571e-03 3.416705209437246541e-04
-1.030832708375301748e-02 7.928959120488797072e-03
-6.550206892379575006e-03 2.205626819530465653e-03
-1.056093970753600036e-02 -6.376146906862103711e-04
-1.039355305973188419e-02 -8.460145081176666595e-03
1.439911295588947732e-02 1.508491326974534079e-03
4.734499519742055469e-03 4.625420445491505543e-03
-3.117184657526567105e-04 1.304925897555519240e-03
1.022549591301610480e-02 -2.385211381174492939e-03
2.100794626360476085e-03 1.103116775041673367e-02
-2.396164415308281795e-04 1.024219624694454669e-02
-6.657146700398152740e-04 3.749243120696041029e-03
4.400204486844187801e-05 2.125573762551570892e-03
-1.987340901522415514e-03 8.126968322392047559e-04
-9.933352013073082007e-04 9.740291842539949146e-03
1.103116775041673367e-02 -2.100794626360476085e-03
8.708766362896850320e-04 -3.838173248352336371e-03
-4.599843040885663072e-03 9.702803714492301123e-04
1.269800923361975604e-03 -8.202902267796841757e-03
-2.566648018654841493e-03 -5.808813815946309994e-03
5.288357001773085625e-03 3.654214036121721746e-03
-3.951754742693700841e-03 -1.357805013098859143e-03
7.152568839368936976e-03 -9.924251054769203315e-03
-2.231331993639611589e-03 8.570948461760015749e-03
-1.091678798766176385e-02 9.898673650163360843e-03
-3.528306858438283716e-03 5.916168583863843852e-03
-2.512172366283149227e-03 4.549614269593391450e-03
9.363496347403821654e-03 -4.936085103820304562e-03
-4.393882806222188832e-03 8.192300890786645418e-03
-2.304360055780851815e-03 3.679663671224259885e-03
-9.175832983499642923e-03 -5.088623493533441997e-03
2.932043868366944819e-03 7.551365356937924517e-03
-1.423808080401521743e-03 7.633940988663440695e-04
2.466414363694064554e-04 -8.539272100236148036e-03
1.166162967676084329e-02 -3.007722274760613566e-03
1.739901196739404576e-03 4.156246210032345841e-04
-2.706732955521459587e-03 1.514462514390614578e-03
9.834043232071921353e-04 1.205167689315823562e-02
-6.612122499487825891e-04 -5.123748467725844184e-03
-5.415190217377296132e-03 -2.360400593603489625e-04
-1.479209770693767044e-03 -5.549048427818724025e-03
1.274973842363309306e-03 1.591992996621745607e-03
-1.253423061938354482e-02 3.580930434972512399e-03
6.321862326771263401e-04 2.358037439740299189e-03
-2.632778855463310547e-03 2.359761746073316124e-03
-1.015080684732418137e-03 -1.403636745042958350e-02
-2.694407272172316052e-04 1.655345719666536774e-04
-3.564485640053182379e-03 1.280446961501552350e-02
-5.830016569965565561e-03 8.814811784373906625e-03
5.700405240604699761e-03 6.741318868950929057e-03
4.619193719066314041e-03 8.735269805407522292e-04
5.177425851683930234e-03 2.386265188597208424e-03
6.233187738122281454e-03 6.613400194532283692e-04
1.165897933250863508e-02 -2.226701804045275006e-03
-3.441930956914881698e-04 -7.990715306709538640e-03
-6.005098711518997963e-04 -3.733468824689513605e-04
-1.150484440596578201e-02 -1.690726232870989887e-03
-1.040070582407376550e-02 1.193866977961698626e-03
-4.454489066896384977e-04 -8.336760478238489092e-03
5.480395016264992709e-03 -3.886549943807145711e-03
7.580263604706276651e-03 1.119060336546536319e-02
4.360354368859499681e-03 -2.085020330350304766e-03
-6.249089803635974813e-03 4.024782804833798751e-03
8.664381009505981585e-03 -6.436497628533545748e-03
-1.437803797137330794e-02 3.600281113155666575e-03
-1.068777292313999143e-02 2.780559286077665185e-03
-5.117521741300651815e-03 -4.946814250334025977e-03
-1.738176890405245759e-03 2.849340467135841413e-03
-5.698680934271901401e-03 -3.476353780812994725e-03
-4.543515312674006185e-03 3.236737339281024230e-03
2.910968883852135900e-03 2.442592916808865745e-03
1.586692308115966125e-03 2.870670990662263673e-04
-2.211055277539549467e-03 6.368770254896724547e-03
4.954765283092014971e-03 -7.460583153445526916e-03
-9.906848570537382312e-04 8.959271371825752034e-03
-7.176166398631510061e-03 -5.760437120492642102e-03
5.021694388312728484e-03 -8.318208068472585787e-03
1.725978976567837421e-03 -1.434715987826304731e-02
4.907857354962253012e-03 1.390873596641198709e-02
3.531883240608544357e-03 -1.074317461343359849e-02
1.787479623779467553e-03 -2.285807646013805761e-03
-8.338995862586788977e-04 4.260822864194147713e-03
-1.514845822906407419e-04 3.136407566200925898e-03
-1.019583104822090799e-03 -5.163375862006556842e-03
2.005765541786157236e-03 5.077096078603831469e-03
1.085713941629417971e-03 -3.005199700011708386e-03
1.076345132953366104e-02 1.329705033745253590e-03
8.172151944191028208e-03 -4.760875192762644738e-03
7.416708878081531252e-03 -8.527744685307680692e-03
1.322552269402011609e-03 -1.109439270396436620e-03
-2.468968589828312698e-03 -6.357626148487475473e-04
3.440174999196735171e-03 1.189620096878635496e-03
2.474397047830107204e-04 -1.228321453242439340e-03
-7.774440885437178955e-04 -4.829656373820821400e-03
1.000720999500941816e-02 -9.748115105792130169e-03
1.314176548537402192e-02 -1.504659405795163302e-03
-6.518530530854348137e-03 4.190317376801813536e-03
-5.461970376001251855e-03 9.776342854650182587e-03
4.694201626549680470e-03 -1.368409555247680244e-02
-4.907186856051952428e-03 4.759150886428486354e-03
2.025116219965180384e-04 6.920903430604043258e-04
-4.514489295400989262e-03 6.002448367267711540e-03
-2.563327175492330530e-03 1.207805256617882489e-02
1.024922124178448586e-02 1.942540588240368286e-03
1.858911149091213751e-03 -1.201642414946274898e-02
-9.763793283686147267e-04 -1.034875274644983696e-02
1.023861986477542924e-02 5.066622471099221058e-03
-9.135407320802823444e-03 1.863956298586740782e-03
-1.210720635295514658e-02 6.027898002367745173e-03
9.616108971188166293e-03 3.630488707355844762e-03
-1.118954955804264684e-02 -7.822658159993759255e-03
9.318440495111521976e-03 8.341262898329522210e-03
-7.256187804217323692e-04 6.309792182434000030e-03
-4.202770829648333310e-03 4.697522469712191867e-03
-3.939429059350485832e-03 -1.216921807818635917e-03
-5.344684729984743379e-03 -5.920671003953516948e-03
-4.812030001971826475e-03 -6.437136476055943350e-04
6.305289762342966911e-03 9.598610368843617582e-03
7.845652014918172434e-05 -8.027692356739182800e-03
-1.153917111174321969e-02 -2.894396319426998342e-03
-1.391483492333137062e-02 -8.410523506019208784e-04
-3.514256868760909890e-03 9.322016877283142641e-03
-8.017090979730127909e-03 -3.202538403008034495e-03
-1.505585443712291558e-04 -9.095779926523469942e-04
8.417228495122218955e-04 4.753051929509101090e-03
1.110604788839679793e-02 -5.301480953531266874e-03
3.241239759372057348e-03 -4.329476275747878161e-03
-1.992641590028194996e-03 2.374737773668740212e-03
1.034357982744850239e-02 -1.077127459278720382e-02
-4.772274838186449028e-03 -1.235902070832452411e-02
-1.431548351673781957e-02 2.587115807035095943e-04
-1.750374804245157304e-03 -8.648478943991146778e-03
-8.867690899917245878e-03 -1.566543361519207901e-03
1.753152918002031605e-03 -3.489477732569814649e-03
4.646495430006314029e-03 3.742729203870024356e-04
-2.564923712323185015e-03 -2.543848727807015205e-03
-5.819574613859959493e-04 -5.840490177471317421e-03
4.278577005546447404e-03 -1.194419435573739613e-02
7.668523233452270542e-03 -7.272121521125241364e-03
1.250427856419247634e-02 -2.300655904104784502e-03
1.379952912265563006e-02 -2.910841114348832435e-03
-1.060586779032385296e-02 1.282797105615491630e-03
7.731875956501363389e-03 -3.302740406583687480e-03
-1.532088886234385329e-04 -1.285575219370082439e-04
2.527403932887904194e-04 -2.790362394671975013e-03
-9.585358647582351010e-03 2.400187408768776013e-03
1.031097742800408251e-02 -8.709979591202773874e-03
-1.615846094893428828e-03 8.304158078795212394e-03
-6.090452457003452114e-03 -8.765636820505493670e-03
-7.198295190570176347e-03 4.533712204079696356e-03
-9.128254556459580379e-03 -7.790055760550482558e-03
4.819853265225369256e-03 9.657588441308845306e-03
-2.798313427428822560e-03 2.090321018854723358e-03
-5.638904593393069195e-03 5.320033363298312494e-03
4.094362254308083100e-03 4.610444417894719697e-03
2.818462374025580350e-03 7.064436980128750189e-03
-6.016498356943943485e-03 -7.920337588821648941e-03
-4.090785872136461568e-03 -9.437450447463332018e-03
-6.344118888210294530e-03 -1.929288866979102148e-03
-8.576249150270581116e-04 -6.692910522071351259e-05
1.323692233945164554e-02 -6.907523939829025850e-03
3.669062294213842369e-03 5.428441938638562704e-03
-9.280665176668272467e-03 -6.076626354951418854e-04
-7.895558452630555002e-03 -5.058671438341232063e-03
7.152441069864273054e-03 1.432685151076419552e-03
1.116409992294011000e-02 2.299411024398222494e-04
-2.728733977955680526e-03 4.516756331148291323e-04
1.112009787807302814e-02 -1.895632660110606327e-03
-6.153006911638940479e-03 -5.424067288053336690e-03
3.368072974976048413e-03 -7.747650252511752850e-03
-5.550772734152881541e-03 -1.785755317445308953e-03
-2.747286387722945589e-03 5.918818928116053799e-03
8.915269326957310156e-03 -1.134888905497832660e-03
1.119232767179952071e-02 -4.315298516567200870e-03
6.040862533235210035e-04 -4.453659147099660147e-03
-5.181002233855551767e-03 2.440740840971403463e-03
-7.543414324181076103e-03 5.889824562234310425e-04
-9.272043645001999288e-04 1.571716280519180713e-03
-1.606042986296616877e-03 -2.130874451056208926e-03
3.873425992047823015e-03 -1.971438836008721288e-03
3.480728431398220739e-03 -3.214736316846803291e-03
-1.480934077026783546e-03 -8.814013515959159828e-03
1.098106674863026655e-02 -9.975278094475079418e-03
3.752819502867661694e-03 -4.161291359528796613e-03
5.389612812772595976e-03 4.000259207651814947e-03
-1.039805547982155555e-02 4.128465072463609331e-04
5.463694682335410238e-03 -6.511377766511105940e-03
1.523339585065513037e-03 -3.682314015476468964e-03
-3.343421608289618829e-03 8.029416663072200602e-03
-8.181252902496492438e-04 1.093163624575274259e-02
8.392162168530734392e-03 5.866993619995430030e-03
8.507595738710922034e-03 -1.738049120901941861e-03
1.254297992055513830e-02 1.386958799876322063e-03
-3.026274684526517305e-03 -6.194486381758477177e-03
-5.647653894564663539e-03 3.521441284494775982e-04
3.314267821512155258e-03 5.618085147892377257e-04
8.593875522113648274e-03 -7.518666839378762914e-04
7.930811196326260221e-03 2.216355966045328949e-03
-1.146521701168370932e-02 -2.049097087743156215e-03
7.133888660097226567e-03 6.899828446080146990e-03
-2.801889809600443225e-03 6.917327048423334811e-03
-1.154335701801880755e-04 7.605042740897371457e-03
7.068811630713976203e-03 -3.345177566004826734e-04
1.298498021457896237e-02 3.193789101836440152e-03
-1.443957026998280400e-03 -8.391363900117129043e-03
1.285575219370082439e-04 -1.532088886234385329e-04
-1.143274238174373653e-02 7.246544116520541208e-03
-1.705574490961968628e-03 7.880454655527743043e-04
1.337237708672278473e-02 5.999127524104058695e-03
-6.181362430008945042e-04 1.047810853680360924e-03
-4.797980012295594530e-03 2.762134645815065778e-03
-2.490969612262533637e-03 -1.698549496124532885e-03
-2.214503890206505343e-03 -1.611599213802857814e-04
2.336834685719683165e-03 5.615977533040798428e-03
5.714582999786737942e-03 -1.209769043475393720e-03
-7.810204707153387774e-04 -2.650344252209404193e-06
-6.465651415309866569e-03 -7.315583164590501453e-05
7.671844076614781072e-03 1.061474486099989525e-02
6.588908248742237836e-03 1.481987884450641346e-03
-8.935546043057372712e-03 3.337067112361123428e-03
-6.218083941022191710e-03 -1.265841349073396592e-02
-8.873789856836631143e-03 -7.315453067083381791e-03
9.043826848894317288e-03 -1.288097794121271546e-03
6.145055878880951485e-03 7.767128700198210056e-03
-8.463593693842480156e-03 3.863622883453513620e-03
-2.529670968626337481e-03 -5.386164200104279209e-03
6.319339752019198855e-03 1.300445866226427813e-02
-8.770011471090717950e-03 3.606507839578355305e-03
4.226496158406701652e-04 -3.697705002964546059e-05
1.359609146273991868e-02 4.430541014465386868e-04
-1.002921101744363823e-02 8.685328224516345591e-03
1.381715549450348093e-02 -4.331998850496784209e-03
-3.301942138168940249e-03 -4.209253095090142831e-04
2.549947684726400036e-03 3.183985993240988875e-03
5.609750806615606059e-03 3.271191814563125400e-03
2.342263143728766980e-03 -7.302999614235501126e-03
-1.384525547385708800e-02 -2.479697736343175127e-03
1.838506663485344741e-03 1.542690263247524247e-03
-8.563795697418132707e-03 -1.188534405277797551e-02
-2.879420291831574687e-03 1.089903384630810240e-02
-1.080307872381573372e-02 -9.713341788730881290e-04
1.631620390902458698e-03 -1.633344697236617299e-03
-4.841982057164036408e-03 6.365608832634944529e-04
-7.103138336491412151e-03 -8.691523299555262150e-04
-9.527977111947978639e-03 -1.073627738809946643e-02
2.430650541977844893e-04 -3.712266070667537450e-03
-4.301248526890968926e-03 -7.786479378378861893e-03
-4.749475547337480424e-03 -3.985283180056389991e-03
6.047567522338218038e-04 1.421422770574081243e-02
-3.536257891195130395e-03 8.259229996007358063e-03
1.019116920723867059e-02 -3.588881467730502262e-03
3.456077064711790721e-03 -3.496502727407250610e-03
1.486234765532563028e-03 7.251972574529624155e-03
5.651900775646584787e-03 1.348873669482238483e-02
6.084609039087470177e-04 -1.969714529674562471e-03
-1.828033055979592664e-03 6.690164059740386429e-03
-1.547064913833892143e-03 -6.454379539383923699e-04
-1.303600725428483847e-02 -7.022287011097770593e-03
1.762637184785293461e-05 -1.421157736147951557e-03
1.232204365829602140e-02 -5.194924454028478945e-03
2.668829867572402106e-03 2.108873428621987987e-03
-1.030462293207558798e-02 -8.254983114926797705e-03
2.667105561239604614e-03 -1.156091659515946345e-03
1.296125488581058305e-02 -1.133962867578421074e-03
1.667671403014053030e-03 2.835290477458467587e-03
-8.285988977542597641e-04 2.698781922763470592e-03
6.446300737127855576e-03 -1.770651520345219426e-03
6.248163765716563227e-03 2.120275401947370811e-05
-6.841393103010546574e-04 -2.140549790147214422e-03
6.819647619596806883e-03 -2.371161391497119113e-03
3.266561624968787950e-03 1.462017698765304130e-02
1.295065350880152469e-02 1.990119015280431697e-03
2.823763062529999809e-03 5.502396038698072200e-03
1.452834097673178209e-03 2.002316929119200492e-03
-7.335474244174333344e-03 -1.163790434799382399e-02
1.725595668054500948e-04 1.972364873928132874e-03
-1.133321087707974545e-02 4.327624199910415012e-03
6.500904159005354080e-03 -2.769159640652500871e-03
-5.762161426825440462e-03 3.911201310493575729e-03
-4.446506382748910500e-04 -1.025809831246139985e-03
-1.068764515363554435e-02 -8.576376919770459586e-03
-1.473375848199326432e-02 2.779633248158253599e-03
1.319901925149801879e-03 -3.284187996810979506e-04
2.062093269996671807e-03 7.343553046436987128e-03
-6.433049015865228114e-03 -2.134450833227830458e-03
5.533146362303886616e-03 3.206913053594621834e-03
5.389612812772595976e-03 4.000259207651814947e-03
5.960298398236731944e-03 -5.703055584858269730e-03
-4.315426286071646217e-03 1.646085340486027650e-04
1.008633701407004105e-02 8.920793903077987169e-04
1.088364285881627484e-03 -3.786220170727046946e-03
8.934620005139320281e-03 7.089184464932913460e-04
-2.894396319426998342e-03 1.153917111174321969e-02
1.322632096244258718e-02 -3.783442056970173079e-03
-9.722602167911379573e-04 1.484906428267014980e-02
7.373377332123389957e-03 8.014568404981221861e-03
6.128355544951149137e-04 5.142300877491747489e-04
-2.192119559261012686e-04 -3.316918165764365205e-03
6.581883253903440985e-03 -2.209362622602596520e-04
-6.618062035519700105e-03 7.109237293410796549e-03
1.925584715302816260e-03 9.839823347203940224e-03
-2.956823004558040494e-03 3.523804438347251031e-03
4.136767762347030516e-03 -7.885883113538407624e-03
5.334211122478990652e-03 -2.312183319034395029e-03
1.065564995032659314e-03 -1.215995769899518020e-02
6.617135997600288519e-03 -3.063251734557523222e-03
1.820880291637491915e-03 2.963847999395475587e-03
-4.490252888612591628e-04 -3.509754448669877205e-03
-4.499385498302260408e-03 -5.994625104014167892e-03
-1.159642487787428816e-02 -1.114867728405521084e-03
8.674854617011734312e-03 1.796356694454365795e-03
-8.021593399818657821e-03 5.670453185413631275e-03
-6.849375787171619115e-04 -9.451500437140705410e-03
3.351244871541801153e-03 9.844581306299076198e-04
-5.402736764529415467e-03 -1.145209305992574839e-02
9.276162756577239349e-03 9.480654223917027099e-03
-6.301841149676011035e-03 -3.068680192566607470e-03
-3.259664399634657189e-03 -1.560316635096519172e-03
1.294005213179110804e-02 5.114200898138143020e-03
-8.407265965630824137e-03 6.130079851285307954e-03
3.863622883453513620e-03 8.463593693842480156e-03
-4.665238912058078738e-04 -1.344553291836868975e-02
-3.072128805232421898e-03 -2.280890266023601846e-04
-2.159900468329007273e-03 -1.159668041687567010e-03
-3.554682531457730235e-03 2.369437085162960730e-03
-5.714710769290040973e-03 1.256670524932215587e-02
-2.214503890206505343e-03 -1.611599213802857814e-04
1.012516613993600691e-02 -6.777242111557857732e-03
-1.126455746552487355e-02 6.734964373022432789e-03
1.541764225328112661e-03 2.207478895367927935e-03
9.289286708329976385e-04 1.693248807618753403e-03
-5.736584022220958881e-03 1.469821621996078402e-04
4.287485727611970408e-04 5.711932655533167105e-03
1.118986839982996986e-03 1.360139215124569860e-02
-3.538780465944036009e-03 -2.316685739124066824e-03
-5.732081602130411485e-04 -8.726009426213407515e-04
4.720449530065824392e-03 1.219572152070845213e-03
1.269446450284441794e-02 -1.749448766325745717e-03
-2.115898423460565395e-03 9.659057208640038812e-04
8.119272828646545773e-03 -4.974019843149270551e-04
4.280173542376159573e-03 2.677706938249803121e-03
-1.243734945897040194e-02 1.443030989078868814e-03
4.713296765722581327e-03 1.087358421120806704e-02
-3.465624634298131862e-03 -8.782337154433933826e-03
7.741423526087703663e-03 8.976099475257497823e-03
-1.320827963070355781e-03 4.374404358535731625e-03
2.626552129038119045e-03 3.248264754209492441e-03
-1.404998967737382601e-05 -3.405848293419299656e-03
1.149066664678510602e-03 9.641814145298453894e-04
-7.586490331130106395e-03 -5.582576865181412308e-03
-3.260590437552707884e-03 2.485668923757896037e-03
-9.298547087524093330e-04 2.352736751234519273e-03
6.655039085548203684e-03 -6.686587677568765764e-03
7.547788974766303852e-03 1.894962161201666200e-03
9.886475736324590313e-03 -5.810314234665839295e-04
-6.649738397043566084e-03 5.124546736140590981e-03
-5.460342187749839520e-05 9.985081203072814458e-04
8.486392984691448760e-03 4.510114644814620932e-03
-4.201270410929061616e-04 1.061289278516243037e-02
1.477245983835842949e-02 9.079814558226343910e-04
4.918586501475755851e-03 -5.722821222949900193e-04
1.169343380778572940e-03 -1.237996792333444836e-03
-6.515369108577770928e-04 -4.201844791730281747e-03
-9.092331313852432262e-03 8.035515619992727315e-03
5.956849785569776068e-03 -1.223298576113527984e-02
-8.187957891585893704e-04 -7.736250607086589404e-03
-3.741292087939193482e-03 -3.008776082183329051e-03
-1.284767339146921858e-02 1.620891244387595402e-03
5.725982645210541365e-03 2.977099720658103049e-03
-1.257730662633257598e-02 -2.590628886432330517e-03
-1.155165621597895650e-03 -6.713091120094018954e-03
8.946945688482536158e-03 8.498016517735143549e-04
9.959503798466049981e-03 4.310253367071673405e-03
1.090088592214644202e-03 -5.212550825866102758e-04
-3.898875627150360720e-03 -5.621278221545216586e-03
7.742477333510420015e-03 -6.426822289442539818e-03
-4.648347505843777178e-03 7.717698197320685231e-03
5.534200169727744416e-03 -1.219600871110677540e-02
-5.666206304333070050e-03 5.819287423452062721e-03
1.070632533290725649e-02 -8.247702581078888984e-03
6.542255859621586012e-03 1.374345926144090145e-04
4.394553305131129392e-03 1.047558596205268658e-02
-6.134710040879644971e-03 1.182266182863782496e-02
-2.027671610006233881e-05 2.202178206863290334e-03
-1.045093459536739974e-02 4.676319715692936300e-03
1.321306924117996058e-02 1.216602966028768051e-04
-1.418092431996350287e-04 4.058311242196487902e-03
9.993032235828739132e-03 -1.797027193364666812e-03
1.340178641251006317e-03 -2.530597006545749067e-03
3.794969471898641290e-03 6.056253520730462379e-03
4.626218713905110892e-03 2.576451127251653227e-03
-9.048201499479543303e-03 -1.195846823303826131e-03
7.252898612449036608e-03 -5.532220324385835920e-03
-2.449617911646301271e-03 1.208044737142376784e-03
-4.458959835605440063e-03 9.579546881060148865e-04
1.125213566406827164e-03 7.993365650961746852e-03
7.132930970785177939e-04 -6.450675387714223039e-03
7.770449543360721453e-03 1.174181050324418253e-02
8.778760772262313161e-03 1.361381395270480459e-03
-3.879524948967207412e-03 -3.777470869555453036e-03
-2.062093269996671807e-03 -7.343553046436987128e-03
-6.596061013085479166e-03 8.172024174686582862e-03
-5.426717632306906659e-03 6.934027382353137592e-03
2.398590871940423867e-03 -5.036542646403707225e-03
-1.356441510121469268e-02 1.541636455824808329e-03
-2.863390456812072923e-03 -5.144025183825905873e-03
-1.115879923443683329e-02 -1.791982043869139347e-03
-1.268731173850231805e-02 -7.904563292810116298e-03
5.680256294009301994e-03 -2.413439130031402608e-03
-2.023391913634009845e-03 -3.655938342455880563e-03
9.331692216374148571e-03 4.436160544756472326e-03
-7.289747892974235421e-03 -6.247365497302958745e-03
1.317701822906972714e-02 -4.346974878091066849e-03
-4.267049590616836877e-03 4.774126914023911310e-03
-5.345738537407457996e-03 9.482250760746520693e-03
-1.259071776847988126e-04 -6.278115820919003259e-04
-2.125573762551570892e-03 4.400204486844187801e-05
9.186434360508699548e-03 1.964541610674589659e-03
3.884825637472987328e-03 2.215429928125916929e-03
9.728093928701178617e-03 -1.050448420982103871e-02
4.423707091908592529e-03 1.884360784191249118e-03
7.325160057558644314e-04 6.750068170122523400e-03
1.045288278932597625e-03 -9.957779492131890731e-03
3.013150732769697381e-03 -1.257347470515456263e-03
5.464492950750157035e-03 7.995728804812427329e-04
-2.429341195546238716e-03 -9.941334697209135499e-04
-1.709023103630285829e-03 -5.741884710725377906e-03
-6.011325437942608915e-03 1.874557675596938856e-03
2.791160663082373726e-04 7.563691040289085427e-04
-4.266123552698786181e-03 7.281413551694965354e-04
6.006024749438190757e-03 -3.125167341662617344e-04
-3.953479049027859224e-03 -4.622770101237934706e-03
7.889459495710028289e-03 -6.902382672215813704e-04
1.833078205476261144e-03 1.446166741052382423e-02
-1.187739302001998912e-02 6.220734285273258474e-03
-6.293091848504416691e-03 1.899209042282227859e-03
4.609518379976669002e-03 -4.837669545366789225e-05
-1.273846654771286155e-02 -3.761249962258251742e-04
6.675986300559709138e-03 9.779120968407056455e-03
7.958911175681007005e-03 9.028052552883927828e-03
8.885030081361771845e-04 -5.259330984501429593e-03
-2.484742885839844474e-03 -7.306575996407122658e-03
7.501934854060398825e-03 7.861359516357782976e-03
-3.938630790935739034e-03 6.094028839173712755e-03
4.964440622181660011e-03 -6.538679477451106795e-03
-1.106642049411358034e-02 4.943110098657740523e-03
-6.476125022815619296e-03 -8.306010154633816991e-03
-2.983198677577487447e-03 -2.292706035363252515e-05
-6.043927837387247370e-03 3.935852677178864299e-03
1.203935120981501974e-02 -1.124287528487415144e-03
5.988398377590337281e-03 1.108641001981689606e-03
1.404511675160117698e-02 3.952808550116415458e-03
-9.176567949136403210e-04 1.385055616236286619e-02
4.280971810790906371e-03 9.988657585242151360e-03
-3.715044184424411752e-03 1.189489162236317607e-02
-7.243095503852223574e-03 -4.902812205465584099e-03
-5.613199419283922825e-03 -9.801121990841276527e-03
-3.777215330541775374e-04 -1.883434746273197988e-03
4.291700957304627785e-03 -4.492360503462322109e-03
-1.147661665710773132e-02 -6.235965851879153588e-03
2.553524066898020702e-03 -1.643020036327623012e-03
9.069276483987768079e-04 6.304619263429678483e-04
-8.850064528068251821e-03 -2.987701097668520132e-03
-3.371649357146528497e-03 1.257465628207900601e-02
6.107408329942146455e-03 -1.132340776848429417e-02
2.750735000389901031e-03 6.111112481609565304e-04
-4.061887624368109434e-03 4.685196786368975991e-03
-4.647995848716494904e-04 -1.018056783022961397e-02
-9.395300478434151547e-04 1.430833075238957270e-03
1.853482691082129936e-03 9.025529978135506852e-04
6.324640440524978771e-03 1.144241772083474072e-02
4.557693071854684343e-03 -1.118782525170848759e-02
-6.420723332522013105e-03 -1.993567627947606582e-03
1.332492642918852756e-02 -2.656376414725882332e-03
-3.162783239221514733e-03 -3.698216080990163190e-03
8.827137467715979319e-03 5.970899775247148593e-03
-1.189492327375331598e-03 -7.916761206650028276e-03
8.636153260647930902e-03 -1.891258009525380746e-03
-9.470851115321355512e-03 -1.158869773272819780e-03
-2.094823438945756042e-03 6.074678160993062653e-03
-8.058442680344998083e-03 -6.109132636273802500e-03
-6.851323981122033752e-03 3.864708342257712308e-04
-4.632030480432973440e-04 4.441333463756445138e-03
5.284078469298524733e-04 -8.563923466922579789e-03
7.713451316243330642e-04 -9.192533317433527074e-04
9.713916169520501326e-03 -2.553396297393574921e-03
-3.876874604716139781e-03 -4.558491340269431140e-03
-8.194152966625248280e-03 3.698088311486859292e-03
3.068552423061942681e-03 5.055095056169611398e-03
-7.458954965231553817e-04 8.511970389296148048e-03
-6.570355838974972773e-03 -6.949131179451866445e-03
-2.121869610886656333e-04 -1.613994019054605655e-03
-9.607328018626701792e-04 7.678996840958024137e-03
4.093563985893335436e-03 -2.700506229097628975e-03
3.403197949167089710e-03 7.669704810379651683e-04
1.053111542184779733e-03 -9.439046984297831590e-04
-9.041176504642107342e-03 5.070773234059321177e-04
-5.267282017258276272e-03 1.454558404007336592e-03
4.398257456807415713e-03 -5.708356273361546440e-03
-6.964649936456304485e-04 -2.281432995428579746e-03
-7.355750960275537348e-03 -9.435726141129172767e-03
4.205421173901903280e-03 -5.478542940426388980e-03
1.261348540794747335e-02 -4.297672144719347394e-03
9.076429248337595720e-03 -3.349392795704338871e-03
8.235376897735674842e-03 1.056544212762703348e-02
-1.420231698229900861e-03 -4.063611930702267817e-03
1.080413253123638489e-03 -1.443158758582172496e-03
2.137101177480039537e-03 -7.214069486580567542e-03
1.150312009963162449e-02 -1.574238855268085893e-03
-4.481759126453266351e-03 -7.415782840163480556e-03
-5.711804886029863207e-03 -1.092818763308556727e-02
-3.530701663688889675e-04 -1.601668335711390646e-03
5.661831653744637399e-04 -8.303232040870575821e-04
5.032167995817338896e-03 -8.535374548331335284e-05
8.119272828646545773e-03 -4.974019843149270551e-04
-8.124573517150965665e-03 2.059442925745604176e-03
-7.609417391483739787e-03 -2.599378187603925295e-03
-8.099123882050930298e-03 9.652159983299761492e-03
-2.002189159614535703e-03 -9.904102108172444657e-03
2.786913782006160585e-03 -6.277189782989580150e-03
5.232827541977536426e-03 8.698707715283419267e-03
-3.247210946786777824e-03 -1.277636963566191816e-02
1.868330949173108678e-03 1.161935193822655893e-02
9.103762610670933578e-04 7.160392102621119734e-03
3.161857201303464038e-03 7.744201639844577531e-03
-1.314729006149828634e-03 1.012331406409854376e-02
-1.025889658087549179e-02 -2.864444264235930290e-03
-7.078486969804981266e-03 -5.873859193950797634e-04
-8.440538863985543733e-03 -1.047651199997073901e-02
-5.635328211233961090e-04 4.930273337307953261e-05
7.597889976555270708e-03 9.769445629316050525e-03
-2.296855634318535622e-04 -1.154977248875227631e-02
4.941513561829388376e-03 -3.555480799872477466e-03
5.937371337884460309e-03 -2.719856907279640402e-03
9.345869975554827597e-03 -3.514927367670991898e-03
3.406646561835406910e-03 7.296900657316116728e-03
-1.404074210101480952e-02 -1.468863932692679106e-03
4.335703002171708773e-03 -2.366786740911893533e-03
1.822349058964555912e-04 2.894268549923694443e-03
6.254390492141754729e-03 -5.586823746263335291e-03
-7.600540320806339206e-03 -8.988425158602071988e-03
-2.896918894174762074e-03 9.632553766104339117e-04
-4.665047839772218201e-03 5.092870374615364112e-03
-1.159827695371174958e-02 6.977103389302167016e-03
6.079978849498842569e-03 5.327824975162203693e-04
-5.335935428813148168e-03 -9.527817691046811845e-04
8.251278963250511383e-03 5.879319303338645039e-03
4.790156749043412640e-03 -1.177600943951717313e-02
1.029335105615623164e-02 -7.288821855054824703e-03
4.022451302373034401e-04 1.352213736268040832e-02
-7.041382150270670583e-03 -1.152167250940003100e-02
1.651897107002521037e-03 -3.835522904099907850e-03
5.258532716086682796e-03 -6.422447638856172356e-03
-3.881377024805812009e-03 4.314500248153595521e-03
-3.395246916410242597e-03 -3.110031893181478945e-03
5.922267540784370565e-03 9.277216564001097149e-03
-1.361125856261369456e-03 -1.393511163943143318e-02
-8.246106044250538572e-03 3.915575961078802611e-03
-8.903741912027699629e-03 -6.035178536215653027e-03
6.561734307308043218e-03 -9.375694261242590449e-03
-9.536055914209272399e-03 2.963720229892172122e-03
-5.997275448266596413e-03 5.280405969015097498e-03
2.407340173112017777e-03 -6.865341155487211279e-05
7.839358493923561169e-03 -8.564721735336185138e-03
1.089558523364228884e-02 -3.650509884446796315e-03
-7.797080755389278542e-03 7.425330409748680249e-03
-2.210129239620137447e-03 2.322784696043451221e-03
7.966862208437855419e-03 6.684991140740413618e-03
-2.381762768507536630e-03 -3.695565736739095993e-03
1.340232914191499466e-02 4.718852993234969040e-03
-1.123617029578475451e-03 6.628535643024310517e-03
3.067754154647195450e-03 -2.255855590822738142e-03
-2.951522316052261011e-03 1.961763496917715358e-03
3.479802393478809153e-03 8.312492420064691682e-04
8.694205295193746172e-03 3.640164046445489368e-03
-3.181335648988779363e-03 1.768927214011061042e-03
5.973422349993552302e-03 1.748778267415663709e-03
-5.159001211421330828e-03 3.503527722247188475e-03
1.138465287669454193e-03 4.088263297388697835e-03
-7.721434000379379797e-04 -6.391697315250357073e-03
-1.252097889812091649e-02 -3.241719186005366168e-04
-1.235346448081235757e-03 -1.950363851493911718e-03
1.325972163030197243e-02 1.466213588440250584e-03
6.956028404785996773e-03 6.489504513581550657e-03
6.510480004096696582e-05 1.221534467941122817e-02
-9.065455805739419670e-03 -7.828536876610567644e-03
4.186282534482504633e-03 -1.359212132349426304e-02
5.630071297443409693e-03 -4.028496926302872413e-03
3.599048492124327925e-03 -3.571176715912896364e-03
5.568341333677302891e-03 8.391561973760539722e-03
-5.327470541123113524e-05 2.732072990691952405e-03
-5.347263878073300371e-03 -7.862207004861374721e-03
-1.472973408121089909e-03 -4.782120644650917664e-03
-9.319684273993111140e-03 -9.670928562712576698e-03
-5.534884950303830750e-03 1.093482261130733317e-02
1.247497782892574222e-02 -4.104160039523587454e-03
-9.824271488951093895e-03 8.980043653620974455e-04
-2.033708776392503630e-03 -1.279857297477550969e-02
6.472571828949608488e-03 -1.930351887093574885e-03
-3.972553717552223564e-03 -5.073285092447396387e-03
5.231602695699858092e-03 5.710068655395846536e-03
2.375960642696638570e-04 -1.482996948706834413e-02
4.501798436701983167e-03 1.354158637196348528e-04
5.976465717237150997e-03 -7.260414425215179881e-04
-7.490650921600474493e-03 -1.736592281273297315e-03
1.012449321363071905e-02 3.415225870015614704e-03
-1.337621139823824169e-02 -6.443605284450748365e-03
9.729439517327253401e-03 -1.056313223139188767e-02
-1.362814758872471499e-02 3.106724101438973051e-03
6.128748853352374275e-04 1.079549504186156500e-02
-1.023520749781702162e-02 4.037589322732527616e-03
-6.579571244263146372e-03 7.489654426520734633e-03
-6.186833734809065247e-03 1.289859733629039086e-02
1.086366556717270615e-02 -9.188268066904247203e-03
4.069548380530468336e-03 -4.661429595146499710e-03
-2.104127805982253067e-03 4.447175164850814683e-03
2.831148349757615142e-03 6.001709257074286374e-03
1.403891461814757435e-03 -4.291805628808759501e-03
1.123101035443094600e-02 1.433595877711219425e-03
1.220492598665843566e-02 4.403187977688239642e-03
4.701144335948945728e-03 -4.084723101235728307e-03
-1.147334790655047190e-02 -2.289055290016919243e-03
1.163309380042730663e-02 -6.299440517480964230e-03
7.573563795019260664e-03 9.374656428345248468e-03
-1.133739538947388902e-02 9.193783391522799067e-03
7.851046933521248564e-03 4.876552150440661916e-04
1.379912440020937200e-02 3.856591451598838111e-03
3.601118913730951086e-03 -4.424996861455176775e-03
-1.418996835948702594e-02 6.698049741746383906e-04
-7.253107648588160566e-03 -1.559989474273074063e-03
9.033932786845024626e-03 9.044406323074294374e-03
-3.168170709628333193e-03 1.120778620933322346e-03
-1.448261827424450129e-02 -3.046273818258664768e-03
-5.967840824951665436e-03 3.892392821160326963e-03
8.439340981007716069e-03 -5.899390989808115694e-03
