-2.295482985104811691e-03 -2.709383299775029556e-03
6.814682180546748416e-03 8.524822976351972836e-03
4.407469776938606129e-03 -2.763459817940599160e-03
-4.318411879778435297e-03 -8.388314421656975842e-03
6.010399400024558220e-03 2.171427883257475051e-03
-5.518170334709603976e-03 -3.847050319028376495e-03
2.561890059551757883e-04 3.739567781605715110e-03
-8.139549544747180787e-03 2.699580191178898268e-03
2.550075454231635549e-03 -8.172950212605313569e-03
2.954970928720578212e-03 4.568166679360436203e-03
-6.433512034826185944e-03 -1.114580538010842906e-04
-2.989297634498451419e-04 -5.771836765921451503e-04
8.849266259659167595e-04 -4.323249549316758242e-04
8.159379649564655126e-04 -1.217360855446461207e-02
1.149954371746057455e-02 3.252767174299845115e-03
-7.788666703671474900e-03 3.059276218178419871e-03
3.629897918891584335e-03 3.763820014085343321e-03
2.758223014187722796e-03 2.910426154446501407e-04
6.076865486286246384e-03 3.336795747657624652e-03
-1.679071048438646619e-03 -7.022159241593786683e-03
9.641686375794579489e-03 -1.337304409376616904e-04
-1.408832052802233884e-04 1.232568334321514449e-05
-7.383052671214395887e-03 -8.936472080976783430e-03
1.149908069850155007e-02 5.275759953727051851e-03
4.714813592104893751e-03 -6.552330332919855185e-03
-7.905824580185249334e-03 7.399353870936034236e-03
-5.233753579895016397e-03 -4.652722156429683203e-03
5.732081602124702076e-04 8.726009426220210884e-04
5.478542940426959704e-03 4.205421173901222401e-03
8.909505619492504025e-03 2.450144815358910183e-03
-6.466114434269462641e-03 1.949836947781983468e-03
-2.732773379087116272e-03 7.301674442108826296e-03
2.986184271285418409e-03 8.575850016057850675e-03
1.724925169144550779e-03 1.055761886437669691e-03
-4.294686551011987589e-03 -4.060562452242575185e-03
3.778732156929225181e-03 1.408432918597934090e-03
1.114739958901074437e-03 -2.394886720261634990e-04
-8.222588195434005209e-03 -1.244755170177333677e-02
-1.305388916514544804e-03 1.711274313674550785e-03
-3.741292087939193482e-03 -3.008776082183329051e-03
-5.802124070563235460e-03 -5.064371261053813786e-03
2.023056664178859120e-03 -5.678005083964357026e-03
3.655938342455880563e-03 -2.023391913634009845e-03
-8.481220065690905224e-03 5.284780619602144972e-03
8.117707943205826858e-04 6.033326460377510733e-03
3.553756493538889807e-03 1.676548473689631934e-03
-5.515519990456034007e-03 -4.628070789742573174e-03
4.797516993336569183e-03 -7.391418663878581742e-04
-6.766512965045934575e-04 -2.460618422864662910e-03
-3.541558579699549854e-03 9.821270937438035184e-03
3.998407131813781074e-03 2.702358304935771702e-03
-1.333153646412999849e-03 4.233521153254827737e-03
7.955462563012690239e-03 2.498122376605775401e-03
1.175055980441520528e-02 -2.802560308511205245e-03
7.713451316237621234e-04 -9.192533317426723706e-04
-1.085052938135056162e-02 -9.626838117702350012e-03
7.985190730579565244e-04 9.938428813950558882e-03
1.154009714966263214e-02 -1.151589239426274551e-03
2.041481304441459393e-03 2.117878268800409570e-04
-6.784394875899959348e-03 -4.711540808001444570e-04
-2.251017921276554732e-03 -2.606802316648843942e-03
-5.632214848010783960e-03 -2.310985916412165112e-03
6.778631168435724809e-03 4.056187801656207723e-03
-3.187434605914530195e-04 -3.979982491553817037e-04
-3.637050683234254941e-03 5.890192045051199574e-03
-2.069118264836039382e-03 -9.046477193147207246e-03
-4.511248162684518455e-03 -8.158501088721136635e-03
-1.663296752427685351e-03 -3.513458600347304757e-04
6.803282535122155694e-03 4.337954212216653740e-03
-6.260026430100752888e-03 -2.185078738726905188e-03
-5.270187900514153225e-04 2.494945128642098858e-03
3.535331853273435371e-04 -4.213244437151363497e-04
-1.583243695448219648e-03 6.242863077212605638e-03
9.571564196918389217e-04 -2.851990811387589489e-03
1.885159052605425191e-03 2.887243555084437023e-03
-4.028822205965806522e-03 6.009090053587023625e-04
4.811646693455111628e-04 3.471452226514017483e-03
3.630233168346734193e-03 1.309776344050558004e-02
-7.885084845131605426e-04 3.174182884640969855e-04
-7.098635916400379033e-03 -9.742143918377410561e-03
-1.004485754394936203e-02 -9.342421362889012301e-03
-2.085483349309900838e-03 -2.337361589431612065e-03
3.178685304735779683e-03 -9.879067432975445918e-04
2.711650335513902596e-04 3.099430516172422320e-03
-1.620220745478655276e-03 5.820213461370113417e-03
-1.384643705077902385e-03 2.428016023420704900e-03
-2.927333968325997789e-03 4.266522686906730304e-03
6.921366449555342582e-03 -4.048108999394233951e-03
2.765248009025729481e-03 1.993966762153728811e-03
-4.323249549322467650e-04 -8.849266259652363142e-04
5.712730923949275660e-03 6.882202074232294381e-03
1.113813920981663068e-03 3.806496886827109502e-03
4.671609815652559561e-03 -1.366953448477935956e-03
-1.122387626381951380e-02 -9.026328246550450324e-03
-5.248314647582313745e-04 3.736917437353967468e-03
-4.280636561335184921e-03 -6.547141588225955169e-04
9.618759315440376240e-03 2.849468236640506202e-03
-3.227988038109430753e-03 4.243739221748287112e-04
-5.161986805128690632e-03 -5.049395233457709686e-03
-7.410019132698675293e-03 8.967254055965230737e-04
8.206478649974125426e-04 -3.557205106199565984e-04
-2.589575079009044309e-03 -2.825615138368142536e-03
4.120402677872379328e-03 -1.176767509824633035e-03
-2.961069885639962176e-03 -1.031707638492461096e-02
1.494648817249007080e-03 2.885918382958222762e-03
-9.368797035904158008e-04 6.498126045254408196e-04
7.734063281793976397e-03 -2.060768097871138425e-03
-1.317609219115088715e-02 3.009893192384731006e-04
4.605941997805047469e-03 4.778629334114943561e-03
7.709874934067142450e-03 -4.365527287859473360e-03
-2.956823004558040494e-03 3.523804438347251031e-03
-1.109311500891552822e-04 -1.267948847524512888e-03
-5.032167995817909620e-03 8.535374548399336445e-05
7.245745848105793543e-03 4.121791734751386986e-03
8.848212452231359396e-03 1.107967221537552865e-02
-2.997376436758735462e-03 7.928160852074511711e-03
2.770085678571912891e-03 2.454918600152080754e-03
-3.124880151273027977e-03 -7.321552024002085310e-03
9.129308363882867455e-03 -7.612866004150233359e-03
-4.335703002171708773e-03 2.366786740911893533e-03
4.487059814957684509e-03 5.853741898732802568e-03
-1.470125220066451251e-03 8.752784233449668883e-03
7.882769750327742186e-03 6.940781012488896236e-03
1.639906673115027261e-03 5.357537317039424984e-03
8.793273780898140310e-03 2.744236909263252956e-03
9.889924348992336356e-03 5.948898752812247642e-03
-3.760642766121776066e-03 -4.852583434173773046e-03
2.246404139324634100e-05 -9.602058981514218329e-04
3.549844861912118416e-03 -2.830388923161993118e-03
-1.787479623779467553e-03 2.285807646013805761e-03
2.006691579704997664e-03 1.031110519751239239e-03
-5.833465182625013771e-04 2.284881608096239974e-04
-9.793633977042883604e-03 5.293130786566937508e-03
-3.128456533444078785e-03 -2.494545994434154302e-03
-4.284675962465830934e-03 6.195284650173223974e-03
1.105926772977090800e-02 4.710901960478803240e-03
-6.695129498790445763e-03 9.067951311869500153e-03
-6.139882959879617783e-03 2.027766564220377741e-03
7.969512552690063631e-03 5.903970670025075057e-03
1.204683922361341267e-02 -1.444356161204402196e-03
-1.665021058761843734e-03 -3.616310948173806147e-03
-1.230037788531694945e-02 -3.076232091115971463e-03
5.667339822202396848e-03 1.082560664996120268e-02
1.190675428674736573e-02 5.878920169131841497e-03
1.088372256925810092e-02 -5.814385869154227796e-03
-7.378805790132473771e-03 4.904408742295077693e-03
8.263269397139935690e-03 -3.313740917800226792e-03
-2.936211039002256488e-03 1.065556965790351654e-02
1.223517308642846357e-02 7.198822094281643810e-03
4.496735154048690439e-03 6.775645574728365005e-03
-8.890282710815730280e-03 1.075059874247851627e-02
-3.860174270787127600e-03 -1.933663517564790249e-03
3.951291723734675493e-03 3.380797792526066530e-03
-6.453788750926248499e-03 2.090720153062206044e-03
-3.893702708148456294e-03 4.173617042872691633e-03
6.627609605105470522e-03 5.169602588431067465e-03
-1.777804284687890899e-03 3.207711322008687752e-03
1.558927578217511080e-03 2.809313938646503320e-03
-8.338995862586788977e-04 4.260822864194147713e-03
4.644643354164988192e-04 8.466244038093767013e-04
1.264707714808613673e-03 1.405001830589901191e-02
1.609954617923388485e-03 6.637811847907833761e-03
-7.774440885437178955e-04 -4.829656373820821400e-03
3.430962679065545189e-03 -1.755276358542311784e-03
-8.496068323781882231e-03 -5.432018320810863381e-03
1.457259856061297876e-02 -5.651293579517473881e-04
-1.250196346939405796e-02 -7.814307993029649332e-03
7.803514961763025233e-03 7.657522722233908903e-03
5.983225458592867892e-04 -8.686254262435975319e-04
-8.549745707748485990e-04 -8.479495759360522900e-04
1.059387735643499938e-02 7.910263115522699756e-03
6.606662390094535792e-03 -1.129610605754543563e-02
-2.513896672615375995e-03 1.284649181454776672e-03
9.088754931680811597e-03 -3.208509590424114995e-03
-2.860277093601409221e-03 -7.948038433967772459e-03
6.254262722636518348e-03 5.770112459582968020e-03
-1.500284755208005673e-03 -1.065782086794846151e-02
-1.012558109975786552e-04 -3.460451715296312763e-04
7.217518099248313584e-03 8.667031353758871542e-03
-4.480625608583938685e-03 9.229111233249785717e-03
3.889200288058784500e-03 4.699374545550335028e-03
3.195385638666153189e-03 1.636921079408238397e-03
4.251147525102571059e-03 -8.800408973620331074e-05
9.796619570751605166e-03 3.259792169139103402e-03
-8.730256307304198188e-03 -8.108799221141936228e-03
-2.063019307916654985e-03 -3.297567487583033790e-03
-2.813289455025607538e-03 2.730458284288697027e-03
-1.937112130231284906e-03 -2.669755905491813693e-03
-4.657895075430908485e-03 -4.561141684522320230e-03
-1.358697071777732052e-05 -5.428841072847186838e-03
3.042176750041353846e-03 1.508363557470088082e-03
-9.696098725389288783e-04 1.406804381195481124e-02
-4.949001575627209708e-03 3.875549432588784073e-03
6.181362430003235634e-04 -1.047810853679680696e-03
1.743812828366176184e-03 4.922562017854859202e-03
9.401271665848432921e-03 2.797515159015216777e-03
-5.776339186007477776e-03 1.186228922291989764e-02
1.641295729993464412e-03 -7.114410212410550785e-04
5.239054268401804621e-04 3.090681215004472521e-04
-6.493495855651640856e-04 -2.959872483017732692e-03
7.426719466627687907e-03 1.728102417108118034e-03
-3.895427014482043954e-03 9.086519547329354081e-04
5.537984031850641184e-03 3.667864891592292897e-03
-9.906624682920778246e-03 -8.573726575517569629e-03
4.377517721746966919e-03 -1.483185287072190817e-03
8.684529956102169518e-03 2.718260370450607810e-03
-3.258067862804944585e-03 1.306158465889068095e-02
-6.071564797780466469e-03 -4.898836689087160759e-03
2.045392936068230784e-03 4.718725223731666009e-03
-6.530856214196993290e-03 4.049434171520909648e-03
5.595700816940735005e-03 -1.346564788563928312e-04
-1.451572810299976788e-03 3.285640938446621022e-03
5.859968625156633179e-03 -1.009508631524163452e-02
4.686585843247413792e-03 -2.007090713912371063e-03
1.484638228702280134e-03 -7.369928719456895518e-03
6.352995958883612005e-04 -4.459758104022470840e-04
-1.101758077970088623e-02 7.529635699207201487e-03
-3.492128076822024595e-03 -9.721324472866923940e-04
-8.934747774642625914e-03 1.064801775935347167e-02
3.306316788755308579e-03 2.904869926932751503e-03
-1.439692563059629359e-02 -2.665190182626654691e-04
5.545935064608059455e-03 1.324803479448098675e-03
-1.111122080739676901e-02 -4.493414310886179909e-03
-1.316456477622184734e-02 -6.869078122474332575e-03
-1.310962610488919898e-02 1.466357183638623135e-03
1.381530341867238465e-03 3.759972267211608189e-04
6.204033951344818318e-03 9.252565197314665396e-03
-6.026636714993973895e-03 -6.819248485390004208e-03
4.027560918591244210e-03 -5.888866872925666192e-03
8.455514891581186396e-03 9.836374734538124928e-03
-1.154586085712686408e-02 4.736622960282337383e-03
7.564952327656272561e-03 2.496797204479561140e-03
2.235578874722104863e-03 5.269932361511166230e-03
2.789899375712949665e-03 2.275733172715997590e-03
2.266999697239228170e-04 2.996849533048058598e-03
-1.536719075838247984e-04 1.894435257489057289e-03
6.366918179059261398e-03 1.030302639524723757e-02
-1.279811511908702766e-03 -2.052944834618275656e-03
-8.134951006547406355e-04 -9.298291548516586513e-03
2.592816211724944392e-03 -1.133533431762002650e-02
-6.277652801949177089e-03 -7.639210025782725358e-04
-4.861667984801198127e-03 -1.054118989514786671e-02
6.035050766710417514e-03 2.453194293818602816e-03
-2.695205540592420651e-03 -5.655604927322191097e-03
8.747882679145248079e-04 6.687641484988274612e-04
-2.993337035628089449e-03 1.078162043078693087e-03
6.448823311876189165e-03 8.805264214786886340e-03
3.929290701300454554e-03 2.318010911250280651e-03
-3.837247210433495509e-03 -4.916862195142277479e-03
-2.099996357954816853e-04 -3.720217103427372082e-04
-2.373013467335504919e-04 1.272323498114744556e-04
-8.376834483815754490e-04 -1.160305073850492058e-02
2.704082611269250074e-03 -7.334420436752760175e-04
-4.991151544656828414e-03 -6.341995447669333472e-03
-5.055893324585718218e-03 -4.242398223931548307e-03
2.659282297986632557e-03 -1.016996645321987733e-02
-2.661804872734967013e-03 -4.059492819122288709e-04
-2.012918306128828275e-03 4.576915980532711425e-03
-8.637414548023063937e-03 -3.396699858040902638e-03
-1.036283438751892712e-03 -7.788203684713019409e-03
-4.287661556172620014e-03 -2.357638305532354633e-03
4.062845313673795963e-04 6.672138553685270576e-03
1.230045759576026783e-03 3.512404792922766729e-03
-8.660389667429306809e-04 4.299125086350007868e-03
4.039758832430583729e-03 5.608952538202001577e-03
1.176587108146714099e-02 5.891245852475056506e-03
-2.910841114348261711e-03 -1.379952912265631007e-02
-1.802790900829471642e-03 -6.407998514971995421e-03
8.769420682626457089e-03 9.773421145695154744e-03
2.285807646013805761e-03 1.787479623779467553e-03
-2.104626547545071415e-04 1.650971069084470125e-03
-1.006294693475681158e-02 -5.898270847313173346e-03
5.067420739507820428e-04 -2.927669217781280787e-04
-6.304491493928220114e-03 -2.287659721851268910e-03
5.685892231968870877e-03 5.358463354958156559e-03
-1.179052244815300202e-02 -6.173012263036184270e-03
-1.742088522032588524e-03 -1.657596929715103194e-03
3.264039050220454360e-03 4.044261252520936836e-03
7.192994502065758189e-03 -2.971671262649019235e-03
5.006127572253042668e-03 5.701858182236039380e-03
-2.940920939036619484e-04 -1.162318385937930859e-04
-7.394117067184409475e-03 -3.789397418691184925e-03
1.105409481077093692e-02 -5.083993303938643543e-03
7.246208867064819759e-03 2.098798955324179816e-03
2.877105197033725734e-03 -7.840699491743507478e-04
8.796259374607081098e-04 1.129715986497179404e-03
-2.036180615937611092e-03 -1.773828768310038283e-03
-1.566543361519207901e-03 8.867690899917245878e-03
-1.803716938748883229e-03 -2.362012956118722529e-03
7.695234155926078054e-03 5.608553403994057454e-03
4.968017004352709085e-03 -1.136568550701903824e-02
-1.005453288304036796e-02 -1.026432503888457387e-02
4.218417356154058849e-03 1.333022711769316776e-02
1.841157007737554254e-03 7.616697925321855777e-04
-3.168546946685748839e-03 -1.131823601341007922e-04
-6.549743873418618044e-03 1.826340401037194854e-04
-3.463565078509393477e-03 3.816571360126059121e-03
-1.473110813773811489e-03 1.998612777447701791e-04
-5.092072106200617315e-03 2.645902807220130472e-03
-3.706965382167419563e-04 -1.805105995634390353e-04
-4.293888282597811516e-03 3.250388194750453933e-03
2.081475599560872469e-04 8.463992828049963710e-03
5.229793889207688760e-04 4.355053680353720633e-03
-2.963384980437021397e-03 -2.021124877890350269e-04
1.487160803450614157e-03 3.205987015675209814e-03
-2.547760359433215872e-03 -1.942013684529120049e-03
2.188000447682612610e-03 7.971364628527526780e-03
-1.672972091518691064e-03 -1.273249536030292804e-03
7.783030765712476741e-03 -1.083117870316865905e-02
1.697288208749399632e-03 -7.778927479828817021e-03
-4.046783827268019690e-03 -7.311876684911761126e-03
-4.633243708743116709e-03 -4.279375273960732765e-03
-1.100512732685243744e-02 -3.686417301358877515e-03
1.368741639563637001e-03 2.258106800867003099e-03
5.115480921111291782e-05 -7.528438296584972003e-03
4.064074949661293165e-03 -3.443224477657108248e-03
9.470851115321355512e-03 1.158869773272819780e-03
-9.784756906367415505e-03 -1.095916184431671922e-03
6.960019746858152594e-04 4.304425774853964590e-03
-1.264963253817723808e-03 8.663854105794732696e-03
5.686818269888283331e-03 1.312477796104883666e-03
4.508262568977158651e-03 -3.944218669837606592e-04
-2.113248079208355883e-03 1.848852501486652122e-04
1.087438247962224484e-02 2.597653881270446923e-03
-5.263705635086655607e-03 -3.372447625561275295e-03
-5.202668006834051256e-03 1.071189738611517429e-02
3.228323287565151769e-03 8.909569504244728433e-03
-6.573006183225820311e-04 -6.168110708735384702e-04
6.185609311082218044e-03 3.362772286470269364e-03
1.020601746533021832e-02 7.127917472681826946e-03
-5.362311101833956879e-04 -4.499513267806706405e-04
3.380398658318692698e-03 -7.606767047230849829e-03
2.746823368762558917e-03 -3.895826148689988076e-03
-2.922831548236325995e-03 -4.606468901516296358e-03
1.414027360568073308e-02 -1.450055983916984786e-03
3.231101401322026070e-03 -3.228387172316232994e-03
7.555276988565266631e-03 1.574893528483999137e-03
4.228683483709324772e-03 8.722018084152188475e-04
-9.087030625348012369e-03 6.473474678562048459e-03
7.189290350394477846e-04 1.321227097276477577e-03
5.031369727403163690e-03 -7.396304392476342471e-03
8.428676199601355806e-03 8.312636015263307962e-03
-1.551567333924354537e-03 8.227553634482812073e-03
1.663296752427685351e-03 3.513458600347304757e-04
-5.379011435761607736e-03 -7.124341090510205414e-03
-9.870701440314990152e-03 7.251844805024497929e-03
2.903480870053743411e-03 2.762661549525852363e-03
-3.849572893776138927e-03 -5.057745400423181367e-03
-7.360588629821721192e-03 -9.896677979127525143e-03
5.748446686603788519e-03 2.016893822506681325e-03
-5.142636126947468939e-03 -3.205587881468407140e-03
9.240239513971451255e-03 -6.344917156625040459e-03
-2.283157301760806515e-03 -2.568500094492984220e-03
-8.699505983697022882e-04 -2.078123105016172921e-04
-4.772530377201002292e-04 1.035485170336465470e-03
-5.033429283191111041e-03 -5.202604122081828583e-03
-7.989454019334976329e-03 5.632150963258451999e-03
-4.664121801854167505e-03 1.046884815760949121e-03
7.827368060034707586e-03 6.283384858020066820e-04
-1.352376555089775546e-03 -8.967222404582598713e-03
1.102414275558430152e-03 -3.803718773070672785e-04
7.749837577804937448e-03 4.610045283687917890e-03
-2.571150438745873745e-04 3.064177772475574569e-04
-7.426719466627687907e-03 -1.728102417108118034e-03
-1.259850938035261998e-02 3.657534879284912721e-03
-2.286142895469527210e-03 -1.112142305019902383e-02
-2.523572011706381926e-03 3.627455054592142354e-04
-1.147051770018834779e-02 -4.870561463149805648e-04
-3.225465463361667021e-03 1.100028965730761449e-02
-2.591745996638958327e-04 -1.229249073731175472e-02
2.081571717683129447e-03 -2.169575807420012770e-03
7.182728374510491398e-03 9.486354046628928810e-03
8.087468697618015873e-03 8.874843664260488943e-03
-8.143461176373951310e-03 -1.807357205672727000e-03
7.486160558051369387e-03 1.190546134799188530e-03
-1.903376212918110252e-03 1.191384316633770438e-02
-2.480831254213073517e-03 -2.799638599555497823e-03
6.058776095478796836e-03 6.780946263233464041e-03
1.871109062928622089e-03 -5.186047383355427533e-04
7.548124224222024434e-03 1.122890558762122334e-02
-9.910664084051425127e-03 -1.723727766521750138e-03
3.897151320816202337e-03 2.356313133406140372e-03
1.033689008206564730e-02 -3.140255313076045773e-03
1.783440222648820890e-03 4.564191162982012863e-03
-4.217283838284732050e-03 3.314666955720099815e-03
7.053420643210997400e-04 -4.107613975570028816e-03
5.732672390594187491e-03 -4.653919559051232675e-03
-5.234679617814999575e-03 -6.067365975757302993e-04
-2.766174046945141067e-03 2.052018796699544081e-03
1.410221109683744423e-03 -6.192235171713531341e-03
7.365889318325568626e-03 8.334637037697528034e-03
-7.061403327358465373e-04 -3.203336671422319856e-03
4.561939952936606459e-03 2.653055571563372669e-03
-1.153294438531938908e-02 -8.502422819710949223e-03
-3.513666080297219319e-03 -4.057912107989685227e-03
-8.267468219160072074e-04 -5.393189194942395182e-03
3.484640063024992563e-03 1.292201080004821328e-03
5.195307762585989122e-05 -2.174876495926230595e-04
3.310691439340971961e-04 5.388814544362854290e-04
5.359325508125236184e-03 -4.053409687899333855e-03
-1.293349015591212757e-02 -1.388283972001856312e-03
-3.452500682540740780e-03 -1.330503302160680832e-03
-8.388585786359682717e-03 -1.069399964956336060e-02
3.961430081784705903e-03 2.279708689094421363e-03
5.941282969509300085e-03 1.787080489571523214e-03
8.753183367656470690e-03 5.125600543563306466e-03
-2.340874086850330046e-03 1.234021275955021497e-03
-2.755396841371869979e-04 -5.583375133596839984e-03
4.560678665562044147e-03 -2.634902296003591160e-03
-8.157048147090367740e-03 -7.236198278518772391e-03
-6.929987981221700545e-03 -1.227671644130090382e-02
3.926177338087858369e-03 5.122024161391685801e-03
3.616119875886362675e-04 -1.412132206170677376e-02
3.112554467930603677e-04 7.180668818723684845e-04
5.291470364985111086e-03 8.502007859809979085e-04
5.318564595975987328e-04 -2.033993290643746916e-03
6.343655869251839906e-03 3.952281646405628873e-03
1.281898262365192137e-02 4.947341154045273998e-03
1.396367463774463719e-02 3.427577951150701831e-03
7.384776977548555138e-03 1.220143716911585921e-02
7.242760254398433739e-03 -4.431131220953510308e-03
1.727575513396189567e-03 2.747414157230112499e-04
-7.608028334604731262e-03 -8.668356525885085803e-03
6.331122705951773609e-04 -1.687948119114115585e-03
4.564462527684940915e-03 1.322897130669547713e-02
2.698318903805015968e-03 2.851591677180786814e-03
4.151616020442091821e-04 2.830915826878028108e-04
1.250461381364626617e-02 7.033287522314309904e-03
9.811132579387434050e-03 4.642647683131875466e-03
-1.164170461778600563e-03 1.103289205675089119e-02
-2.525759336998994933e-03 -8.792268032533346028e-04
4.293888282597811516e-03 -3.250388194750453933e-03
-3.780456463262812841e-03 -4.673398006737690749e-03
1.407910820792425237e-02 -4.177464789745988748e-03
-2.219676809207839045e-03 -9.956055185798874663e-03
-1.936984360727409850e-03 -1.402669211133925758e-02
3.214864086352039237e-03 -7.876207774448081705e-03
1.230786589911477165e-02 2.756163458399665291e-03
5.079746422857402306e-03 -2.786786012500353481e-03
8.452992316838428858e-04 -7.395410005950982160e-05
1.335803990664638204e-03 -5.014541623969486286e-03
-1.588879633409150073e-03 -1.529039407778094977e-03
-1.599017991459181134e-03 -4.279503043464497015e-04
-9.160393936943832596e-03 -7.751753538394622403e-03
3.042767538505615141e-03 -1.187156542780342175e-02
-1.533350173611669042e-03 -6.573533086939330194e-03
5.952091826466910382e-04 1.935387823897806968e-03
5.062790549917566951e-04 1.730225857649079092e-03
4.311977673405261065e-03 -6.694538710326293322e-03
5.749324665466285910e-04 4.137566030761097302e-03
6.406002843935699586e-04 -2.008016751831102203e-03
-1.117390303153283949e-03 1.020509142741502385e-03
5.294583728197706403e-03 -1.953812464160406374e-03
1.071679894041300922e-02 -1.484825809097874150e-05
1.456410479844799308e-03 -2.824689100449410961e-03
-1.089625573254828905e-03 -1.501737696838774784e-03
-7.964595172705787049e-04 2.660479700608291316e-03
2.588186022130036217e-03 8.894593476649302610e-03
-1.737713871446791569e-03 8.263476877093144709e-04
7.532557408163129001e-04 2.524897183833166910e-03
-7.079285238219728930e-03 -7.898336566387428870e-03
2.174876495925221528e-03 5.195307762542740026e-04
3.508828410757050737e-04 3.596960269995220366e-04
1.627580989771812252e-03 5.216654111759201976e-03
2.587387753715860578e-03 1.583642829656273709e-03
9.365555903192560039e-03 7.662823410739688819e-03
-1.664095020841860773e-03 -7.662296507027759919e-03
-4.739337189287450014e-03 -5.086372283488035592e-03
-3.435465099155216983e-03 1.062826794696533975e-02
3.047940457505587952e-03 -2.076670163385974099e-03
7.490535208637166126e-03 3.674490752223606195e-03
-5.559985054284862123e-03 -4.730651772868078343e-03
4.805468026093415862e-03 -3.082203278531371951e-03
7.369465700496619434e-03 3.507631008129597026e-03
-5.508494995618028189e-03 -2.925146643033493636e-03
5.761235388906818175e-03 1.347842483615190566e-04
1.967479145328545481e-04 4.277124063915786929e-03
4.592914164165259536e-04 -8.948270860608070407e-03
8.861927192453012206e-03 5.151577082375270733e-03
2.821575737236815644e-03 4.260423729986203591e-03
-4.731513926033906366e-03 3.927502510215214945e-03
1.437985839582199901e-03 -8.714482011293808728e-03
2.576323357746417714e-03 6.730717491941192419e-03
-1.854280959496305576e-03 -8.213503644806580128e-03
-1.142386531106826669e-02 8.574971455219317779e-04
-7.906958098057735498e-04 -9.245540202484519611e-04
2.373013467335152987e-03 -1.272323498111561446e-03
9.140117220843199317e-03 9.953931745258595351e-03
6.981892999784280497e-04 5.546398083566514078e-03
-4.757298810591024073e-03 -1.299915797375963966e-02
-1.730688876608784885e-03 2.529271834418393358e-03
1.187432771586022272e-03 -4.682147307909284226e-03
-1.333616665372024980e-03 6.256513932682035775e-03
7.032760618603523320e-03 -4.803152931296928232e-03
5.313008368460305809e-03 3.935980446683990525e-03
8.356111156421071676e-03 1.398358445300806364e-03
3.518040730883016925e-03 6.541856725414103325e-03
1.146544089930176362e-03 -9.611734320602260268e-03
-9.955256917384127865e-03 9.530627456200186851e-03
1.950363851493911718e-03 -1.235346448081235757e-03
-3.618035254507393807e-03 -1.599944029377912708e-03
3.319233260562213725e-03 -1.033417585305985292e-02
5.046825181634047655e-04 -1.289167543633698045e-02
2.989297634498451419e-04 5.771836765921451503e-04
1.791726504861390103e-03 1.155507317725805450e-02
-4.103111555479677444e-03 -9.578333652743555027e-03
-8.575786131306198726e-03 -2.692283831637963965e-03
-7.690987274845517696e-03 8.232327419276663089e-03
-5.107846402211579234e-03 -4.024910574338924976e-03
-5.068682026887959442e-03 -2.360288649784564145e-03
4.505947474180671021e-03 9.720542030151133744e-03
-2.594412748553866829e-03 -3.286566976365352163e-03
1.650508050125444777e-03 2.233455434181714529e-03
6.140681228295724603e-03 5.283184082773112814e-03
4.061759854864234812e-03 6.671739419478467034e-03
4.299987239515835891e-03 2.498521510812578509e-03
-1.170689300900248746e-02 -4.405809355356779707e-03
-2.015855840776775015e-04 -4.738075901912996990e-03
-9.298754567475722016e-03 2.836487880080697504e-03
1.285112200413911308e-03 4.909038931894201029e-04
9.439046984292122182e-04 1.053111542185460178e-03
-2.081475599560872469e-04 -8.463992828049963710e-03
-2.508595984111528128e-03 -2.773917599752206541e-04
-3.109904123677604323e-03 -7.961689289437200862e-03
-4.676319715693507892e-03 -1.045093459536671800e-02
8.660389667429306809e-04 -4.299125086350007868e-03
1.591992996621174666e-03 -1.274973842362629077e-03
9.102804921357612530e-03 1.973387029958646732e-04
6.912952397837538072e-03 3.179451921760255602e-04
3.491585347415466362e-04 -2.905269061139553743e-03
9.898673650163931567e-03 1.091678798766108384e-02
5.406057607691926430e-04 2.933895944205087980e-03
-1.735063527194582057e-03 4.532721699397558503e-05
-8.105095069460205911e-04 -7.453685928105466870e-04
9.664613436146850256e-03 -3.116929118516291019e-03
9.690190840746679092e-04 -6.881148266813004325e-04
9.495502482008576564e-03 1.440636183835089425e-03
1.009572516276724310e-03 -5.092471240407419990e-03
-6.299989073845133330e-04 -1.116065131027750134e-03
8.964572060330390502e-03 -5.713560843744365514e-04
-3.638311970607456362e-03 6.022341774853780597e-04
-3.803383523615084909e-03 -1.690199329159060987e-03
-1.045875785861901004e-02 -4.337555078009851933e-03
-1.195572177066586694e-02 2.891490436165678260e-03
3.526917801559846782e-03 1.528097544166359938e-04
7.114074962956190226e-03 7.079013873516230154e-03
1.139252419899819055e-02 6.491755723626957061e-03
-3.027663741405525397e-03 -1.255080434773158012e-04
-4.665238912008023292e-05 -1.344553291836912776e-03
-8.416813535218526168e-03 -6.148760030557018363e-03
2.039293979148846386e-03 -1.030184481832507881e-03
1.060275442711182924e-02 1.521216144525231774e-03
5.328447415014185388e-03 1.272850401822348465e-03
-6.437886685411982682e-03 -2.595402671225501522e-03
-1.186506733667971360e-03 6.361617490548695597e-04
9.899599688083342286e-03 6.870802428807810079e-03
1.930550154352303786e-03 -1.056161020644472148e-03
-3.321755835310548181e-03 -2.417398820722508907e-04
-1.423841605346764724e-02 -1.700002437754512263e-03
3.796358528777078224e-03 -1.272481755001768355e-05
6.795794521325122794e-03 4.658022844934783108e-03
-5.160725517754918487e-03 2.385626341074322497e-04
-1.797282732374348539e-03 1.272084017586568722e-02
-3.408498637672298468e-03 7.950704603908902764e-04
-3.072591824193378861e-03 1.794903752824385766e-03
5.474168289841162098e-03 1.721476556476804519e-03
7.399880774648644015e-03 2.043636978351225271e-04
-5.536259725517053525e-03 -4.028998034525362384e-04
1.305859906518332114e-02 -5.294855092899952709e-03
-2.016829937755600100e-03 6.997858368108626510e-05
-4.524962902906171265e-03 -2.230405955720880448e-03
2.218415521832706010e-03 4.668097318232590845e-03
-7.704446476058058636e-03 -8.553449859416827061e-03
1.420627667298282430e-02 1.738304659911052430e-03
1.161670159397435072e-02 -1.087310478457770117e-03
2.841852453338809814e-03 2.058245523123374693e-03
1.128378037420221802e-02 6.465779184814311915e-03
-3.613197584962571721e-03 -1.138992191380702431e-03
-3.390409246864849353e-03 -2.649080055184949330e-03
-6.012921974772891809e-03 -1.274734361838958038e-02
-3.385571577324899021e-04 -2.188128217192986753e-04
2.805003172813039410e-03 -9.721340298564739094e-03
-9.323741183617301892e-03 -6.779221956899986537e-03
-1.319855623254413343e-02 1.261195217389895692e-03
4.948794095671633225e-04 -2.456642906486239571e-03
2.157250124076797761e-03 1.940688512402906005e-03
1.726649475476777764e-03 4.320726974576283817e-03
-5.258404946581446415e-03 -4.934488566990130956e-03
5.294455958692470890e-03 9.403123741685896070e-03
9.069739502955311353e-03 4.281626484006139169e-03
1.178092681950167067e-03 3.729892442515390059e-03
-1.708224835214178141e-03 1.569065936268113082e-03
3.087328720447254232e-04 -9.857848853259736088e-03
-1.315399505060701243e-03 -8.544572788741247940e-03
-1.261386871646102926e-03 3.836848076226122110e-03
-5.181337483310702492e-03 -6.893202585448833693e-03
-1.781252897355637159e-03 -3.322218854270144687e-03
-2.374737773668740212e-03 -1.992641590028194996e-03
9.878061684608146695e-03 3.785022768104817029e-03
-1.310352714796981372e-02 7.215266889202796158e-03
3.968918095583098826e-03 1.959640056377434745e-03
-6.248626784677521057e-03 2.001790025407272026e-03
-2.483146349009561146e-03 7.315325297579397881e-03
-4.325101625162652147e-03 -7.572951419469594551e-04
2.806136690682936065e-03 6.923553774847846301e-03
-2.988036347122881124e-03 -4.838788983501623574e-04
-1.693711826578350125e-03 2.951921450260885579e-03
1.503062868965450482e-03 -1.480135808613178630e-03
2.432917577717859815e-03 -3.832872559847697903e-03
-5.268543304632839451e-03 -3.833399463559626803e-03
7.472445817829716577e-03 7.118641267799446018e-03
-1.301446925080964462e-02 -3.936507350394777976e-03
6.346306213503478261e-03 3.171261175690971192e-03
-5.925843922955421374e-03 -4.450210534433164840e-03
-4.246182086052512593e-03 -1.080798027811288864e-02
1.132917147594909857e-02 2.522374609085403611e-03
6.179382584658387433e-03 8.970798786754219378e-03
7.057284215785507124e-03 6.835549685111642557e-03
-4.447432420676401127e-03 -6.212112753606790355e-03
-1.349125926957071842e-02 -4.924014959485519677e-03
-8.716206317627395520e-03 -4.702950927721955693e-03
-2.021667607300422186e-03 -3.909732543161239041e-04
-2.769159640652500871e-03 -6.500904159005354080e-03
-2.772273003864525465e-03 -3.696890908864629375e-03
1.439710145915787344e-03 -5.449516923154051201e-03
-1.855206997414356922e-03 -4.167518085952164920e-03
1.003299487956517411e-02 7.178545378181581255e-03
-2.511374097868401996e-03 1.186056491658574012e-02
-1.671247785185103404e-03 1.991715552109463855e-03
-6.285140815747570012e-03 -4.438523698612859177e-04
1.031038663954039411e-02 4.669949394070053127e-03
5.648116913525049777e-03 -2.375136907875543320e-03
6.524629487777596198e-04 1.558592328763283553e-04
1.869847775555420668e-03 -5.806562605901365026e-03
9.464289139442375043e-03 -2.567047152863465628e-03
-1.900135080202210169e-03 -2.247106289650463353e-03
1.079950234165183865e-03 5.798340208443544461e-04
5.933331936752452539e-03 4.130141901715037207e-03
-1.159297626520596966e-02 5.415062447872631343e-03
-1.089373315780425497e-02 -4.441461233261572231e-03
-2.472544972000504521e-03 4.191243414720545110e-03
6.628535643024881241e-03 1.123617029577795006e-03
1.917761452050634153e-03 8.259485535018314594e-04
-1.032834826084146670e-03 -1.258273508434187620e-03
2.222790172418503182e-03 7.152041935657008943e-03
-3.321292816350161943e-03 -2.264732661498316396e-03
7.650433842643460103e-03 -3.827971005550543423e-03
1.034431362907625761e-04 1.588017480241499940e-03
2.619990153159138142e-03 -4.776521719267931825e-04
-6.097142202386308940e-03 -1.134617540794334318e-03
2.484870655343148806e-03 -4.050360209439640355e-03
-3.834261616726135271e-03 3.636060760562620682e-03
6.814346931091597691e-03 -8.091204500682638856e-04
3.106327741506553081e-03 1.278869531900513230e-02
9.860546674588313576e-04 1.127065642244357707e-02
1.856468284788919450e-03 9.455475953519129617e-03
1.129934719026133398e-02 -7.554287065893632372e-03
2.525296318039969151e-03 2.902219582680541990e-03
2.566775788160077006e-03 -5.548122389899992450e-03
-1.748650497910998703e-03 -5.383513855852069263e-03
-5.531294286466995058e-03 -1.129888417130162775e-02
1.505250194258063706e-03 -2.381634999006297920e-04
2.674130556077610864e-03 5.468324871931325420e-04
-3.316455146805339423e-03 -1.803780823501105902e-03
6.551132930293980831e-04 -6.251612378383300311e-04
-1.668597440932893892e-03 1.210695081394124861e-03
2.038032691775073808e-03 -6.318142349397649384e-03
-4.568166679360436203e-03 2.954970928720578212e-03
2.255392571863712361e-03 5.090746934074403054e-03
3.382458214108001807e-03 4.992141467328462673e-03
-6.189520942708989434e-03 -7.869709683321894633e-03
-5.328112165560394686e-03 8.061093024596746592e-03
3.215790124270090367e-03 -1.192219333330249605e-02
7.952812218761051016e-03 3.279142847320433950e-03
-1.086550540894541499e-02 -8.986700852267914472e-03
9.135279551297016340e-03 9.492979907260241240e-03
2.731512091712554394e-03 -1.258963230967579013e-02
-2.068192226916627796e-03 -1.309246275200048014e-02
4.857756353174426736e-03 6.034252498296242308e-03
1.137098619552299669e-02 3.405976062923964012e-03
-1.276698148696107015e-03 -4.856958084759679939e-03
-1.754877224335618831e-03 2.245126444300586405e-04
4.476713976957167294e-03 -1.373604863010141099e-02
-8.584200183022642344e-03 1.673770359933437861e-03
-1.757399799082593264e-03 -1.035140309070090373e-02
-5.995758621883493823e-03 -1.214550857511100673e-02
-2.412513092113922203e-03 -9.726241852863037191e-03
1.697160439246095951e-03 3.578008726017946860e-03
-5.602916884055644114e-04 -1.411164672261462638e-02
-3.623798961971628346e-03 1.985089691478150124e-03
1.149172045420839353e-02 -5.761107619402263541e-03
-1.665947096679894646e-03 4.296746106806084101e-04
1.426353043911253275e-02 -4.122393111156801015e-05
2.743246986592869432e-03 9.311798808790851386e-04
-1.611215905298521087e-03 -1.192576971547411671e-02
2.591091905391355865e-03 -1.460029940575978055e-02
8.762523457292326762e-03 -3.286439206861367819e-03
-8.044855709628010929e-03 -6.802915634284375547e-04
6.746028768992447244e-03 6.117482803239274181e-03
5.485567935266108053e-04 5.908345320608939747e-04
-2.622768266916582734e-03 1.261560884848843267e-02
3.281330172613727836e-03 -6.710839910047931671e-03
-4.043335214601634538e-03 -7.819465086340699183e-04
1.206320430809579075e-03 -8.153471764916330605e-04
1.341339353788386507e-02 -4.282216690492677072e-04
-2.786530473497827488e-04 -2.779361883455435701e-03
-2.147574784985791831e-03 -1.018784836407344001e-03
8.071694401607053954e-03 2.204030282701433495e-03
6.665129384545625049e-04 3.561707526296308077e-03
3.861435558160329021e-03 7.221621385130612414e-03
-4.268438647495844535e-03 1.084310525230507138e-02
-2.824561330945537206e-03 -1.281334668569224233e-02
-2.046318973987642370e-03 -6.727396648783928994e-04
1.018494248081541070e-02 2.019145032552768174e-03
-2.952320584467008242e-03 -5.349187150074634182e-03
1.928362829060832661e-04 -2.298133329358381769e-04
1.363963048864933435e-02 4.591620643425318483e-03
-5.665615515868237598e-03 -7.560641561822127772e-03
4.644643354164988192e-04 8.466244038093767013e-04
6.076626354951418854e-04 -9.280665176668272467e-03
3.604113034335826651e-03 -1.316284046988836984e-02
-4.226496158416711765e-03 3.697705002973304244e-04
2.735758972794476510e-03 1.251248513596071865e-03
-2.635892218673974250e-03 5.163774996215181844e-03
7.766458201289707730e-04 -2.481294273171527707e-03
-3.660776012000702649e-03 1.562440075636799567e-03
2.602363781310714375e-03 9.435055642218386027e-04
-9.584432609663511016e-03 -1.645798150083816868e-03
6.708125681043961355e-03 9.740818746251196300e-03
3.518503749842042706e-03 4.518863945986895288e-03
-1.304130794279004940e-02 -5.460246069668914931e-03
-2.085818598765051129e-03 -1.167130501585184749e-02
1.196980341173723653e-03 7.596692573933042092e-03
-1.340371819879285914e-02 1.350125345044830144e-03
-4.913748831930362174e-03 1.033233960291520068e-03
-9.151181616811852881e-03 -4.806857082971853663e-03
-1.091043349173326932e-02 -7.066289055966212471e-03
1.348112091152068800e-02 6.025104062917164410e-03
-7.384776977548555138e-03 -1.220143716911585921e-02
-5.087569686109585064e-03 -6.227088781201754741e-03
9.870573670809753772e-03 4.105091400821804515e-03
2.623438765826884185e-03 6.052278004352039040e-03
-2.970409975275817814e-03 -1.905036634499936241e-03
-3.282128441027903042e-03 -6.001107369450972302e-04
4.692221781207772842e-03 5.764811771079010431e-03
5.982299420670382159e-03 -4.640268703581803406e-03
-5.551187694050208760e-04 -4.316751458197860478e-03
-2.752459306723489124e-03 -3.876076336300712973e-03
9.095779926523469942e-04 -1.505585443712291558e-04
-2.476456603627275911e-03 -3.156939821310803754e-04
-9.790057594871262939e-03 4.661247569983243202e-04
-3.481654469316271868e-03 7.260721875701218499e-03
6.361745260059288587e-03 5.081311308297899176e-04
5.476355615133775973e-03 2.963448865189353791e-03
6.181234660496420438e-03 8.788276690458516997e-04
6.540403783784122863e-03 8.229405710322096681e-03
6.295358884241270946e-04 3.139057910453815856e-03
-2.343061412143513777e-03 -7.951032756847112998e-06
-7.366017087830233415e-03 3.022299168148093965e-03
-1.248261279121340613e-02 -5.970500641039667641e-03
-6.500313370541663943e-03 -1.061076934462032786e-02
-6.611372290135483255e-03 -5.217819862992196210e-04
4.991614563617213784e-03 4.319002668243267749e-03
7.745462927219140710e-03 2.126100666263500225e-03
-1.004313323761577524e-02 -6.077456274749256510e-03
-4.249647106390900056e-04 1.015194094716407799e-02
1.773429634102093727e-03 -5.691655939433105417e-03
1.176103341192095975e-02 5.430294014476705865e-03
6.850525712706495921e-03 -7.697421481219942664e-03
5.159543940833331323e-04 2.652129533643961083e-03
8.240805355745329380e-03 -2.353535019649946949e-03
5.219575820714338239e-03 1.260381006885714916e-02
-1.002882770893078618e-03 -2.538548039301915735e-03
6.306678819221403845e-03 3.529632030563137086e-03
6.364858623269952290e-03 -2.295882119312075368e-03
3.354486004257700368e-03 -1.317649132535825968e-02
-8.800889564197334576e-04 8.932767929300278751e-04
4.590502951249807867e-03 7.441759378975444823e-03
-2.705806917602837734e-03 -2.531523044464480208e-03
-8.153471764922040014e-04 -1.206320430808898846e-03
-3.943931479441518083e-03 7.656069780603249296e-03
7.822067371530860153e-03 2.190379427232003792e-03
-1.979852887725954205e-03 4.926281995217564845e-04
6.329270630119315788e-03 -8.787510073433906638e-03
-7.909608442306785211e-03 -8.464519731761892610e-03
1.316237745092923433e-02 5.627105813761783086e-03
9.649046620087165307e-03 1.090313713219233371e-02
-1.068200921567518703e-02 -8.044744347790776587e-04
3.207248303048981959e-03 3.800797064114527345e-03
1.865808374424774221e-03 1.043436203094454465e-03
6.338355180746631581e-03 5.514322587834484535e-03
-4.073287269793273747e-03 4.983280222343386412e-04
3.469664035428777875e-03 1.932338345438114335e-03
6.477530487368115056e-04 -1.166202881096832511e-02
-2.395477508729759730e-03 2.232529396261841506e-03
7.034820174392261705e-03 7.795755583263064281e-03
6.600306730266260018e-05 3.188360643827356771e-03
6.440537029663621904e-03 1.814382200510842973e-03
-6.685326390195564343e-03 -1.367081217982381736e-03
-3.252639404795860771e-03 1.426075116143820428e-04
-5.464492950750157035e-03 -7.995728804812427329e-04
-4.616080355855078747e-03 -3.677540230683298828e-03
-8.494807036408681677e-03 -1.440604532450418668e-04
1.382328610285848709e-04 7.686947873714433232e-04
4.979288880273999643e-03 4.178119462963043873e-03
-1.314786444229340545e-02 -4.244250299769009721e-03
-4.649018004754076894e-03 -1.095018865551978735e-02
1.325172126262681195e-05 -3.905102353573049884e-03
-4.821242322104377781e-03 -3.588610103027683497e-03
-4.883205988275032827e-03 -1.362696955584971961e-02
-1.255958413637019329e-03 -9.082129071050177443e-03
-9.818285343730675380e-03 5.011364376005348308e-03
6.284342547332822347e-03 -6.867098277131063189e-03
1.324691535637798241e-04 4.353728508228186383e-03
1.097530304116603288e-02 -6.390244373619016587e-03
-8.701230290031182132e-03 -5.343088193155248918e-03
3.940866175280392097e-04 -4.825680857442397192e-03
1.288465044149886274e-02 -1.198241628546925508e-03
-2.351012444900932048e-03 2.335110379387346675e-03
-3.753953020737560084e-03 -1.248360271388378878e-02
-8.925742934462492159e-03 -7.097965417490758461e-03
1.341200448100542814e-02 5.640756669231213223e-03
5.433279608185316405e-03 -3.208110456216170005e-03
8.394014244370128289e-03 -2.224977497711796634e-03
3.407572599752886882e-03 3.250915098462382833e-03
-6.319004502564048130e-03 -3.670515235844041407e-03
5.381661780014606981e-03 6.343320619796689180e-03
-7.768725237026563070e-03 -8.476845415105106751e-03
-2.200102243422093901e-05 -1.062786881275785446e-03
-1.002298429101901658e-02 3.077301724234216603e-03
-1.811667971506301499e-03 -1.895154397452852336e-05
-5.090220030363155033e-03 -5.446068310487556761e-03
-5.857190511401119334e-03 -2.042870361320467051e-03
-1.308374510221333668e-03 -6.841648642031027822e-03
-3.941616384643669563e-03 -2.458894116530504527e-03
1.700273802456759870e-03 7.739954758760809236e-04
1.248665219234405127e-02 -8.794981679561527169e-04
-6.427876096850412195e-05 7.660444431171926645e-05
-7.496171146596735876e-03 -1.144639323721316493e-02
-1.307113222848132247e-03 -1.553690774465205657e-03
6.978157196725454092e-03 -3.804644810988966341e-03
-7.519561225909392882e-03 -6.440201780208471179e-03
-1.093024718887487465e-02 -6.887103628529448428e-03
-4.957750876798804052e-03 -1.092339802260051040e-03
1.080413253124209430e-03 -1.443158758582852941e-03
6.658487698216520451e-03 -1.566575012906137702e-04
-4.956824838879391598e-03 -5.138325361113324150e-03
5.386627219064665448e-03 -4.552663748052403203e-03
-3.639573257982589398e-03 -4.685723690080905758e-03
1.401390340903633722e-02 -5.487478658099727985e-05
1.730225857644754426e-04 -5.062790549907478449e-05
-7.602264627140496722e-03 -1.225339024674114777e-02
8.726009426219116924e-04 -5.732081602137214854e-04
-6.253799703677493001e-03 -7.793105239010175191e-03
-1.135474888055357928e-02 1.241844539208563844e-03
-6.138956921961567087e-03 -2.018218994634037033e-03
-1.018666678714956822e-02 -5.284110120691844388e-03
-6.574395240106408952e-03 -9.913237045786884791e-05
-8.404024832914924054e-03 -8.030869604702860209e-03
1.274721584888502575e-02 5.344014231073980492e-03
5.178687139058492546e-03 7.674223056164173121e-03
2.259559742497663573e-03 -1.311618808076817945e-02
-4.796255705962796170e-03 6.027099733952999243e-03
-7.655143742684408434e-03 -7.989917038294110097e-03
-4.148630426729859287e-03 5.722007128832118025e-03
-9.148786811561950786e-04 1.712599485801226265e-03
-1.105926772977090800e-02 -4.710901960478803240e-03
-1.407725613208542920e-02 -3.914506327960556170e-03
-1.206783449768604639e-03 2.838339955918840231e-03
-1.865808374424774221e-03 -1.043436203094454465e-03
-1.604318679964389892e-03 1.134090637082405418e-03
-5.972033293116475391e-03 -7.817756605697286088e-03
-9.706763405177259996e-03 -7.100615761743648419e-03
-2.554322335312196775e-03 -5.667930610665406106e-03
-4.462871467230279839e-03 -3.548982708745148946e-03
-3.442027075035558777e-03 6.902351020827910723e-03
7.019045878381871377e-03 1.124942201703328388e-03
-2.892081224630510712e-03 1.424207214608324418e-03
4.538629584074421394e-04 3.970706286668229147e-03
-8.052088184421726151e-04 -2.307409534240544013e-03
-7.752567632505337307e-04 -3.587684065108952790e-03
6.864575702383298589e-03 -4.291573187799962996e-03
6.576582565399021960e-03 1.341104679170417903e-03
-1.103865576421512659e-02 2.420863259077462269e-03
-3.283389728401675620e-03 -5.888068604510239383e-03
1.298106858295219011e-02 -1.313148295015184250e-03
4.119013620993941527e-03 4.892210828455847461e-03
8.072955688980826966e-03 7.491988150266574997e-03
-5.978595269002612246e-04 -1.154367353183609855e-03
1.034113696314620766e-02 1.070062551019467303e-02
3.186971586948348679e-03 6.002975270978498992e-03
-4.814808115729271067e-03 1.149424302895604537e-02
6.209925428312926612e-03 -5.689404729388840461e-03
1.376600068529373021e-02 3.196439446089330977e-03
4.653392655339875367e-03 1.343413327294420631e-02
2.454583350696359738e-03 -1.210402910499146917e-02
-7.355287941315940409e-03 -1.145871892055706082e-02
-1.002159523414194141e-02 -2.991676614047405341e-03
-2.042279572855635033e-03 -7.522738473873070292e-03
3.182804416310667812e-04 2.420991028581447047e-03
2.099996357954816853e-04 3.720217103427372082e-04
-2.579564490462316929e-03 7.430231964046976612e-03
-1.034298903898503257e-02 -2.608654392488128550e-03
1.362179663684656098e-03 -1.467810125269283176e-03
5.644668300857303735e-03 -8.905067084154375326e-03
1.272084017586500720e-02 1.797282732373776948e-03
-2.835753496418853825e-03 3.690664182440119186e-03
-6.452399694047811565e-03 -3.978258185218274019e-03
3.671249619506454943e-03 6.670414247351111325e-03
-8.968946710916185505e-03 -1.912588533049980680e-03
3.753617771282408925e-03 3.149659287463552927e-03
-1.184823923324309497e-02 -2.370490892587498108e-03
1.795845616434563457e-04 3.675289020637211544e-03
1.261083506369526513e-02 -3.516651674004008833e-03
8.126297823484552457e-03 1.205522162394151615e-03
3.710481953430981583e-05 -1.093428659000495254e-02
-1.571253261560726089e-03 -2.950197143926727196e-03
-2.361949071366499855e-03 -3.874751164175178723e-03
8.210262512090789333e-03 1.230666849649311376e-02
1.440971433289559489e-03 -1.615590555889104577e-04
1.033112637460141363e-02 4.447784077800170585e-04
6.858476745463915059e-03 -1.004048289336413602e-02
-4.257709500981552396e-03 -3.637912836400082964e-03
1.345381920058125874e-02 6.524358123070235493e-03
9.494113425130137895e-03 7.509614522115569922e-03
-4.458033797685456885e-03 -3.088030870747938451e-03
-3.506768854963088558e-03 9.001948244566836468e-03
-1.022233449075089827e-03 -4.382355391293040608e-03
8.610112837083634674e-03 3.895953918193972420e-03
-6.575193508520584158e-03 -7.410083017450897966e-03
-3.444086630822935837e-03 -5.696557493730941210e-03
8.827137467716550043e-03 5.970899775246468581e-03
8.905130968906707287e-03 -3.379980206550704802e-05
-4.327879738912722755e-04 1.138066153461971073e-03
4.482222145412862423e-03 5.392790060735592507e-03
1.538778631620752856e-03 -6.345444060336969359e-03
-3.520691075134655280e-03 -5.760836254699444776e-03
-3.031575373032296787e-03 -4.632445440328940636e-03
-5.289155270188623456e-03 -1.096516468311589318e-02
-3.986081448471136789e-03 -2.561475099654868248e-03
5.723332300958332286e-03 3.758120191373441610e-03
-8.655040919870127247e-03 -1.975542121891129405e-03
1.352041305634625037e-03 -3.667210218376380088e-04
-1.619629957014965139e-03 -7.559715523902715319e-03
-1.454223154552186084e-03 4.066661409161959582e-03
-2.799574714803955162e-03 -3.197636848711560027e-03
1.015208454235722686e-03 2.679431244582819623e-03
-4.356314967727492778e-03 -4.764978478644372843e-03
-2.109336447581584492e-03 4.691822647000290156e-03
9.996943867454149632e-03 2.709910203485816575e-03
2.817791875115279766e-03 -1.160344987271172412e-02
6.402633941715135148e-03 5.437718143522765092e-03
-2.791623682045747592e-03 -5.540698260853932355e-03
2.184424065510991511e-03 1.279837065809613997e-02
1.966601166463327610e-03 3.412474154051292966e-03
3.706965382167419563e-04 1.805105995634390353e-04
-3.470127054387803656e-03 9.065443398909305180e-05
-1.529566311490133165e-03 9.290340515758596651e-03
-3.595235963658997228e-03 6.773793498890902723e-03
-8.696153489145515628e-04 9.126131115918619321e-03
-8.341135128824856554e-03 -2.038495710734099155e-03
4.996116983706886880e-03 -4.553988920179758912e-03
5.249655645409852939e-03 -3.340066785870480712e-05
-1.174652040328513086e-02 -4.047438500483932500e-03
-1.372318021734687376e-03 2.568899228700928343e-03
1.282924875121298301e-03 -7.510684155231289521e-04
1.361253625766605403e-03 2.578175433585131598e-03
-8.038628983203389283e-03 -6.288318063710566543e-03
-3.181207879484114574e-03 -9.588008991834560957e-03
6.760206528173125402e-03 -1.833605109188189610e-03
2.081906967138279305e-03 7.164367619000223952e-03
-3.781845520141249774e-03 1.395580331542790181e-03
-2.225568286175948207e-03 4.985914740904632061e-03
2.924555854569913221e-03 7.871433989656052149e-03
9.989711392663067936e-04 -1.968389357549709100e-03
4.769417013982393122e-03 -7.550838453227137065e-03
3.379344850895406056e-03 7.796154717469867823e-03
-1.240184117626057844e-03 -2.411315689491121995e-03
1.423345061441135722e-03 1.259598680559721653e-03
2.404689828860379422e-03 7.123670591597864362e-04
7.418768433870269637e-03 4.071163829252312689e-03
1.045795959020483397e-02 -2.973395568983177618e-03
-1.141578650880117896e-03 -1.284250047246832333e-03
1.001503325826159918e-02 -7.342403120900228147e-04
-3.909940023118443561e-03 -4.742035592591564274e-04
2.426227832335003855e-03 3.798146719863459714e-03
4.321189993535879889e-03 -3.749642254904666031e-03
-2.500900490365810152e-04 2.009341923956636019e-03
-6.705140087336601551e-03 -1.187895790546299006e-03
-9.124342924832808122e-03 -3.283118363698857723e-03
4.576117712117283749e-03 -5.298032340864091555e-03
1.017731028984057359e-03 1.325534697971492495e-02
1.360327587847193383e-03 6.624160992438404491e-03
-1.350316999301037595e-03 3.631686109977394234e-03
-4.249423218768983400e-03 3.352969177875959102e-03
3.283852747362061859e-03 3.865075825084173227e-03
3.126269208151465778e-03 1.252573685721605681e-03
-5.287911554391084429e-05 4.263473208447037671e-03
-1.787607393282771018e-03 1.364274385186057051e-02
1.254642853322152432e-02 7.916888976154012186e-03
3.523804438347251031e-03 2.956823004558040494e-03
-2.757759995228697449e-03 -2.314035394871857311e-03
1.367269590705163726e-02 5.073328624150431204e-04
4.919847788850317295e-03 4.715675745271973376e-03
8.939314661532068995e-05 -1.817830813177337846e-03
-1.941949799777468316e-03 -3.130707743490166069e-03
6.951318504745050177e-03 -5.328383530263104163e-03
-2.274408000589212605e-03 2.399389140355850675e-03
2.657430222149169841e-03 -2.077995335512188360e-03
8.782672403889083684e-03 5.868318792122104860e-03
5.079746422857402306e-03 -2.786786012500353481e-03
-8.007750890093701113e-03 -1.161457815343338966e-02
-1.935067818201142639e-05 -1.843807351991124440e-03
7.571673724430846159e-04 7.031834580684791745e-03
3.303203425542712394e-03 5.708883177074155352e-03
1.943338856654544360e-03 -2.938270594791456310e-03
-1.046140820287200929e-02 -3.556534607296335266e-03
9.293326109466638202e-03 1.008248926719560248e-02
7.094852054278844022e-03 -6.121729684320516285e-03
-7.586618100634771183e-03 5.774359340664209257e-03
-7.639960235139068266e-03 1.206082532853731265e-02
6.427876096850412195e-05 -7.660444431171926645e-05
7.553887931686258973e-03 7.643871866765159645e-03
9.364629865273147585e-03 1.170880896959296084e-02
-4.088391066893362624e-03 1.249540149351507576e-02
6.561606537802807705e-03 1.981241944603711561e-03
1.039679419244835500e-02 -5.700804374812182447e-03
-5.458729243285351772e-03 -4.384606601337985576e-03
1.073535135017948325e-02 -5.481991553094025735e-03
6.054401444893000098e-03 4.297001645809045943e-03
-1.498352968923932077e-03 1.329802385245715257e-02
-3.056689758678542319e-03 -2.891219071464002678e-03
6.629461680942932804e-03 -2.922368529276619768e-03
8.873454607381481285e-03 -2.018490359336854931e-03
-2.174876495919426684e-04 -5.195307762528897746e-05
2.616876789948474440e-03 2.326361078215072754e-03
6.581548004449079559e-03 -9.554879688678673613e-03
1.154930946979325010e-02 1.793307215995353608e-03
-1.123489260072668564e-03 -4.728400562822671072e-03
1.208507756102192082e-03 4.266251322209159945e-04
6.705603106295626899e-03 -8.350969888809081643e-04
-4.048508133602178073e-03 -1.057684177305083691e-02
2.264732661497635951e-03 -3.321292816350733101e-03
7.734398531249126255e-03 7.273175328549098297e-03
-1.580465581696218077e-04 -5.895093599353602677e-04
-7.981838236028055821e-04 -6.044853875303233528e-04
3.400419835410216710e-03 1.290492715759892529e-02
2.770548697530938239e-03 4.319258207248733664e-04
7.161318140540531320e-03 -4.956361819920367118e-03
4.207975400037783364e-04 8.054994067677363062e-03
5.178016640148191962e-03 -1.099366379667630032e-02
8.635562472183670041e-03 1.148867097574812757e-02
-4.760539943306923288e-03 1.161791482228528285e-03
8.700767271072155917e-03 7.366080972582456088e-03
3.957518450157935380e-03 -2.227228707757203472e-03
-5.668393629625683057e-03 4.577315114739513233e-03
3.241575008825847183e-03 5.004467150671217113e-03
1.401125306478412727e-02 7.261456841343421481e-04
8.699042964737998401e-03 4.101115884443380308e-03
-6.294816154837215051e-03 -1.365756045855706473e-03
-4.311977673405261065e-03 6.694538710326293322e-03
5.107846402211579234e-03 4.024910574338924976e-03
-2.851527792428454420e-03 -2.980149199117794814e-03
4.028359187009940105e-04 1.422083774075794224e-04
-5.551107983608032266e-03 -1.111969874386554633e-02
7.662296507027079040e-03 -1.664095020842431931e-03
-9.953947570946859117e-04 -2.858616672018902787e-03
3.457673601540712724e-03 1.112539856657812805e-02
-3.664224624668449126e-03 -4.967490100642032655e-03
3.706965382167419563e-04 1.805105995634390353e-04
-1.173823412107256187e-02 2.943443513792109133e-03
1.362730480530475845e-02 4.450737438143951424e-03
-1.519300183934866374e-03 -3.167684793519349659e-03
-1.200556723344774028e-03 -2.769686544365110217e-03
2.308734706366077829e-03 -1.195719053799161775e-03
5.257015889704371239e-03 1.100346690527175333e-02
-1.439738864955531980e-02 1.756473761164540834e-03
-5.093796412534204975e-03 -6.190622809196257535e-04
1.290181379438690157e-02 -5.964065852694915709e-04
-8.335962209824883742e-03 7.756399553683348061e-03
3.487881195741462936e-03 -1.286874837598402620e-02
-8.819649453918158855e-03 -6.290968407963455633e-03
-1.104660679697254400e-02 4.763924671221655624e-03
-6.692910522100754822e-04 8.576249150265793930e-03
-1.853482691076905871e-04 -9.025529978114860390e-05
2.292832640851812445e-03 3.490403770488546224e-03
-4.213883284674689068e-04 5.324934917595467408e-03
2.963384980437021397e-03 2.021124877890350269e-04
4.653903733359105680e-04 -3.199361155043896517e-03
-3.385571577324899021e-04 -2.188128217192986753e-04
6.381095938239939556e-03 2.351938482819772476e-03
-1.533014924156518750e-03 2.760410339480906527e-03
1.461752664340083135e-02 -2.485541154253450256e-03
4.607458824187360760e-03 -1.264728521001298039e-02
-3.709487956910091991e-03 -1.238102173075942593e-02
-4.193765989468198688e-03 -1.304846070713203826e-02
-1.147396631285473208e-02 -7.016986322592670688e-03
3.037003831041381035e-03 -8.286531706947358050e-03
6.676577089023399275e-03 -3.600808016865772714e-03
6.282746010503547328e-04 -2.148899957111325646e-03
-1.983764519351365139e-03 -4.014309197328726903e-03
1.384929487498773315e-02 -4.370301072652642629e-03
-5.590863147394552028e-03 5.956083168547447737e-04
1.226386385424632977e-02 6.305896958480943990e-04
7.620817036906971619e-03 6.786246951738102509e-03
-5.755136431987432910e-03 5.614125457202655267e-03
5.248314647582313745e-04 -3.736917437353967468e-03
8.297468333411566269e-03 9.246865374602765419e-03
-3.591196562528350782e-03 -7.620531010491676804e-05
6.496848350203152447e-04 1.229381590943796898e-02
8.048304322294396948e-03 7.210221739706128112e-03
-1.098623966763081182e-02 1.803828300583126473e-04
1.336455382347117443e-02 -3.014747269598729539e-03
1.131651054315073283e-02 -6.952452022615055252e-03
4.915137888809370699e-03 -7.102212298572680577e-03
3.744006898946075808e-05 -1.600343163584714949e-03
-7.323276330335564549e-03 -1.400849368654766454e-04
8.924816896543079706e-03 1.114395097634403135e-02
-1.719161461680316673e-03 -4.640795607293732306e-03
1.624132377105426666e-03 -1.313276064518488582e-03
-1.739486236844579696e-04 4.096613464353028068e-03
5.807887778027469132e-03 1.479337540197751388e-03
9.062714508115942910e-03 2.578702337295918183e-03
7.215330773955128986e-03 7.425059045047003800e-03
-6.226961011698450843e-03 -6.269366519737178817e-03
-1.681849162196529500e-04 5.115797434962850079e-04
-1.715249830053545282e-03 -1.338582104421074705e-04
-9.655704714082824318e-04 7.218045002958990881e-03
-1.633344697236046358e-03 -1.631620390903139144e-03
1.186056491658631085e-02 2.511374097867721984e-03
7.752024903097550455e-03 5.852017592400466511e-03
9.997869905374132810e-03 -1.336075355368136763e-03
-3.119116443808222713e-03 -1.090658574485882902e-02
-7.295304120485043018e-04 1.802854785582374978e-03
-1.645670380579261367e-03 -1.772503596183362369e-03
2.898180181549895543e-03 4.324702490955849472e-03
-3.518966768802428511e-03 -2.495871166560830433e-03
-6.744639712119804504e-04 -1.218646114152113855e-03
-1.164009167328700772e-02 6.093501935462464734e-03
2.668366848613376759e-03 4.131866208049195591e-03
-5.654551119898795601e-03 -1.270771622410704627e-02
7.826442022116656891e-03 4.674324044656421456e-03
7.622206093785409420e-03 7.172686134576220125e-04
-2.485205904798869821e-03 -5.283583216979915488e-03
1.482786152864817202e-03 7.220423982507920410e-04
-2.414365167951384918e-03 -1.634270735155348656e-03
-7.187230794601524517e-03 -6.133624582070435968e-04
-2.051156643532464890e-03 -1.133691502875603177e-03
2.495807281807926881e-03 2.159501334121062717e-03
-3.024087359233904732e-03 -4.952514073045927688e-03
-7.509087618403641022e-03 1.792652542779439931e-03
-8.521964570174034651e-04 -1.298590625249769308e-02
4.184218419882429138e-03 7.696208252901744640e-04
-4.026970130126983349e-03 -7.491062112347844290e-03
-2.290645315558628280e-03 -2.248431461776677614e-03
-1.021818489175612635e-04 3.699940387324322007e-03
-2.480368235253476578e-03 -4.822631378983385439e-03
1.572977567894314182e-03 6.215162232066483855e-03
4.691088263338446043e-03 -1.088008230233425584e-02
8.938994655725118754e-03 3.192863063917709444e-03
3.219110967432600463e-03 5.964673048822638837e-03
-1.872035100848033892e-03 4.564590297188815537e-03
-7.511274943696824753e-03 5.506802340675717548e-04
1.061062574941627062e-03 -3.286966110573296719e-03
-3.565619157922509178e-03 -3.840424458397742775e-03
-3.078818550616637881e-03 7.402930253107656636e-03
1.400881020047889218e-03 2.219804578711143377e-03
5.163375862007128433e-03 -1.019583104822771244e-03
-1.314395281066663493e-02 2.626870970826138130e-04
-4.610779667349870423e-03 -5.239581172112154489e-03
4.108412243984885769e-03 8.016292711314699365e-03
8.460352561126581808e-03 1.029732657253465584e-02
3.947252322604028613e-03 1.023079660152188472e-02
1.449257715502128268e-03 6.829322958687131934e-03
-1.107251945103252672e-03 -8.057996069014289071e-05
7.372579063709214751e-03 7.036177579881918755e-04
-5.774950129128470985e-03 5.793310884638737564e-03
4.743711839873246752e-03 7.570316900912452823e-03
1.167429060955920903e-02 6.467104356939847032e-03
1.060136537023576150e-03 7.590194482811179469e-04
3.953479049031722453e-04 4.622770101238858121e-04
-7.480061601131984990e-03 4.558363570764984926e-03
-6.891079144908553514e-03 1.210177789494606103e-02
6.076067217871499587e-03 -3.974154899334723587e-03
5.199889893077177389e-03 1.426059290445787133e-03
3.754080790242794730e-03 1.126666508037487205e-03
1.299166995996124674e-02 -4.437230177874037021e-03
-6.352995958883612005e-04 4.459758104022470840e-04
1.344090272877206983e-03 1.976340390306556213e-03
-5.780458297586534011e-04 -1.333552780620373031e-03
5.175238526390746503e-03 1.144292879885340031e-03
2.706269936562434239e-03 5.085302650365925922e-04
-1.213172995013770197e-02 -5.610804614040143870e-03
9.896949343829772316e-03 7.651822899522008059e-03
-6.527279832025371757e-03 -7.775718580477022392e-04
5.159543940833331323e-04 2.652129533643961083e-03
9.029776859217514620e-03 -4.693946087541251214e-03
-1.201945780222421446e-03 3.299291793917192173e-03
-1.369860856111263132e-02 -6.077057140542453835e-03
-2.047580261360843791e-03 -5.960697532444214630e-03
-7.405516712607642174e-03 -7.976266182825361706e-03
-8.351608736332407756e-04 -1.027135003372815682e-03
-7.483845463253520000e-03 -1.130551003193294192e-02
-5.486621742689042763e-03 9.494576444088593387e-03
-4.702280428807328709e-04 2.738409317046686022e-03
-2.925481892487963916e-03 -3.825448430801637809e-03
6.533378788945326879e-03 6.526481563611195684e-03
8.608388530749475423e-03 6.309888300548962062e-04
-6.442724354956805635e-03 -3.056354509222712016e-03
-7.215793792910862479e-04 -5.402066265618192444e-04
8.420389917390146833e-03 1.321754000988406477e-03
1.149748416167262720e-02 -9.346141340258325506e-03
-1.142420056052341829e-02 -8.476446280898304944e-03
-2.264269642538610603e-03 1.298300036923525497e-03
-2.126835049926133203e-03 -5.243955822698521951e-03
-2.564923712322614291e-03 -2.543848727807695650e-03
8.152210477545544787e-03 6.775246440521562330e-03
3.103342147799194144e-03 4.235772363300235009e-03
-1.497602759485363493e-05 6.401372654344351064e-04
1.686686831740343223e-03 -4.654845596969964250e-03
6.321862326771263401e-04 2.358037439740299189e-03
4.320726974576855409e-03 -1.726649475477458210e-03
6.902686270283632172e-03 1.277597050145511462e-02
7.158156718268520336e-04 4.125240347417881426e-03
1.375897569045436176e-02 1.493515299379109991e-03
-1.981369714103690970e-05 1.791854274360830284e-04
-5.516701567386353986e-04 2.213178718079829646e-03
-4.018220828955389005e-03 -2.523172877499008527e-03
-6.182623717374858240e-03 5.190150669234628797e-03
1.337157881830860692e-02 -1.311823122888969989e-03
2.246052482227857590e-03 1.350278668449907821e-02
-3.330840385937292383e-03 -1.454357254334132273e-02
8.661730665253773373e-03 -5.655477157818206320e-03
-4.358167043566315950e-03 3.326992639062173376e-03
-2.742783967639857937e-04 -2.954172660310179282e-04
1.580465581696218077e-04 5.895093599353602677e-04
2.270368599458566158e-03 4.450609668639968382e-03
6.306215800261808641e-03 5.552624809991024701e-03
5.344684729984171788e-03 5.920671003954196959e-03
-1.104601600851043376e-03 -8.616004314054816681e-04
-1.234703027443703055e-02 -4.420785382952884673e-03
1.287762544666120820e-03 -2.901165775259186745e-04
-3.944266728895307918e-03 -1.677873645815845761e-03
7.638571178253695257e-04 -5.991846990256856440e-04
8.928521048219364292e-03 -5.039991259070201665e-03
8.421188185804322907e-03 8.632704647981435594e-03
5.815375791825291331e-03 1.159268907481444781e-03
3.840025324190369377e-03 -7.221094481418683514e-03
-7.729560861704304169e-03 -6.812223490551888236e-03
-4.170040660701751847e-03 -8.720708737717639339e-03
-5.549511446779110263e-03 3.502202550119832766e-03
-6.286402103120770565e-03 -5.731810237427107865e-03
3.884697867967750948e-03 1.357236613397221937e-02
2.006228560745972316e-03 3.054103299178446626e-03
3.565187790347036124e-04 8.131598511989761649e-03
-8.997748840574660081e-04 -1.028447398548065425e-02
-9.540893583754095353e-03 2.502768391894961194e-03
-1.327781102110885125e-02 1.977936927134907492e-03
2.021204588341396838e-03 2.413966033743331508e-03
3.806033867868654878e-03 9.091788584448640912e-04
-4.581290631117828152e-03 -4.496862923552674349e-03
-1.197103304771644089e-02 -5.802315724819442043e-03
7.853951213005650085e-04 2.486594961677307189e-03
5.007644398635354224e-03 -1.172405636189188458e-02
-1.081494138819992339e-02 -3.135210163580518742e-03
2.155988836701664725e-03 -3.347269355163377379e-03
3.926975606496020590e-04 1.243297480838082870e-03
-9.438248715877508091e-03 -3.220164774856567550e-03
-6.935416439230785227e-03 6.422607059753957306e-04
1.519300183934866374e-03 3.167684793519349659e-03
6.690164059740386429e-03 1.828033055979592664e-03
-4.248369411338541132e-04 -1.204995258682223149e-03
-9.443677173886590170e-03 9.698812372419731570e-03
2.520921667454172413e-03 4.182749652561243252e-04
5.978595269002612246e-04 1.154367353183609855e-03
5.421289174295891231e-03 5.984949764922700526e-03
1.172578066822547137e-02 8.272609486775111751e-03
-4.019945135288976665e-03 -5.788137965638764752e-03
-9.664965093263335610e-04 1.126403056181340609e-02
-1.580928600651732019e-03 -3.872100819922288766e-03
-1.304686012710195957e-03 6.216430210597913460e-03
3.420405187563137391e-03 -7.274818172008348273e-03
-3.854507291134326788e-03 -1.311870533626936092e-02
3.582492910946768160e-03 8.710609567366071893e-03
5.515048446255540159e-03 8.948457583346117877e-03
5.142899678370154576e-03 -1.033438202196669889e-02
-1.467622944606914760e-02 -1.316863902754845635e-03
-3.945866261573251037e-03 -9.815283336748862469e-03
-1.377466938944163846e-02 2.394312660744499482e-03
6.585158176607965909e-03 -1.259007376024851195e-02
-1.117769923665598054e-02 2.376602605317365037e-03
9.501693494058204362e-03 -2.901822882810058644e-03
1.119436862384060906e-02 3.512212342375464584e-03
2.272145553701398254e-03 9.004228156224260496e-03
4.683266213499040660e-03 -5.551828037815171972e-03
4.310220918735826155e-03 -1.062189154062708266e-02
-9.063040582208156323e-03 -1.142785658289138806e-02
-1.576671966290134255e-03 -1.179018233633760682e-02
1.874408632255758532e-03 -2.797639990380899888e-03
3.483053300005767901e-03 -1.410320517264003481e-02
5.959360097331625750e-03 8.286204173542897206e-03
2.761173520433247291e-03 1.297202080783142926e-02
-8.484444376371847590e-03 -1.744315280097391433e-03
-1.217391286344840159e-02 3.694003179406872995e-03
-5.812667732678785358e-03 5.246532283662804549e-04
-9.787049226625488263e-03 6.202994638763564481e-03
-1.553256435669213851e-03 -9.785142920124135016e-03
9.143575757394077283e-04 1.383986221886900764e-02
-9.870447270694584010e-03 6.963189474124809562e-03
-2.328428679675529842e-03 -1.258456991428200805e-02
-3.504824312296404148e-03 -1.283472966273442768e-02
6.640110580294085636e-03 -9.951384545677456964e-03
1.382440054394889518e-02 1.253330246105773980e-03
-4.168646615140196403e-03 -1.142783543559582407e-03
-9.955877955349209593e-03 7.374459271001407822e-03
1.371268506197303831e-02 -1.838245667487293155e-03
1.452719052748680656e-02 2.421444321713546888e-03
-3.734976026160778933e-03 1.095320997839140977e-02
-6.218701618727567968e-04 -1.132644615401425837e-02
9.325208837304381840e-03 2.823896253738083281e-03
-1.037779121668231004e-02 4.834840807769370460e-03
2.798543519325875830e-03 -4.594053609326942920e-03
5.876344098109637960e-03 -1.292042713074630436e-02
-3.008389106208496627e-03 2.912015331883530535e-04
3.367223229228420017e-03 5.550382323232407392e-03
2.581202169541319674e-03 -1.367487398866482941e-02
-1.966700466865135138e-03 9.317504013046309583e-03
7.788338597610798206e-03 1.013875848088965220e-02
3.685735624718374133e-03 -1.189890275664591546e-02
-5.094233447968820119e-03 1.351979741620405609e-03
9.461215161634093512e-03 -1.018144581034449540e-02
