8.761262169919124473e-03 -8.574397074427191068e-03
-9.166285413911940891e-03 7.190216388308884321e-03
-7.292526006729749266e-03 5.890591179259144564e-03
5.046217985494713155e-03 3.320494547935985870e-03
5.247133070661518482e-03 -1.060931640299080971e-02
-4.322579050414889282e-03 9.818620593185825238e-03
-3.670786600546859305e-03 -8.693407026778999375e-03
9.901451763921376159e-03 -1.221168688900558033e-03
-3.106455511009857846e-03 -1.431759113158368856e-03
-1.227181488700374891e-02 1.712471716296099823e-03
-1.661572446093526750e-03 2.913619228104345413e-03
-5.552497040487040791e-03 -5.050720405584384516e-03
-3.403070179663786679e-03 -1.212390668688472818e-02
-4.763525537014854684e-03 -7.391131473475689648e-03
5.441821429402428009e-04 -1.893110085362843028e-03
3.675289020637891556e-03 -1.795845616428854048e-04
4.902812205465584099e-03 -7.243095503852223574e-03
6.251612378383300311e-04 6.551132930293980831e-04
-9.080803898923963183e-03 8.654481782806016515e-04
-4.032861607096453402e-03 7.450907814354521853e-03
-9.321218608869539027e-03 3.796693778232799240e-03
1.452578558665913386e-04 2.471618934080522210e-03
-3.394448647995495800e-03 4.200918753810870161e-03
-8.682805649768580991e-03 5.467047176891479815e-04
-6.113379517355724616e-03 -5.782438142926863041e-03
6.980679771473788549e-03 6.771270924143138123e-03
4.840257750831238048e-03 -3.901525971401428785e-03
9.713916169520501326e-03 -2.553396297393574921e-03
-7.071589744470849204e-03 1.247247443316144323e-02
-1.371855002776232752e-03 5.459064492744012927e-04
5.772762803835857111e-03 -7.035283193351287052e-03
1.039355305973188419e-02 8.460145081176666595e-03
-4.284675962465830934e-03 6.195284650173223974e-03
-3.790594821313415276e-03 -3.572308903305364703e-03
9.318568264617330815e-03 -3.015673307517461113e-03
7.998666339466385319e-03 -2.687254507835001947e-03
-2.492023419686391003e-03 1.370437226857686500e-02
-4.787378635286537905e-03 -3.619472370437869929e-04
1.695899151870962698e-03 -1.709949141548336524e-03
-1.117205095569809813e-02 2.113120309705051984e-03
1.973823275001596999e-03 -8.427438160966750982e-03
1.344001527313813497e-02 4.752212928444526571e-03
-6.585646633597832741e-03 1.177483764040663204e-02
-5.733109637125546887e-03 9.497686121692336739e-03
-1.008587968343932322e-02 -3.098571853666090992e-03
-1.106016412424252852e-02 -8.801392706328932738e-03
2.168071439947876020e-03 2.255982308093733377e-03
4.192858266237253426e-03 8.270783794355385590e-03
8.065657177689046151e-03 1.180880673017929705e-02
3.504181570787888184e-03 1.282714970226664364e-02
3.403620716729638743e-04 -1.121937779510977402e-02
-1.201216849606628542e-02 -5.027289735916206335e-03
2.805385753934287480e-03 -9.530806011025077726e-03
1.040936143111924513e-02 7.398897966439363198e-03
-1.137070492819265179e-02 -5.655279980261314864e-03
-8.310988860692413230e-03 1.041669725919291793e-02
-8.089011694766709559e-03 1.548252763560643928e-03
-1.468821038256109407e-02 8.980479177175779452e-04
1.089583437753565386e-02 -4.775291825282037238e-03
1.781135283307913250e-03 1.424459010540353844e-03
-2.497147560891926563e-03 1.092542663125395386e-02
1.427223869847763817e-02 2.875727273541127046e-03
-1.210728678745683594e-02 6.346048016085528709e-03
1.240503544970861932e-02 4.694856130931667273e-03
6.280072496432541167e-03 1.748395510440978683e-04
7.067314042505918811e-03 8.870742076104691162e-03
7.870572336614804765e-03 7.156206879110345309e-03
-5.541637869115029593e-04 -6.233810216248789060e-03
6.706352500209815902e-03 7.625039954936059169e-03
7.051022883783288411e-03 5.841294907989609195e-03
5.847919840252265369e-03 2.254000453832292420e-03
-1.231834597978244579e-02 7.238279763787070289e-03
-9.967150261870642500e-03 -1.002138634775307999e-02
-9.390333098638781878e-03 8.670068315046138008e-03
8.406111286820137918e-03 5.344752831216988825e-03
-3.708677196607608733e-03 1.102939117691796589e-02
-1.050282880211265892e-03 6.907239236401364543e-04
-1.365641812524706926e-03 -1.415725419828587099e-03
-1.314566960803769530e-02 -2.177552535526530372e-03
-1.305355326164414501e-03 -4.199705259452319629e-03
1.147069882618819391e-02 -5.362297179732368989e-03
5.624488375538872972e-03 1.074453753082673518e-02
-7.430736713874537026e-03 1.070677903408762469e-02
2.724536790172319561e-03 -1.229652640853826258e-02
-1.374145016653758634e-02 -4.629841336467402542e-03
1.498128778433862121e-03 4.402284963478340744e-03
-8.409986102931234220e-03 -5.103508624427888392e-03
7.169426278937861101e-03 -9.691411558977965079e-03
5.139795932460146377e-03 -6.581651388038204861e-03
2.331999203242758525e-03 1.299736387648611595e-02
9.785379179778862235e-04 3.182265382206513060e-03
