2.556972679565196020e-03 4.886910139951889873e-03
-8.506797470296175237e-03 9.048999767894290100e-03
4.402504337889117519e-03 8.132524549907812345e-03
1.412967222867110399e-02 1.674025898942548864e-03
-6.258765142726980743e-03 3.102879128838236748e-03
3.826645833423867726e-03 8.040944078001811129e-03
4.210594092901876091e-03 4.316352323991057803e-03
3.361846248552218669e-03 -2.139623752227802836e-03
-3.291340761158522733e-03 -3.545007192366724739e-03
-8.189235586632539424e-04 3.620685598759033029e-03
-2.569298362908411897e-03 -5.027793345232112882e-03
-4.738203671418124083e-03 1.155852178992522981e-02
8.303232040870575821e-04 5.661831653744637399e-04
4.119013620994513118e-03 4.892210828455167450e-03
-2.022593645219263048e-03 3.655012304536468543e-03
1.788277892193072469e-03 5.025143000979903803e-03
-5.584173402012267660e-03 -7.035410962855732399e-03
-1.853610460585434702e-03 1.045438320803321330e-02
3.460451715289508852e-04 -1.012558109981495690e-04
-1.342828985503434838e-03 3.311617477258585289e-03
-3.936235985690136451e-04 2.802688078015190022e-03
-6.833825378777484173e-03 1.032224930392458377e-02
-1.211621119312856001e-03 2.377388117920950159e-03
-7.325798905083327414e-03 -1.071600067199826242e-02
-5.528643942215357571e-03 -1.207990464201628630e-02
8.375720865496077278e-05 -9.589733298168718473e-03
-3.807422924745160198e-03 5.159799479836077625e-03
5.222481703975087597e-03 -1.089108281355125572e-02
-1.295250558464513526e-03 6.101852102429054011e-04
2.187202179267865813e-03 6.604139815351778905e-04
-3.056354509223392461e-03 6.442724354956234044e-03
-7.204394147489561612e-03 -1.215197501484477534e-03
1.078637838988593181e-02 -1.653493643833375305e-03
-1.174618515382941028e-02 5.286504925935624211e-03
-9.026998745460070028e-03 -7.444010589020389791e-03
-5.891517217178555282e-03 -3.246540447876476373e-03
-6.099329527679492671e-03 -2.376589849506203361e-03
1.265298503272303809e-03 6.700893206261834953e-04
1.320827963070355781e-03 -4.374404358535731625e-03
-2.474397047830107204e-04 1.228321453242439340e-03
3.020303497112940012e-03 -1.091135952965268004e-02
4.577842018451442133e-03 -2.033067252725015775e-03
7.709747164562697104e-03 6.991408917988651411e-03
3.510552717084623568e-03 6.861925358131090377e-03
-5.093796412534775699e-03 -6.190622809189453082e-04
4.506538262643000267e-03 -3.659386955122836873e-03
3.266561624968787950e-03 1.462017698765304130e-02
-2.900367506843079275e-03 -5.566674799667718082e-03
9.144156621974416921e-03 3.103932936262093680e-03
1.277624186615518818e-03 8.109725259064068294e-04
1.135693620584676475e-02 1.277695033038983574e-07
-4.374404358535731625e-03 -1.320827963070355781e-03
-1.003265963011059324e-02 2.155398048239334612e-03
-1.760081794724066215e-04 -8.502295050205142118e-03
-1.043848114251837676e-02 -6.539733284873822279e-03
1.302818282711666002e-04 3.111756199515637762e-03
-1.012954079052373613e-02 4.293297494132979064e-03
1.001595929618101163e-02 -4.780225870943295707e-03
-1.942412818737064605e-03 -1.107714964062278236e-03
-7.547788974766303852e-03 -1.894962161201666200e-03
-6.731515760356619228e-03 -4.734627289246501683e-03
1.135814943427254956e-04 4.869283768103161011e-04
6.707918201094047010e-03 -1.095006088601534200e-02
1.386831030370515609e-03 -1.186043714708155845e-03
-2.641528156634904458e-03 -2.608127488775519205e-03
-8.899367261442473614e-03 -3.551233918790555350e-03
-5.719755918786710754e-03 -8.585126220942053063e-03
-1.021818489175612635e-04 3.699940387324322007e-03
8.375589604106958158e-03 -8.114770408555514389e-03
-3.485901350398193984e-03 -6.580158947570643492e-03
8.523242265212784127e-04 1.628970046650249403e-03
5.435466933478501003e-03 -1.966138147504302262e-03
-6.095082646597571423e-03 1.146429097376565863e-02
-3.608487684921624257e-03 1.067889585246395087e-02
6.491101050411043384e-03 7.665872889198700572e-03
9.218238491537231183e-03 -7.407704037900826773e-03
4.191243414719864231e-03 2.472544971999933797e-03
4.246645105013470423e-03 8.784987498686143773e-03
-1.708352604712913862e-04 1.292600214210943340e-03
-5.226856354561455927e-03 8.407138196127518504e-03
-9.625912079783617570e-03 6.804543822496717138e-03
-1.361253625767176127e-03 -2.578175433584451153e-03
-1.087610678595583164e-02 -5.862618969410203149e-03
3.433948272778833627e-04 6.797646597158284263e-04
1.104010812387352589e-03 1.424152941667830921e-02
-4.778501564609137324e-03 -6.750994208041934119e-03
7.224543094086320269e-03 1.036995550046795021e-02
4.308401291234211124e-03 -1.867532680758361664e-03
7.582243450049546037e-03 -8.258303958089307367e-03
-8.630054303728545637e-03 7.640167715089554203e-03
1.901859386544447756e-04 5.512071377788202095e-04
-8.417867342641240785e-03 9.254161734143019277e-03
-3.323144892188195816e-03 5.827238456210050849e-03
-9.024252283091043630e-04 -9.503453514765993967e-03
-4.563664259270764842e-03 -5.918020659702448449e-03
1.443701604383739248e-02 -2.114844616036708896e-03
1.058651711214184284e-02 -3.126604457606616504e-03
4.510912913230729487e-03 -1.175442337697957338e-03
3.988859562228011524e-03 -9.576481576906091878e-03
-1.308451171924295345e-02 -2.748691852263156904e-04
6.232563730005641215e-04 -4.209313767687675916e-04
7.420814671131040902e-03 5.037144340808197328e-04
8.011109470495478280e-03 -8.505203063575180952e-03
-8.502704954370728097e-03 -5.801023871080418504e-03
-1.219645956741869167e-02 -5.768126361031725505e-03
1.744777963699201909e-03 8.801975383516423557e-03
9.329366497586246906e-03 -1.358349975409124430e-05
6.916692309812175372e-03 6.497921923976161243e-04
6.922939063486511536e-03 -1.112846725880799192e-02
1.137324194976970654e-02 -2.184268415635690855e-03
1.196287311909386211e-02 9.387615235151772057e-05
1.101644455056246044e-02 -9.215796371995509106e-03
1.585561030113055367e-03 -1.657344650722785600e-03
1.291816492387898134e-03 1.431351896888981984e-02
7.870183418021399827e-03 1.025077971102957529e-02
-7.733954951243001384e-03 -6.580328915769884275e-03
-9.329503534987608525e-04 -8.170070885427000579e-03
8.333203253723622805e-03 7.848176220284386329e-03
-1.245300104081077663e-02 2.395057083988880436e-03
4.802951047437553633e-03 1.780846931032356454e-03
7.992807790955701319e-03 6.888653864236183276e-03
-6.258097443766760110e-03 4.311118875136331526e-03
-1.252333092622837443e-02 8.920000041342721325e-04
-9.682687475936009938e-03 -1.999984026260847453e-03
-7.862176995239921959e-03 -8.540164626150986357e-03
-7.919352381200839936e-04 2.009794502364915369e-03
-1.095221769258383250e-02 5.123305852599682568e-03
9.539119097863634281e-03 -6.897037253347555567e-03
-1.759862705875416770e-03 5.880532238951980545e-03
3.587496884899802219e-03 -3.301457046835401489e-04
5.348354777689021296e-03 -1.590908978483068260e-03
9.503173989863188120e-03 -6.899739560868021516e-03
6.006480209273692798e-03 -4.795339324808025987e-03
6.339146629296496353e-03 1.352029032071569090e-02
1.451652607290429900e-02 -4.114071163942558599e-04
-4.455060117785173378e-03 8.201983108450743541e-04
-2.930985650064296330e-03 1.182932288576684678e-02
2.659478610140371228e-03 -5.279194636478265999e-03
3.698672244169100374e-03 -3.476850586271200937e-03
3.632563843852428150e-03 7.850531707291103292e-03
1.325095794077856687e-02 -1.097257389532787456e-03
1.142352486893140340e-02 6.422782056128837833e-03
1.837529479710816498e-03 5.896145083773704325e-03
1.260445695983005397e-02 3.124038475404627112e-03
-8.524977815451476731e-03 1.760154912766822297e-03
-1.237627649688706477e-02 -1.416833135269202461e-03
3.546685146288027207e-04 -2.175089551723631900e-03
8.863351790608179834e-03 -9.084215826099222967e-04
1.545939963078581374e-03 -3.319171793172967836e-05
-3.401114445565420717e-03 -3.010274207320920263e-03
4.733153634907448157e-03 1.035760517740078046e-02
