2.262369507635367955e-04 5.019842312474124754e-03
-2.540272345635394106e-03 -2.262082317245426872e-03
5.265557710923898663e-04 -4.719523492148915795e-04
-1.306650203888317166e-03 -3.576683553890590717e-03
-2.836216515377879173e-03 5.713656961867325489e-03
-3.017525383354923395e-03 -1.226597146909641414e-03
-4.471157749442847967e-03 -1.053986472302119101e-02
1.141511600989610249e-02 -5.825386380370087096e-03
7.321552024002766189e-03 -3.124880151272457253e-03
2.913619228104345413e-03 1.661572446093526750e-03
-6.237690158211952815e-03 8.211651568969796991e-03
1.243297480838082870e-03 -3.926975606496020590e-04
-1.924786446888069463e-03 -2.528872700211590684e-03
6.050026794306631768e-03 1.813057028385309591e-03
-1.441938967198953987e-02 6.936868798887562554e-04
-2.270831618417020782e-03 -2.427616889213440789e-03
-1.273766827929925446e-02 6.934825650767884389e-03
-4.620918025400472424e-03 -4.138492068679828877e-03
2.925146643032813625e-03 -5.508494995618598913e-03
-2.148500822905203417e-03 3.027200722445929325e-03
1.727575513396189567e-03 2.747414157230112499e-04
-9.994756542161536625e-03 -1.467937894773267520e-03
-2.685530201503346336e-03 -4.733701251327090964e-03
1.612141943216001058e-03 7.879784156620384117e-03
-5.707430235443495745e-03 -8.444243015661830054e-03
-1.220370420484450345e-03 -2.590501116927885171e-03
1.425532386735680343e-03 2.501570989272732144e-03
5.027665575726305777e-03 8.787637842938572294e-03
1.701998108790347530e-03 4.038960564015836932e-03
3.421750358934135764e-03 -4.700172813965761837e-03
1.270758845460374063e-02 5.702385085947970014e-03
2.804412384349348406e-03 3.658588686708089642e-03
8.097909489808712176e-05 2.548223378392241653e-03
8.048895110758657809e-03 -6.169707245567381503e-03
-7.941540342841123951e-03 1.226466212266050584e-02
-8.813502437942958775e-04 -4.394681074636936496e-03
1.179561449279515912e-04 2.970872994235413886e-03
-1.539113881075903148e-03 -2.988499366083266929e-03
-9.026998745460070028e-03 -7.444010589020389791e-03
9.151309386316516803e-03 -6.550079122873768769e-03
-4.249423218768983400e-03 3.352969177875959102e-03
1.110684615681040155e-02 2.009469693462442690e-03
-6.336966123868193780e-03 -1.158330092611496547e-02
2.208404933287339954e-03 -5.587749784181385987e-03
-9.061293799840302275e-04 6.680488720649381366e-03
-5.526919635881198320e-03 -8.814939553877212258e-03
-1.621019013893402073e-03 -1.490737185622235256e-03
-4.058311242196487902e-03 -1.418092431996350287e-04
1.880912171525434690e-03 -1.095363726818696266e-02
-1.544414569581682630e-03 -1.426458424653731256e-03
-8.789234379768065888e-03 -9.594235718258391568e-03
-1.166680259576081610e-02 -6.787172989656832349e-03
6.429600403199413686e-03 -4.395479343050540978e-03
-1.515260782804219060e-03 -1.001768360251516915e-02
-7.101414030157253768e-03 2.395812758183549565e-03
-6.255188760556501526e-03 -1.724126900729014249e-03
7.272249290629686710e-03 -3.688412972395854229e-03
4.639470435167736620e-03 -1.328651226321396223e-03
2.176154190977495559e-04 -1.130498312822169477e-02
1.025889658087549179e-02 2.864444264235930290e-03
-8.735556995808618080e-03 -6.546758279711257372e-03
-8.136228701586163421e-04 2.058644657330857379e-03
1.027997156539029941e-02 7.973216704364989929e-03
-8.130672474070349195e-03 -3.689466779818568846e-03
-9.310617231860482401e-03 6.726118953739469025e-04
-9.381920987666421061e-03 -9.537078070240932043e-04
3.492000307318719396e-03 1.232906865313345562e-02
-1.186043714708155845e-03 -1.386831030370515609e-03
1.158742003769516315e-03 1.886085090525407718e-03
5.176787004163496339e-04 5.917094621784397754e-03
3.003475393678691450e-03 -2.179251146511018700e-03
5.889920680347701665e-03 -1.137536084610936415e-02
-2.296855634318535622e-04 -1.154977248875227631e-02
-8.096345768292913248e-03 -2.485796693262560392e-03
2.285807646013805761e-03 1.787479623779467553e-03
-7.515314344827471633e-03 7.400679043063390812e-03
-4.301248526890968926e-03 -7.786479378378861893e-03
-1.437059801664148338e-03 4.668496452439393520e-03
2.059570695248908508e-03 -3.232362688695798215e-03
-4.317278361909109366e-03 8.256579651756291299e-03
8.506956515524730089e-03 -5.917138391213800676e-03
-7.044260022440482737e-03 -6.361486433330264430e-03
-7.193298415790888578e-03 9.300711892818773474e-03
6.736823933234529008e-03 -4.880995538365093993e-04
2.829438341903430573e-03 2.077706100923931883e-03
7.127003572791553582e-03 1.321582321813793677e-03
1.319991379152960290e-02 6.646245113741713374e-03
8.719817255102541020e-03 4.499066682011780734e-03
1.110977713486317742e-02 7.302062676681616779e-04
1.843026118452966344e-04 -3.623358411622739500e-03
8.210980968880657663e-03 -1.896167704545726482e-03
1.904001377180452670e-03 6.564145093544263010e-03
1.305167591320408093e-03 1.304173560219541728e-02
-5.486569131691977803e-03 -7.791444352935906863e-03
3.293332545014536483e-03 -2.707474559834249783e-03
1.055613053345073014e-02 2.446051862165936168e-03
5.685665304176711933e-03 7.438856719927119205e-04
5.051896070666137169e-03 -3.133355895965489295e-03
8.875618381391031653e-03 1.082438118836364163e-02
1.144449596724021398e-02 7.871052780485133030e-03
-1.240706385627639990e-02 6.484885434147456178e-04
-9.650683049263740834e-03 9.463639874949547962e-03
1.189412429442305436e-02 3.587211790761388533e-03
-7.900879577778179008e-03 7.356032527094037883e-03
-7.674433954777545690e-03 5.458373009634396450e-03
5.888765223846854913e-03 -6.131013532818978436e-03
-4.193005370496624348e-03 1.291144617131475061e-02
1.279817712413672042e-03 -3.364341992002951729e-05
9.526016567585028020e-04 -1.221463919180272237e-02
-7.154503851270656821e-03 -1.172811975711954280e-02
6.741387738290725157e-03 1.214246384828208958e-02
1.262060785707570625e-02 -6.758492082265550984e-04
-6.600321752094397317e-03 2.415674617733154159e-03
8.393560523234911558e-03 -1.976030959159943892e-03
6.804766199805013099e-03 -1.322267756580205317e-02
-1.504846669200370632e-04 3.426309725688546115e-05
4.792379433286102566e-03 -3.383775286776864299e-04
-5.018665863192971373e-03 -1.028723225980942776e-02
3.808041139426783669e-04 7.227822882143003676e-03
5.767287489753999789e-03 1.209634051395514116e-02
-1.992745953804552026e-03 1.345620620553690007e-02
5.842839848943871643e-03 2.775409959952106903e-03
9.658512011974474537e-03 -9.182375129804892094e-03
-1.432857578212141242e-02 -7.371952303907496149e-04
-1.089158576205566213e-02 8.329485665497184457e-03
-6.677389774277106560e-03 5.459954209263102008e-03
-4.572344211925921903e-04 -1.387020877914171141e-02
-6.249221747611040899e-03 2.436418266890714480e-03
2.864930537431519672e-05 -3.171497210904566932e-03
1.024470119336014229e-02 -6.605528983857068999e-03
1.447787982025450747e-02 -1.413028100778356781e-03
