-3.805570848907697916e-03 -2.932171637871610042e-03
3.720217103424384129e-03 -2.099996357945729288e-03
2.849340467135841413e-03 1.738176890405245759e-03
7.066033516957101468e-03 1.180343891996047875e-02
-4.844632401417607245e-03 1.417581353977691132e-03
-9.283315520920480679e-03 1.733578352201975425e-04
8.572672768094173265e-03 5.496297081778687803e-03
-1.890331971607329617e-03 -1.268213881950234524e-02
-5.188154998198794832e-03 1.209475290010862680e-02
-5.058543668837928164e-03 -3.461377753216209312e-03
6.990482880069240693e-03 -3.663761605709423344e-03
7.631546183421264624e-03 -7.694771136967052706e-03
-7.198167421065731000e-03 -6.823224001768428415e-03
7.952939988264927373e-03 -8.077793358527009943e-03
-1.762956026596341867e-03 1.392451026242101653e-02
3.171788079402219213e-03 -1.404776709585474695e-02
-5.446068310487556761e-03 5.090220030363155033e-03
-9.751819257468416491e-03 6.176732240404816596e-03
-7.994163919376493649e-03 -6.185737080585521942e-03
-2.145850478651633447e-03 2.246180251731731779e-03
7.655063490484890695e-03 -1.432158505900432872e-03
-1.066809994003116088e-02 -1.030395278121800512e-02
6.299960768624611289e-04 1.348533967302388212e-02
-8.277234042009605497e-03 -3.967849319133913053e-04
-6.733255017946914410e-03 -1.154899233416525374e-02
-1.293690702370437449e-02 2.780799389122227527e-03
7.012112911489192316e-03 1.002307125893131881e-02
-1.933476737765548251e-03 -1.383679364617391994e-02
-2.080031295842102532e-03 2.362347980261866355e-03
1.000856225224172440e-02 7.238618724662443382e-03
3.686115776534557801e-03 5.396637716790568008e-03
-6.302548293613414662e-03 9.190521353538519747e-03
-1.440986245746983530e-02 -1.428820770526803953e-03
1.035437008343339377e-02 -4.618133578488925993e-03
9.118349771807124707e-03 6.955139066617264595e-03
-1.840071866979360463e-03 1.258778592793641238e-02
1.254748995916711747e-02 1.441274687316568661e-03
-1.021572765715954463e-02 -7.531801364485722280e-03
-4.022935902066033902e-03 -1.168571531444541865e-02
-1.112568403273550034e-02 -4.949624288017513175e-03
9.128920181844307410e-03 2.526053035768613658e-03
8.790348630391903520e-03 5.088789989884706134e-03
6.004815396667476796e-03 -2.523007540197139045e-03
-1.166967730700533938e-02 6.153541068751247102e-03
-1.073266719772931685e-02 -2.302102477250003720e-03
3.382549995099244644e-03 7.035221130985240372e-03
1.576043546719516292e-03 -1.151167619199394351e-02
8.207198026209450159e-03 -1.216293240976139799e-02
-1.015416094654505259e-03 -1.370213064755677445e-04
-4.873535191041939232e-03 1.696290574484385230e-03
1.296457168882071079e-03 5.695040972611874024e-03
1.077058813596874429e-02 -4.545625573463877266e-03
-1.254974655343774059e-02 2.728342099996008355e-04
-4.281143847512768573e-03 -8.650076105239689825e-03
3.692906456213960412e-03 6.520716194840132929e-04
8.756810829733660539e-03 6.958440833050194563e-03
5.701539709383442005e-03 8.602496180051025579e-03
4.901102590809373709e-03 -2.706917168164336279e-03
1.318612653689231473e-02 -4.749333765681885630e-03
-5.077893298589360692e-03 9.128833923119777927e-03
-1.190194311815785102e-03 1.407181921837750288e-02
-1.332184214618698480e-02 -4.275851012899191048e-03
-5.770496129475224771e-03 -8.388040468558989604e-03
-9.704275921098801669e-04 6.621149185877411338e-03
3.453370334966006198e-03 -2.292906164129342270e-04
-1.112159748453171206e-02 -8.417999616642196301e-03
-6.412147580402158611e-03 1.321824207725469727e-02
1.322752627186922839e-02 2.257714885855069225e-04
4.180996487156773446e-03 6.370267206596377796e-03
1.209208760991432527e-02 -3.232779733068682007e-03
7.786650299172357889e-03 -9.165319007665617603e-04
