7.790854028964087907e-03 -1.817303909465870816e-03
9.447029668433882914e-04 8.364062189178489079e-03
-7.263372219953647020e-03 -2.700633998603435646e-03
-5.635328211233961090e-04 4.930273337307953261e-05
-4.692221781207772842e-03 -5.764811771079010431e-03
-3.532553739518844941e-03 -7.924712239406874956e-03
4.658821113348387589e-03 5.151561256685863351e-04
3.094257597172449074e-03 -1.006606029796883704e-02
-1.036538977759642391e-03 1.492566872698186664e-02
-1.118517490745627938e-02 -5.338713542570022903e-03
2.129948413136797340e-03 2.439942572556656232e-03
-1.184744096482891890e-02 4.940459754405530576e-03
1.050461197932434435e-02 -1.628842277145585264e-03
4.146315331933371658e-03 4.392956768302777246e-03
6.666438730973368865e-03 -2.499718913434127113e-03
-6.642585632700323886e-03 -4.529465322996632792e-03
6.596157131204304427e-04 -9.498152826260214052e-03
-3.796821547736103572e-03 2.035717596977225288e-03
-1.076038602538412258e-03 3.927103376007270823e-03
-5.847355751415093603e-04 6.297466499090785021e-03
1.984690557271347883e-03 -3.167636152522654378e-05
-6.850653482204662435e-04 1.905435768706058471e-03
3.266944933483002409e-04 -1.945063162988132019e-03
-1.156474851634906043e-02 8.698228288658267984e-04
-2.967296612063792353e-03 -4.709049884640660079e-03
3.816172225918115432e-03 -1.919102449861008475e-04
2.179251146511018700e-03 3.003475393678691450e-03
-5.356212144913210724e-03 1.249396437758609583e-03
-3.578407860224749534e-03 -1.958314884250758614e-03
3.097578440334960038e-03 7.820806084156297841e-03
3.338919188198585710e-03 8.435749253496843941e-04
-9.331692216374148571e-03 -4.436160544756472326e-03
1.613994019054605655e-03 -2.121869610886656333e-04
-8.698228288658267984e-04 -1.156474851634906043e-02
-3.294917143330144266e-03 1.281998837201886498e-03
7.684297529461300846e-03 -6.013081395666464851e-04
8.006617372224373447e-03 -5.030315919979876614e-03
-1.095261511215759112e-03 -9.273640181829474749e-03
-1.631620390902458698e-03 1.633344697236617299e-03
3.682314015476468964e-03 1.523339585065513037e-03
5.200352912037563627e-03 -5.969334889802785891e-04
-4.657256227910610766e-04 -6.134582271376341073e-03
-8.995450153440651131e-03 5.897616174097940547e-03
4.127890691670772251e-03 -1.496836142541619870e-03
5.634402173303396967e-03 3.552958225124714167e-03
1.643147805830926910e-03 -8.803412138948743179e-03
-6.824820538596779694e-03 -7.423733872920327236e-03
1.190376869304057665e-02 -2.674002786573736676e-03
5.555817883640464406e-04 2.293758678770653307e-03
-8.674982386516398233e-03 9.560579511391257071e-03
2.542922689888964076e-03 1.481061846531229759e-03
1.001940790884932840e-02 1.749704305334855853e-03
5.810665891784914591e-03 -1.065861913636388832e-02
3.630360937850038092e-03 1.740827234658816162e-03
1.110365308315848423e-03 -2.723433289451261501e-03
-4.548688231673978996e-03 -6.558157925136421686e-03
-3.983431104218927710e-03 -3.342495570370206809e-03
6.057850057558815393e-03 1.082693182208741695e-02
-6.477051060733669992e-03 -4.260024595779400916e-03
-1.297900902715581157e-03 1.391205680956883505e-03
-6.700893206261834953e-04 1.265298503272303809e-03
-1.897484735949210924e-03 -3.028126760363980020e-03
-5.800862783189463315e-03 2.235866065113272828e-04
5.989196646005084078e-03 8.419591648974038278e-03
-7.942721919779655894e-04 3.902452009320840371e-03
3.422548627349101570e-03 2.610777833029089608e-03
-1.797154962870473049e-03 1.363903970018243757e-03
-1.076265306111891425e-02 5.981245613247095083e-03
-4.247571142931521118e-03 -4.739001939831728565e-03
1.240647136587015240e-03 3.883229100643759363e-04
-4.048635903105482839e-03 7.800944327959271913e-04
2.322912465548116444e-03 -9.146806966225483684e-03
-5.885290490753363780e-03 -8.854566948159284939e-03
8.279506712108562066e-03 1.334079684330480037e-03
-2.982272639658075861e-03 -4.068912619206905418e-03
-1.249102684292984974e-02 -1.604446449468264514e-03
1.529438541984897435e-03 2.066595690087704926e-03
-8.407265965630824137e-03 6.130079851285307954e-03
-7.774440885437178955e-04 -4.829656373820821400e-03
-7.959964983096215257e-04 6.374869211815452569e-04
4.258172519941938634e-03 1.614920056974017458e-03
1.979389868765567967e-03 1.530364579904309238e-03
-8.770937509008768646e-03 7.652493398432769212e-03
-7.449311277526168840e-03 1.058903968688960570e-02
1.018784836407344001e-03 -2.147574784985791831e-03
-1.060137700905662561e-05 3.124081882858852771e-03
-3.671201560451211286e-04 -5.007516629132050326e-03
1.229116556518439901e-02 1.313356356938827352e-04
-1.043436203093774236e-03 1.865808374425345162e-03
-8.347234085744241819e-03 -7.787405416298273479e-03
-8.350938237419166382e-03 8.396536819117103589e-03
6.251612378383300311e-04 6.551132930293980831e-04
7.486958826466115317e-03 8.501496781791538504e-03
5.124546736140590981e-03 6.649738397043566084e-03
1.239852033310329463e-02 6.226290512788148525e-03
5.460916568578536370e-03 5.626578910049854186e-03
4.605015959885636750e-03 8.824614892968216454e-03
-1.131465846731133720e-02 -1.139519095092169677e-03
1.672844322014026275e-03 1.263018574187591350e-02
4.292499225719374582e-03 2.818590143530026564e-03
5.174775507431721155e-03 3.167285659312547418e-03
-6.723692497103076447e-03 4.279247504456747120e-03
0.000000000000000000e+00 0.000000000000000000e+00
3.730020212019835406e-03 -1.253502888779829162e-02
2.191704599357537607e-03 -8.212577606887847687e-03
-1.635069003569634017e-03 -4.896585479042895803e-03
-5.628175446879346913e-03 -9.160984725406162710e-03
-1.160466310103674698e-03 -5.151050178664483281e-03
-6.780403533830307167e-04 3.608359915415817153e-03
-1.080480303014853122e-02 -4.236299267011021594e-03
-4.858682391093838322e-03 -1.988266939442968981e-03
4.701226621388477321e-03 -1.198117140576590231e-02
8.018082648334010770e-05 -4.762727268600107887e-03
4.888634446284905941e-03 7.079924085752406504e-04
-4.746026934671009837e-04 2.544646996229489111e-04
-3.897279090319506235e-03 9.000623072440622208e-03
-1.655473489174141919e-03 8.662528933668520170e-03
-2.648553151472339984e-03 -4.311051635485278755e-03
-2.346637794315134876e-03 4.819054996811764774e-03
-1.238274603709290517e-02 4.445228687715869348e-04
1.166785640318353072e-02 -8.615748775043202690e-03
-1.671247785184532464e-03 1.991715552108783410e-03
1.025937600750585765e-03 -1.180158684412301560e-02
1.057486192770005964e-03 1.540039918995314734e-03
-5.349187150074634182e-03 2.952320584467008242e-03
1.149424302895672538e-02 4.814808115729842658e-03
-1.205697758166401554e-02 2.545445264636727808e-03
7.922860163569411807e-03 4.559417378188842726e-03
5.608824768697555363e-03 7.317177373417539307e-03
-1.082958216633962689e-02 6.838870528274153954e-03
3.056226739718727672e-03 4.914211850889387521e-03
1.367627228922325966e-02 -4.319673167153568333e-03
8.374663566187545705e-03 -4.068784849702239761e-03
5.406313146701037867e-03 6.625087030357135198e-03
-3.579333898144161120e-03 2.087670674602514279e-03
1.328264869065424493e-02 -1.516985089138378311e-03
6.577636372816074873e-04 -1.406181708553668917e-03
-2.318282275953779427e-03 -1.108312082804316367e-02
-9.546529521715025127e-03 -5.269134093095739421e-03
5.434540895557947102e-03 2.079847411350331521e-03
3.368743473886349864e-03 1.092023660032872059e-02
1.628970046650249403e-03 -8.523242265212784127e-04
-7.185937855842972760e-04 8.012716329143758712e-03
-5.761235388907388899e-03 -1.347842483608386113e-04
-3.215534585261550088e-03 -1.079167907839057028e-02
-1.439036365471788384e-02 3.459397907874300383e-03
-7.876335543953207063e-03 8.142072119495514376e-03
-7.294250313063908517e-03 2.625626091120067916e-03
-2.500644951353539133e-03 -2.620453172120095105e-03
-4.460556372433792209e-03 -1.366394660588004378e-02
-2.764114491155831958e-03 1.465092731125885658e-02
3.424400703186563852e-03 -5.481193284678598059e-03
-1.210695081394805306e-03 -1.668597440933465050e-03
-1.192232110280648169e-02 8.141146081576101923e-03
-1.008633701407004105e-02 -8.920793903077987169e-04
2.599250418099479515e-03 3.747518814364384984e-03
1.201019742303799593e-03 7.466937649379027210e-04
-7.629694107583802343e-03 -3.971999807406345270e-04
-5.504120345032230584e-03 -4.412020256090764050e-04
-6.164534326567407824e-03 1.746000153658788974e-03
-4.693020049626820669e-04 -1.307576241807728752e-03
-2.741985699218307121e-03 4.356777986687879016e-03
-7.335474244174333344e-03 -1.163790434799382399e-02
6.050154563811077982e-03 -9.543879177462815180e-03
3.328445580692833417e-03 -7.389279397638226499e-03
-4.409529332727915238e-03 -9.835448696618712475e-03
-8.850990565988805722e-03 1.058284461186114085e-03
2.114174117127767902e-03 -4.230870809001937780e-03
-2.148500822905203417e-03 3.027200722445929325e-03
-8.424892337479818194e-03 7.551237587434619751e-03
-6.307141838181790083e-03 -1.506639251137071797e-03
8.769883701586054028e-03 7.750428366267266694e-03
-5.610676844536159960e-03 7.747937442915079492e-04
-1.655345719666536774e-04 -2.694407272172316052e-04
5.308633717874509071e-03 1.452035829259573294e-03
8.154397802838728518e-03 8.017218749233431807e-03
8.850064528068251821e-03 2.987701097668520132e-03
5.255084103418364294e-03 -1.295237781513432218e-02
-8.131726281494206995e-03 1.171345498488282795e-02
-7.493441091901121252e-04 1.982040213019138370e-03
7.604914971392706668e-03 1.147236977602581094e-02
-2.660878834815555427e-03 -4.451934840765501764e-03
3.167636152522654378e-05 1.984690557271347883e-03
-4.663323533439420708e-03 8.357835462753298444e-03
5.171326894764545837e-03 -3.362644516966965466e-03
3.513458600347304757e-04 -1.663296752427685351e-03
1.404339244526837949e-02 6.878434619784828605e-04
8.580623800851019944e-03 3.153235669635173592e-03
-4.622770101238858121e-04 3.953479049031722453e-04
1.229247491161850709e-03 -3.798545854070262389e-03
8.749301171593910215e-06 4.967889234848834462e-03
-1.253502888779829162e-02 -3.730020212019835406e-03
1.958314884250758614e-03 -3.578407860224749534e-03
-2.891618205670124474e-03 -5.987855648177410877e-04
-1.161392348021725611e-03 -1.105064619810068724e-03
-1.853482691082129936e-03 -9.025529978135506852e-04
-8.421188185803752183e-03 -8.632704647982115606e-03
-7.131653275752138955e-04 -4.906260818132539975e-03
-2.270033350003415433e-03 4.883333757780269208e-03
-7.379444637663087024e-04 6.168908977152635573e-03
-4.129742767510251799e-04 9.588807260240657989e-04
8.375589604106958158e-03 -8.114770408555514389e-03
5.632772821165688698e-05 2.266456967831794334e-03
-6.804543822496717138e-03 -9.625912079783617570e-03
-8.703082365868643547e-03 2.748882924552438316e-03
4.226623927920015664e-03 -1.172670670614409452e-02
-3.333618499692806228e-03 -2.405615866779219850e-03
-1.035485170335785025e-03 -4.772530377195292883e-04
1.808682377798941261e-03 -8.533971411730369855e-03
-5.755934700401608983e-03 -1.696825189790374501e-03
-4.784728291034328826e-03 -1.142967707759125770e-03
3.954277317441464573e-03 1.193372074823164514e-02
1.458933054592563040e-03 7.751226634683374382e-03
-2.409862747859781509e-03 -1.050726232357791431e-02
8.187926240201419403e-03 1.909938188797091155e-03
-5.316584750631356618e-03 8.910255828839404833e-04
1.050818836149596501e-02 -6.455848306714195850e-03
4.799033819717388009e-04 -1.816505641051123802e-03
-1.386831030370515609e-03 1.186043714708155845e-03
-8.899367261442473614e-03 -3.551233918790555350e-03
-1.276576825865286154e-02 1.231290639279250532e-04
-1.286967441390207689e-02 5.581043631129514043e-04
-1.031908788166666265e-03 -5.304259067287922166e-03
5.005664553293446596e-03 7.724850961663927429e-03
-2.563167754604115181e-04 7.617368424240586466e-03
1.220488578178303626e-02 -8.548468012690418200e-04
8.883465195927637073e-03 8.237356743078943361e-03
5.470591907669542300e-03 6.548482586045416623e-03
7.826170075436907070e-04 1.462455163823826731e-02
2.222454922963352890e-03 -2.181901490763227779e-03
1.124693109367701921e-02 -5.313806636874482750e-03
-3.809945499494065378e-03 -5.416116255295346828e-03
8.275930329938301425e-03 6.161085713900233372e-03
-1.362949213059794218e-02 -5.692709746855820901e-03
-1.339715622291388041e-02 5.076042271181116852e-03
2.933895944204407968e-03 -5.406057607697635839e-04
1.998612777440897338e-04 1.473110813773240548e-03
6.369568523311471345e-03 9.522005924531899007e-03
1.285562442422720671e-02 -3.963952656532470503e-03
6.603756506833216577e-03 1.219878682486364926e-02
-1.982040213019138370e-03 -7.493441091901121252e-04
-1.384308455622752093e-03 1.176195944984094119e-02
9.088627162176364516e-03 8.148426615424008909e-03
-4.045985558853272893e-03 -9.260379194115861412e-07
2.737483279128634893e-03 4.516213601735147645e-03
-6.294017886422467387e-03 5.945194601136642200e-03
1.112539856657744630e-02 -3.457673601541283448e-03
6.268222414015228727e-05 -1.469850573829777768e-02
-1.313675198727113583e-03 -5.279607700601492148e-03
2.783337399834539486e-03 -1.450183753420968696e-03
8.953044645401921423e-03 6.598711357337689112e-03
-1.060056710181921623e-02 -2.792438358126840200e-04
6.963372241409662017e-04 1.363836920127420131e-02
2.726083633703471013e-03 3.293448376005096451e-04
4.191243414719864231e-03 2.472544971999933797e-03
1.856133035333197567e-03 1.215325270995726899e-04
-1.455484441925387722e-03 -1.221296458403861931e-03
1.296748161223441193e-02 -6.741989367862372823e-03
-9.868849364476956279e-03 -8.401263126838693154e-04
6.057179558648513942e-03 -7.840955030753056498e-03
-3.064976040890321583e-03 -9.882101085738222851e-03
3.111628430011191548e-03 1.122665437757695839e-02
-3.944857517359569646e-03 1.170205533945766277e-02
-1.057582310891825791e-04 8.526946416892933894e-03
3.714916414919746529e-03 -5.379554165175542881e-04
1.177422183041226290e-03 -1.493799441032394107e-02
2.931245599952198456e-03 2.404147099455751935e-04
4.576117712117283749e-03 -5.298032340864091555e-03
-8.838664882645591581e-03 1.199167666466336660e-03
-1.101488237638447625e-03 -3.665613681546885626e-03
8.619995656122842343e-04 2.550873722645811623e-03
-6.008547324187095071e-03 -1.026339900096516315e-02
-5.053242980332148249e-03 -5.023418694645745419e-03
-5.603524080192917763e-03 -8.879218314845714957e-03
1.114024682466842678e-02 7.259125338871725772e-03
-4.214170475073496756e-03 5.106537055775534333e-04
1.276219187648123914e-02 4.703876965640686400e-03
-6.043001799467835784e-03 -1.101328816744085934e-04
-5.659851808404573782e-03 -1.114567528267751059e-02
9.113022989865055944e-04 3.114406543767846841e-03
-3.603985264830591138e-03 1.805904264042067393e-03
5.583599021209209590e-04 -9.844197997790307686e-03
3.403197949167089710e-03 7.669704810379651683e-04
7.677687494527117486e-04 3.907752697825258963e-03
2.235578874722675587e-03 5.269932361510486218e-03
6.109004866770498601e-03 3.298493525501764931e-03
-7.574164647786892253e-03 -5.441693659901188432e-03
6.523703449854320949e-03 5.604577887615633247e-03
-1.064019449610129064e-02 7.912701905948317516e-05
-1.471099317040536203e-04 5.620352183627165890e-03
-5.231231005146682808e-03 5.923193578702422128e-03
-6.578306871731820320e-03 -4.606069767308351368e-03
-2.173950458005238784e-03 -4.565516335108227124e-03
-7.962615327355931569e-03 7.155889682531447506e-03
2.307010400033280336e-03 -4.460684141937096107e-03
-3.092405521333625902e-03 1.974089180262291257e-03
-3.605101211159433133e-05 -4.468635174695085102e-03
-2.878494253912162668e-03 6.853048287454830377e-03
-1.231897835414060439e-03 4.579566324785601383e-03
-1.269673153858671705e-03 -3.154033938049920389e-03
-9.757088294583132759e-04 8.319134106390636482e-03
4.999565596374062199e-03 1.975941256099753539e-03
-1.396634138967327993e-03 1.162107624455957500e-02
-4.665047839772218201e-03 5.092870374615364112e-03
-4.249423218768983400e-03 3.352969177875959102e-03
1.623669358145611585e-03 7.097167149068965867e-04
-7.078646390694339798e-04 -6.468301759562075648e-03
-9.300015854848922570e-03 -2.451469987485124444e-03
2.339485029971892678e-03 4.834957062325459000e-03
-1.376357422865904546e-03 9.418898037697426978e-03
2.561890059546048475e-04 3.739567781606395989e-03
4.120865696831975400e-03 -3.199760289252521085e-03
-2.243657676982827032e-03 8.430065256479791005e-03
1.213703063864290943e-02 4.048763672611289943e-03
-9.229510367457730707e-03 -8.136100932079433010e-03
-4.293297494132979064e-03 -1.012954079052373613e-02
-1.596367647206971838e-03 -1.208970775061788587e-03
1.231897835414060439e-03 -4.579566324785601383e-03
-1.254205388263572758e-02 -5.432944358729594955e-03
-3.592457849902122927e-03 -5.364163177670058270e-03
4.136261928549857247e-03 2.015114329145739885e-03
2.048014287129795545e-03 6.212834709128874089e-03
-3.472885986006797685e-03 -4.561497511153687814e-04
5.483325586623473587e-03 8.110114631127495291e-05
1.083284602345262713e-02 -4.767401057376666890e-03
-6.862372092883985489e-03 -2.285315376873511568e-04
3.781488665018750521e-03 9.210877157233041818e-03
1.074234101616415062e-02 2.390512850651107732e-03
1.158778612840461950e-02 4.698885195456267358e-03
-7.165076952589733480e-04 -3.633562473005082488e-03
-1.390573992741164430e-03 1.391262850959541601e-02
-7.153761226502484971e-03 9.208726356552921714e-04
9.503617208826396073e-03 1.060251840941195574e-02
4.422932898150815084e-03 1.384492073358990251e-02
9.794585394637742373e-03 8.176709130710203832e-03
2.576642751080469168e-03 -1.787733838203313299e-03
-6.266925584776352788e-03 8.827191279713668751e-03
9.195746399668426260e-03 5.430265078993568723e-03
1.704523850565647534e-03 -1.310519116012965300e-02
4.815158467567504617e-03 9.059920188707736022e-03
7.736401050964764048e-03 1.245541664752658657e-02
-5.430663995945951214e-03 -1.174608323086067350e-02
8.451553581313175217e-03 -5.485376628487004767e-03
-8.407583038635523323e-03 -9.777210068827117337e-03
-6.503550003236486902e-03 4.969433964427180141e-03
-9.756044967340749344e-03 4.397887447156854576e-03
9.118559274034387235e-03 4.802274042419102450e-04
-5.980465001461435053e-03 1.350466612529978988e-02
1.244201035444999007e-02 -1.822917801392811719e-04
-5.649528443107371990e-03 6.907712413492694825e-03
5.362444685396233757e-03 -1.435879774549981322e-04
-1.411488530851178272e-02 4.057477532122742876e-03
-2.972816195860220057e-03 -4.333579503419734448e-03
1.093386599601998965e-02 9.214370354696640921e-04
2.074293796450916560e-03 1.102423874125773619e-02
-5.141467826679999020e-04 4.423444405968456235e-03
-2.582368482529547385e-03 9.339111451886214846e-03
-9.953837511399641486e-03 -6.500886767140911550e-03
8.771396411939318474e-03 8.672794927883776053e-03
-5.098990482881476417e-04 -2.333650998646587781e-03
1.200143245657546692e-03 6.330376657657296215e-03
-1.006779841642898264e-02 3.291770621445918883e-03
-1.299241293105382437e-02 8.023850638044298074e-04
2.567996844077879114e-03 -1.180740626770757258e-03
1.443442796481360195e-02 -1.018345362450174835e-03
1.207478276115801254e-02 8.259325341410161947e-03
-2.933535091731630240e-03 1.042119895322063568e-02
-1.311899337180143232e-02 -6.783961395645583814e-03
-8.222422660820816534e-03 3.961713389119683043e-03
-1.001933801896040012e-02 -1.596447867971937783e-03
3.261573939428476666e-03 1.141042170689277220e-02
