7.140913654932644827e-04 8.602752592781256341e-04
-7.169141403794074101e-03 -4.057512973782882552e-03
-8.462252696018936898e-04 4.119939658913924704e-03
1.218646114152794301e-03 -6.744639712114095095e-04
-1.116675026719367997e-02 5.510793682743739957e-04
9.602058981511934349e-03 2.246404139351846491e-04
-3.659386955122836873e-03 -4.506538262643000267e-03
8.493545749033548642e-03 -5.143897414321241084e-03
-2.642454194552955153e-03 1.437858070078895569e-03
-3.183985993240988875e-03 2.549947684726400036e-03
2.909244577517977517e-03 -8.223721713302102523e-04
3.466678441721989228e-03 -6.620584610267463838e-03
5.386164200104279209e-03 -2.529670968626337481e-03
7.344479084355037823e-03 -6.108078828851086148e-03
3.910275272573022695e-03 9.808146985680072510e-03
-1.008978562673585634e-02 -7.422009566586169720e-03
-1.149079441628840861e-02 1.715122060548309769e-03
3.745794508030226601e-03 -5.864215506238555295e-03
-2.844838047046168751e-03 -1.061116847882827285e-02
5.086771417694837399e-03 -1.083861865790594799e-03
1.239848868170907118e-03 -6.922627736929115594e-03
-1.104138581892017811e-03 -2.884593210832689381e-03
-1.850704577324113753e-03 -1.304050967437587333e-02
-7.102340068076665354e-03 6.441798317036822458e-03
-3.792319127646431778e-03 -6.837273991445801807e-03
3.803048274159934617e-03 -7.643744097261175735e-03
1.097113587053221611e-03 1.181669064121787949e-03
-6.413826107189024225e-03 1.106629272461027817e-02
5.214402901714937019e-03 2.808914804439020634e-03
8.960995678158768102e-03 4.255649945194174902e-03
7.258071531449009420e-03 4.262674940031610862e-03
6.586385673994474103e-03 -9.093927850682144431e-03
-5.558723766909729087e-03 5.573060946982050408e-04
-1.024749693545032661e-02 1.322424499898707494e-03
-1.020521919691604398e-02 1.830331743112026052e-04
-4.436958813171219124e-03 2.020741569381800766e-03
-1.386958799876322063e-03 1.254297992055513830e-02
-1.228321453242439340e-03 -2.474397047830107204e-04
4.843578593993748578e-03 1.398534041072370740e-02
-2.562273368069615045e-03 -3.324869198521211884e-03
-3.774692755798578735e-03 -8.258431727593752714e-03
-1.437446158920168901e-02 -1.226724916412945746e-03
-1.461838937860030331e-04 1.574366624772750682e-03
1.730225857648398863e-03 -5.062790549923276359e-04
1.965467648594000812e-03 -1.323241991936197244e-02
3.217514430603678026e-03 -8.657228245162740254e-03
-1.123489260072668564e-03 -4.728400562822671072e-03
-1.243032446413296771e-02 3.145955135788628364e-03
-4.421982785574433278e-03 1.380604303947826879e-03
-3.347796258874844409e-03 5.545472045647102492e-03
4.192169452639275817e-03 -1.573440586853339313e-03
-6.986906497897619160e-03 -1.163244423859188109e-03
1.027387260846977443e-02 2.224306998802175628e-03
-3.798545854070262389e-03 -1.229247491161850709e-03
1.033735310102467178e-02 -5.163248092503252076e-03
2.791160663082373726e-04 7.563691040289085427e-04
7.797751254298219102e-03 1.124255644309065175e-02
1.392131718876295091e-03 -2.748084656137691952e-03
-5.389740582275899874e-03 7.356676998194948934e-03
-3.470925322803911344e-03 -7.220296213004398153e-03
1.251302786536407155e-02 2.667233330744049960e-03
1.004233496920159917e-02 -1.233494372243773042e-03
5.840362407966872074e-03 1.077497874446212839e-02
-1.056531435812236783e-02 -3.121559308109947157e-03
5.910995664863871041e-03 -6.266588405979162633e-03
-3.002549355760640755e-03 -1.866734412343396075e-03
9.448307363478340715e-04 -2.992874016669634825e-03
3.416705209437246541e-04 -2.585200428423247571e-03
-6.357370609472921125e-03 1.975813486593947302e-03
2.506871677777369745e-03 -2.987573328163855343e-03
9.113278528862794534e-03 8.430193025984456662e-03
-3.798545854070262389e-03 -1.229247491161850709e-03
-1.043053010976152835e-02 -8.882794697017335622e-03
9.365220653737980905e-03 -1.671120015681228782e-03
5.899084941428430623e-04 3.497428765327804077e-03
-5.394115232861126756e-03 4.872732380769850824e-03
7.357603036114360520e-03 1.343755023422626982e-03
-4.428081742493817675e-03 -4.368305401616347228e-03
-6.947279103614402429e-03 -1.521615278732715328e-03
5.069145045846984790e-03 3.372958703573565413e-04
3.385571577319237101e-03 2.188128217185916508e-03
1.465287550521058007e-03 -9.213736071446198064e-03
2.227627841964686158e-03 7.612993773655360452e-03
1.078545235196788112e-02 2.392491915021039035e-03
-8.699505983702732290e-04 -2.078123105009369010e-04
1.285575219370082439e-04 -1.532088886234385329e-04
-6.252538416302931557e-03 -2.505147371443211361e-03
1.076038602538412258e-03 -3.927103376007270823e-03
-1.362179663685227039e-03 1.467810125269963404e-03
5.536594974972204250e-03 9.736843229872773828e-03
-1.216921807818635917e-03 3.939429059350485832e-03
3.460579484801462949e-03 -1.236949431583027684e-02
-1.247605081533306390e-02 -2.244583714902238618e-03
8.947871726400586853e-03 -3.196183907080899986e-03
1.262520389515429942e-03 1.280804599718714416e-02
2.131800488974260055e-03 -5.652028545151031869e-03
2.839792897549500705e-03 -1.054066299143593781e-02
2.075344991259298836e-03 3.438450692863937678e-03
-2.381762768507536630e-03 -3.695565736739095993e-03
7.256347225114850169e-03 9.977098518925346486e-04
-9.705734391464746619e-03 6.945995751924311824e-03
1.426176880477934665e-02 -1.609968209517801362e-03
3.352918865538634559e-03 -5.169893692807066982e-03
-3.994218329782919623e-03 3.185379453413576551e-03
-8.122112176769221564e-03 1.104940113288050384e-02
6.819885200281853091e-03 1.017223505020402709e-03
-1.009836136698744231e-02 -8.250473359721200231e-03
1.624168297060555460e-03 1.412955410140048600e-02
-3.943999391549975718e-03 5.286935150349739154e-03
-5.975637879563611837e-03 -2.920859041971983223e-03
3.304611180211024322e-03 1.076974346128251221e-02
-1.940317817044642226e-03 -2.978952365877078189e-03
-7.113722061702440307e-03 6.553292482274248806e-03
-5.743382199417388853e-03 -3.473231297882090323e-03
-2.489846473314174732e-03 -7.389485498741072203e-03
-1.659566462988093733e-04 9.578904858842756526e-03
-1.178673811515926380e-02 2.650445034444066494e-03
7.296743909135153944e-03 -1.163857847685013588e-02
-2.011542643216250939e-03 -2.517716486843104163e-03
-3.854927144419895927e-03 -9.964872229323738437e-03
-7.902281701274112063e-04 1.805855045278189274e-03
-3.170311648361916115e-03 -4.398443236466692725e-03
1.316078534855736129e-02 1.937342397680069965e-03
-8.178424095002809549e-03 3.045165990072104013e-03
-1.192877822939954029e-02 5.072409451704148857e-03
-1.053996347021961613e-02 3.646653224236553505e-03
-4.558223933079639731e-03 -6.937277567987229672e-03
-1.268502569059563921e-03 6.971618822069934433e-03
4.716076228489654749e-03 6.607775587701000472e-03
-2.312592089195357296e-03 -2.165012953551452655e-03
1.246038705044348952e-02 -1.490434514033166626e-03
9.579246664594431165e-03 -9.643206956462804444e-03
-1.254856920991430716e-02 -3.669099845921430878e-03
-8.166119574437670503e-03 1.152387929318009901e-02
9.798011871429833375e-03 5.010868737839228003e-03
-1.052761930173339716e-02 8.383740783916003927e-03
1.318093948798510114e-02 -4.407313200601258203e-03
-5.702600572529736671e-03 1.231712040221172311e-02
-1.071202887601370619e-02 1.511737007633262271e-03
5.330174492355541777e-03 9.452236399258590743e-03
-1.275119143514049334e-02 1.393861891198804786e-03
-3.279610139115648765e-03 -8.608924699243130849e-03
-1.405067077545043772e-02 4.904021966488481855e-03
6.034414519200748464e-03 -3.215771675346667559e-03
1.367170798576074903e-02 4.439842566410895884e-03
-1.022019409522718913e-02 -6.725094216379175031e-03
1.414468707224341565e-02 2.601030205777702005e-03
8.353235549218749126e-03 1.197094654266031219e-02
-1.047524283626293873e-04 1.095424174691085823e-03
1.292666303053189095e-02 6.111661634470317433e-03
3.653792244909610711e-03 3.798953903246238099e-03
