6.101852102429054011e-04 1.295250558464513526e-03
5.756062469907416088e-03 -9.660111016056608171e-03
1.349483565174176836e-02 9.700892991758823525e-05
-2.360687783991366820e-03 1.413206703391104661e-03
3.098632247757675522e-03 -7.582115680543738932e-03
1.468618005495456180e-02 -7.820098114007072165e-05
2.403763790940397112e-03 4.758352618013739557e-03
1.328609730332142025e-02 5.012945087141135875e-03
1.203060190864342627e-02 -6.092176763336249606e-03
1.200330019770456773e-02 -5.592922703183862004e-03
1.599017991459181134e-03 4.279503043464497015e-04
5.412539873124868478e-03 1.017060530073185184e-03
1.665021058761843734e-03 3.616310948173806147e-03
7.737048875501336201e-03 6.492154857833759736e-03
7.321552024002766189e-03 -3.124880151272457253e-03
5.600203237030407233e-03 -9.007648067279419926e-03
-4.012584890996390846e-03 5.248729607491230652e-03
-4.467709136777034407e-03 -4.009934546742820009e-03
3.999205400227957147e-03 1.001330895192880169e-02
5.522672754799276204e-03 -5.025941269394650600e-03
7.122785593227149228e-03 7.385708871908814623e-03
-6.214462272335522647e-03 1.005367970137316207e-02
-5.428489998626841694e-03 -1.024295168966660174e-02
6.787012562091547171e-03 -5.999518577674475654e-03
1.048739690381874159e-02 1.840285766900163914e-03
5.200283240504794020e-03 -5.655397514493728378e-03
6.189618230728762514e-03 1.199428419669974115e-03
1.261850098455846378e-02 -4.193847824278287666e-03
1.249105046131658396e-02 -1.017511496403027214e-03
1.238879721799650280e-02 -1.590177780768273078e-03
9.160780149322030096e-04 1.272370880084417767e-02
-1.385774475910607657e-02 3.904824862823380767e-03
-6.343972700217910370e-03 1.065283936723590216e-02
1.584819869733429922e-03 -1.353783276626222172e-02
-7.295562354393525170e-03 -4.997415838834493029e-03
-7.019969735396341080e-03 -1.276243246504036276e-02
-5.505215061942697651e-04 -2.362075920290295731e-03
-6.115057244343007764e-03 -1.211228189799587462e-02
-1.761333561104467486e-03 -7.972623590169718513e-03
-2.813231267889963055e-03 -8.574315318529052848e-03
6.540071991674256766e-04 -1.365860920777904088e-02
-2.771229949732043497e-03 5.919380395568255362e-03
-6.049473642299793737e-03 1.321287544761319196e-02
1.512852949383900565e-03 -2.860865802598840449e-04
1.216588698839309989e-03 1.486600200095229175e-02
9.273769663299543178e-03 7.063995364301692108e-03
-2.566383930158395825e-03 9.018476601528135558e-03
-2.472070556959523029e-03 5.414709698048847213e-03
-2.350767399165389245e-04 -8.983019947990373774e-03
-7.747051955535089879e-03 -1.088633554509492625e-02
9.427697845969010629e-03 1.437892787982416373e-03
5.914019229306299169e-03 2.758631849208480983e-03
1.120313487335470454e-02 2.627551214555112497e-03
1.199294298800286478e-02 6.524653602855288309e-03
7.444209308959359207e-03 6.496075286536278671e-03
6.022142350780201187e-03 4.472649992682334319e-04
7.801787909868402324e-04 1.841353575087028996e-03
-1.015519943306067430e-02 6.904535322411856600e-03
-2.206460779068308061e-03 -7.373388252322378086e-03
9.196730697009105129e-03 3.467939137711886777e-04
1.427442314525173908e-02 4.428893978862162920e-03
-2.309388666033179022e-03 1.348988138608870832e-02
-7.330263323582001528e-03 2.407471204306934655e-03
-1.005566211411824083e-02 4.421668273045234118e-03
8.659235312486935135e-03 -1.175055550833438781e-02
7.519703165762700418e-03 -9.854002593013187761e-03
-7.091491822647192234e-04 1.229590098743308475e-03
1.097118658069036468e-02 9.634665313053646096e-03
5.063801375923003383e-03 5.227744502302301630e-03
-4.075943418870826319e-03 -3.456757560215602287e-04
-1.324223340675601164e-02 4.458038311521662737e-03
