1.267326174882630642e-02 4.498714999391960692e-03
5.767845423835205824e-04 -3.954405086945909920e-03
-8.936344311472117774e-03 -3.973883534631225678e-03
-4.185144457800479834e-03 3.276364733564240527e-03
6.358168877887667922e-03 5.335137160398402238e-03
-1.551311794915814259e-03 -1.448631877721025425e-02
7.167544866964362799e-03 -1.056438832020431713e-02
9.851222992629103670e-03 2.261284048831821089e-03
4.575191674199233054e-03 -1.252046782009676781e-03
1.716048098467721356e-03 7.444808857435136588e-03
-3.301942138168940249e-03 -4.209253095090142831e-04
2.276132306922800264e-03 8.655759477839053331e-04
-4.305623177476194940e-03 -1.027042399580396087e-02
3.385443807814791754e-03 1.354506442303404085e-02
1.277371929140970822e-02 -2.466190476071438396e-03
1.267511382466376783e-02 -3.593256118315729143e-03
-2.655705915815582182e-03 5.342960423651945019e-03
7.365554068871208067e-03 -9.993063887208863613e-04
-4.649944042672129324e-03 -6.904203096665373005e-03
-7.402531118900853094e-03 5.766567728802169009e-04
8.987499120682661269e-03 -3.554554761953065446e-03
2.992874016669634825e-03 9.448307363478340715e-04
-1.843807351991124440e-03 1.935067818201142639e-05
-9.072980635671782160e-03 9.879322971982709006e-03
-4.300578027980667475e-03 1.088140747446161155e-02
1.910736457210696071e-03 -8.769755932077088643e-04
3.215534585261550088e-03 1.079167907839057028e-02
-3.346455261062893441e-04 4.288124575133007120e-03
9.679461694238399722e-03 7.599869821896037755e-03
6.574858259064863576e-03 -1.923860408968658311e-03
1.232204365829602140e-02 -5.194924454028478945e-03
-1.362179663685227039e-03 1.467810125269963404e-03
-8.674854617011734312e-03 -1.796356694454365795e-03
1.251248513596071865e-03 -2.735758972794476510e-03
1.323507026361418412e-02 1.184447177878662251e-03
1.120107697297111592e-02 6.525907182816344590e-04
4.252999600942402973e-04 -8.179975207438423563e-04
-2.753385344642329553e-03 1.699092225518799085e-04
-1.165897933250863508e-02 2.226701804045275006e-03
-1.333805038094534878e-02 -4.795457437548049373e-03
-4.854753064693525556e-03 1.417141044235458412e-02
-1.350659280125430812e-03 -2.234983620020112791e-03
-6.902357321867939877e-03 -7.609166093402986407e-03
-8.577172750295805614e-03 -6.632304794754157557e-04
5.428724075344064544e-03 -8.035853820155576185e-03
-3.439968152656562583e-04 5.451469855329500389e-03
-7.648321699413773885e-03 -6.990102376164836900e-03
2.931872307541931889e-03 1.282984814315684362e-02
-1.113905998324550388e-02 1.288465767526757785e-03
-1.178435323452516059e-02 4.636020227077951956e-04
-6.858455763794793318e-03 7.000744377110244658e-03
3.319789663172683508e-03 8.542932932058041468e-03
4.662677386371594929e-03 -6.726257704667016821e-03
4.700884262452282789e-03 -4.037639834702145929e-03
-7.616182887520778211e-03 4.096115491165813749e-03
-2.108282807904739153e-03 -7.166772345854396410e-03
1.059924536531790633e-02 9.990525377790949665e-03
-8.309319227081902667e-03 -7.199236505712014282e-03
-1.017020260966264864e-03 -9.184991921750809999e-04
-1.220420383891339215e-02 4.194389164827486485e-03
-1.282563970366625353e-02 -2.877710255973166178e-03
8.794089995978358540e-03 -1.886578103716350478e-03
4.697905418201837359e-03 1.135275797290357519e-02
4.243600479369231959e-03 1.008626353399225475e-02
3.544335017484349926e-03 -3.549999030529148517e-03
-7.531310848222783939e-03 -1.131594623629613751e-02
-4.531464495062973059e-03 -1.368070745113142764e-02
-8.798632683018945896e-03 -8.166748871791940437e-03
2.370643650938729103e-03 1.188443661515427990e-02
-3.762236095109320342e-04 9.690164652174450971e-03
5.301025098828984934e-03 -2.498672282609870794e-03
-4.095526741985116084e-03 1.085718315526287489e-02
-3.915048120260005045e-03 2.288805750103807719e-03
-2.670025335104792355e-03 2.157225027866343809e-03
-1.050539702735613090e-02 3.370329752228017322e-03
1.177260553651705149e-02 6.838811788419985743e-03
9.088009198356139864e-03 -8.119425819471534026e-04
-2.249504586784804167e-03 2.220426542476631061e-03
-7.285236696196354528e-03 2.358482590395180947e-03
1.045151109331048100e-02 -8.043811716813143234e-03
1.312992171811846499e-02 3.714652447361191205e-03
-5.864281808705736759e-04 9.896321369560226412e-05
5.358743748653497715e-03 1.372910800407752333e-02
-7.983226497738133212e-03 4.001464570608129906e-03
-8.257367613000141798e-03 -6.621469182225970911e-03
2.794074429641199911e-03 -3.842152107412395972e-03
-6.544819734333683602e-04 2.475505805909111821e-03
-5.624422425114258915e-04 -6.981833092150942915e-03
1.015734996857622181e-03 -3.904762382408972967e-03
1.022649218941903623e-02 1.299663403328786765e-03
1.258477982729667988e-02 -2.712036088465874300e-05
