-5.022877129227227254e-05 3.482452737732379122e-03
-1.304127629139411552e-03 6.999232181240834169e-03
3.478078087144650336e-03 -2.433715846132606612e-03
2.751661038309312617e-03 -3.434874310692316579e-03
-1.215558304840995592e-02 1.418379622392437929e-03
1.217851010876358844e-02 -4.401578299969925376e-03
-2.216228196539522279e-03 -3.426125009520722235e-03
-2.135376871145880720e-03 1.047903457471964332e-02
-7.950161874508053506e-03 -4.060163318033950183e-03
9.095779926523469942e-04 -1.505585443712291558e-04
-4.694073857045235124e-03 2.327159346628677669e-03
-7.299423232063879594e-03 -7.169269173297378867e-03
-9.368797035898448599e-04 6.498126045247603743e-04
1.125488212643386762e-02 -7.656868049017996961e-03
-1.147224200652250531e-02 -3.752021234454057212e-03
1.040865685683061218e-02 -3.536928390105212403e-03
-9.358195658899403496e-03 3.374044162389626574e-03
1.032052499759042452e-02 3.568860290638408827e-03
-1.028447398548133426e-02 8.997748840568952841e-04
2.822837024611948679e-03 9.548381597552488276e-03
5.563800567801539115e-04 9.604709325764144295e-03
-7.529204913605917759e-04 6.809046242586389366e-03
-1.369032227889949160e-02 9.138248737329077859e-04
-5.316584750631356618e-03 8.910255828839404833e-04
1.449334377204905024e-02 1.516123517950867389e-04
3.989785600147422243e-03 -1.362246713575936477e-02
1.020601746532964760e-02 7.127917472682506958e-03
-3.962739428207381941e-05 3.583708548721660568e-04
9.075630979922847189e-03 -1.066034344269668754e-02
-7.276623941214912725e-03 1.204468354970756119e-03
8.173748481020742113e-03 9.861026101224554946e-03
1.135773447426172839e-02 7.311078416498156644e-03
-3.474501704975532009e-03 -2.393290183435786266e-03
1.901859386544447756e-04 5.512071377788202095e-04
8.322710488562257147e-03 -3.851297200110298177e-03
9.985081203072814458e-04 5.460342187749839520e-05
5.121098123472273347e-03 1.198082207654140897e-04
1.238447034342706268e-02 2.820442219367488845e-03
-2.835290477458467587e-03 1.667671403014053030e-03
1.346050894596433414e-02 -1.106661156638420219e-03
3.560321527774207122e-03 3.766194045942232276e-03
6.624026820581176665e-03 -5.781641417208988401e-03
7.025950645369344327e-03 -6.748201595095583601e-03
-2.574541735941562534e-03 3.450474915380000781e-03
-2.639697664604161945e-03 -5.073220483931243849e-03
-5.061377535393650137e-03 -1.314589743506387742e-02
7.226810139135486297e-03 -2.963003765360540213e-03
-1.717831990122537086e-03 1.197641883818805278e-02
-5.090648392483535824e-03 5.631440002023323926e-03
-6.941337809068397029e-03 1.168684058255277033e-02
-2.780182003718063258e-04 -1.181351806884777846e-02
1.179897667308203897e-02 -7.992985977405400733e-03
-1.334487519395926615e-02 3.296640969051994885e-04
-5.475550300056410309e-03 -7.848828340813225266e-03
1.024385095561868193e-02 1.941736295783088890e-03
-9.134756624826526408e-03 6.121461014269973140e-03
-8.361336185093867779e-03 -9.831874033119716166e-03
-4.572359051438839098e-03 3.254920977025709591e-03
-1.266043125807674724e-02 3.696029339125183645e-03
1.449764859952657262e-02 -5.490086506868568526e-04
-3.226582081340346108e-04 1.452539025609395594e-02
-1.729041089798895488e-03 7.397237587563833608e-03
-2.629180376924031542e-03 -1.324703431638272685e-02
-1.356383601546477802e-02 1.278301604584101666e-03
-5.188615280894736011e-03 2.861565484937987278e-03
-1.064520598521919749e-02 -7.052904484064033246e-03
3.791752178448408624e-03 7.264654524322612834e-03
8.584146285413115848e-03 -6.409919984425564536e-03
1.211222075668640097e-02 1.980050692905534291e-03
-6.359630961981309512e-03 6.090982029097938462e-03
2.223810619838222959e-03 -3.023507896767251533e-03
7.224641304027893535e-03 1.288362283272122266e-02
6.925790293939527477e-03 9.253253565397924138e-03
1.457293583839781685e-02 -1.236412272989629050e-03
-1.973806040631041325e-03 9.052750333415045605e-03
-7.132924314959674349e-03 3.055084741868122501e-03
-7.148997729252184498e-03 -2.724151489385337986e-03
4.644128275353790196e-04 -3.779526128304560185e-03
-4.075897409512667033e-03 7.071157988727655094e-03
-9.818126019804054166e-03 -8.757162356781361483e-05
-1.085078197798129869e-02 -9.454034512632472978e-03
1.292299936414887523e-02 2.395092602706553209e-03
6.187538526182425128e-03 -6.068007957850190918e-03
6.039504921104770808e-03 1.157261746128355204e-03
-2.812413294766452285e-03 1.117723407657708308e-03
-8.056393764114731793e-03 -3.568594692377939723e-03
-5.961839821621465335e-03 8.051312092228542217e-03
8.160626501341243511e-03 -1.726977760997562257e-03
-1.241143554815658627e-02 -2.971540090673924911e-03
-5.444449786114733715e-03 -1.433057814563890465e-03
1.346727912031659737e-02 4.238962052493753900e-03
