-1.906824825584495404e-03 5.383912990060014253e-03
-7.112941445086291836e-03 9.565880199896355240e-03
3.354693484209547195e-03 7.514388306908740059e-03
6.927465406473366089e-03 1.700800706168798058e-03
-2.478308679464739060e-03 7.776277135576607075e-03
2.160985927135055176e-04 6.120931415905769488e-03
2.374737773668740212e-03 1.992641590028194996e-03
-7.465883841949945941e-03 -3.392724341661337850e-03
-3.561244507336711572e-03 -1.356479840973325328e-03
1.337687950681381785e-02 -2.873864064317825651e-03
5.758585044655179820e-03 9.158047190761776056e-04
-4.693147819125823537e-03 -1.718826212224595440e-03
-3.890254095482070709e-03 1.070354721915038262e-02
9.952478803627253998e-03 2.607329220360771974e-03
3.431888716984956341e-03 -5.801261917395584243e-03
-9.500340151553397783e-03 -1.901588021832299486e-03
3.294726071043840507e-04 -1.408301983955091360e-02
1.018712980610859443e-02 3.261117341264637218e-03
-3.570919846427717068e-03 -2.278383516968887548e-03
7.426256447668661692e-03 3.751095196535325638e-03
5.199554643623386686e-03 -7.907884135973307707e-03
1.351578286675599472e-03 1.656271757589569595e-03
-6.460222957299992588e-03 -1.299213297892038224e-02
-2.137899445894215177e-03 -9.688116041246200988e-05
-5.430038475468845598e-03 -1.095283899977267730e-02
4.409321852776068411e-03 -1.085543093564828726e-02
1.241237925049344486e-03 -1.299160607520959479e-02
-3.508828410757050737e-04 -3.596960269995220366e-04
-5.999335004054544632e-03 -7.318502545543073556e-03
1.783903241607846454e-03 2.541198383554805693e-03
-1.378879997613668279e-03 -1.157017697435357715e-03
7.117188326168214819e-03 4.275000623375505883e-03
-9.236535362296526691e-03 -9.839025078790334874e-03
4.733238232367494025e-03 -6.625374220754582863e-04
3.647524290739436511e-03 2.342662277937391548e-03
-6.890488356444292653e-03 -1.278151090327447285e-03
1.102679309983150766e-02 -4.584739243785573327e-03
1.461583398844772553e-03 6.970206163968035822e-03
-2.952655833922158100e-03 -1.468313057649487004e-02
-2.993337035628089449e-03 1.078162043078693087e-03
-7.490998227596191474e-03 -1.651497972796399025e-03
-1.014312776124015256e-02 -1.135543578713065459e-03
-8.465605190570444152e-04 -5.214003767506312018e-03
-8.583737164063616129e-03 -3.492224194937693094e-04
1.247799900928325822e-03 -9.265689149073309816e-03
5.857781299864020172e-03 -1.133705862395418401e-02
-1.489348128743798322e-03 -4.447959324387078424e-03
-1.596367647206971838e-03 -1.208970775061788587e-03
-1.716335288939841927e-05 -6.018350432785753851e-04
-5.565078262834580267e-04 1.752226880082619585e-03
-3.056226739718156515e-03 -4.914211850890068400e-03
-2.444444992646327593e-03 1.100294000155982443e-02
-1.486887797981061368e-02 -7.930747893557365397e-04
-9.230436405376570702e-03 -4.090115373226840129e-03
5.650304238818233508e-03 -1.133164599163674277e-03
1.559390597176536428e-03 7.863211592192962578e-04
-6.594208937247445293e-03 8.005305697821388233e-05
-4.735425557660677756e-03 -5.794348866364098898e-04
1.256549202101280623e-03 -4.297799914223332171e-03
9.838897309285887793e-03 2.120400843551598514e-03
6.498126045241894334e-04 9.368797035905253052e-04
6.969280126049194959e-03 2.584402160007819894e-03
-2.288457990266015273e-03 -1.006459153064128559e-03
8.726009426219116924e-04 -5.732081602137214854e-04
3.013150732769697381e-03 -1.257347470515456263e-03
4.355979718273702943e-03 -4.568964947774722431e-03
-2.204828551116289580e-03 7.607437546134543285e-04
1.220972345132785748e-02 -3.938949632718317592e-04
-3.024550378194290536e-03 -2.929521293619862399e-03
2.588649041089632723e-03 6.871600697221414561e-03
-3.102671648888321969e-03 1.443211448953955756e-02
2.802225059056164674e-03 2.416616377996221032e-03
2.945551128640480241e-04 -1.906760940832272514e-03
1.168224164231605570e-02 4.124042944796332821e-03
4.455846472392844745e-03 1.846058562035389613e-03
4.053010553692639600e-03 1.703850184629632355e-03
-8.598122403196712272e-04 -1.308901413933262568e-03
1.070666058236297707e-02 1.086240845340666859e-03
1.080876272083234994e-03 -3.466151538010059895e-03
4.463797505150262149e-03 -4.970028501088048258e-04
-2.354125808112956207e-03 5.139123629528070947e-03
2.087798444107750225e-03 -7.777602307702141324e-03
7.034357155431874599e-03 9.818748362689130871e-03
-7.549513281100461368e-03 -5.159927249340742414e-03
-4.323249549322467650e-04 -8.849266259652363142e-04
-8.288719032239971057e-03 -4.278976139753929223e-03
-3.709615726415327937e-03 -1.024085524913123484e-03
7.929086889992671694e-03 -1.048609122094427710e-03
-5.164972398836840603e-03 -1.360231818916442931e-02
5.915705564905389229e-03 5.551299637864810441e-03
-7.290673930894789540e-04 -2.201379938448324637e-04
-2.614226445694904036e-03 -3.107381548929269433e-03
4.380503315454326724e-03 7.069737668632707778e-03
3.010500388517487868e-03 -4.763269998001177022e-04
-3.197572963959336920e-03 -2.878893388120106790e-03
1.268512441320913432e-02 6.662590984098247689e-03
-9.110628184611157046e-03 -9.211213496699113476e-03
-6.243629694235833423e-04 6.655837353962950481e-03
-7.198167421065731000e-03 -6.823224001768428415e-03
5.499154905982172117e-03 1.133718639345816792e-02
8.351608736332407756e-04 1.027135003372815682e-03
-1.006837539276589713e-02 7.020706299963127076e-03
-4.505149205766494948e-03 -2.409591383158105494e-03
-5.167622743089050549e-03 -1.282129771844909075e-02
-6.656300372923336719e-03 1.398629810002482380e-03
9.423081616014310127e-05 -1.356878975180127785e-03
-9.566934007314527918e-04 8.289980319615237667e-04
-5.282593294308281229e-03 -7.239247756978465023e-03
-5.090571687492023711e-04 1.040773081891256321e-02
-4.835292311781180449e-03 -6.994458396447663165e-03
-2.588649041089632723e-03 -6.871600697221414561e-03
-2.870080202196289773e-03 2.486994095884109864e-03
3.922600955916807561e-03 9.949030190959617242e-03
1.735526546153607621e-03 -2.068319996421182864e-03
8.109725259064068294e-04 -1.277624186615518818e-03
-5.940756647773645649e-04 1.470950624951545931e-02
1.141706420385353409e-03 -1.007268615859946946e-02
3.240648970907796488e-03 9.050452709525631453e-03
9.246003221436255651e-03 -9.929950877481783303e-03
-3.174645903605703961e-03 -5.862092065697594237e-03
-5.239182037904100211e-03 8.266254990846615483e-03
1.043953494994166384e-02 -8.863188479826894506e-03
-1.405718689594072628e-03 -2.680756416709495320e-03
1.374345926138382905e-04 -6.542255859620905133e-03
4.123851290540124503e-03 5.353162666454198970e-03
1.089764478942966720e-02 8.948398630112054317e-03
-6.301505900220860310e-03 6.265263233853629252e-03
-4.750401585256892878e-03 6.070237879688290122e-05
-1.113941690481807384e-04 7.550439319026942819e-04
6.099457297184157460e-03 -8.980346356339418204e-03
7.014671227796073771e-03 -1.359002415721089277e-03
-5.278681662682869861e-03 -2.732310360127982070e-03
-7.311748915408456360e-03 -7.310152378578744191e-03
-4.312775941819437138e-03 -6.164119366667357956e-04
9.417636750322293943e-03 -3.911600444700378404e-03
-3.562968813669509932e-03 -4.621444929111259876e-03
3.029851066698138404e-03 1.367480352189864856e-03
1.979517638270803914e-03 -9.826571625941991905e-03
8.301842983997363007e-03 1.173080999202718265e-02
-1.894834391697001628e-03 -3.809147231079318581e-03
-2.850601754510403291e-03 -7.026134757972210022e-03
2.565849750240664987e-03 -1.502136831046719341e-03
4.741061495621036806e-03 8.351337371627791384e-03
-5.772172015371595383e-03 -6.344645791922223430e-03
-1.818692966344307750e-03 -1.721875690683607411e-03
1.069075851684814053e-02 5.772363669629055304e-03
-3.224874674897406160e-03 -2.379639327965895126e-03
7.990252287749150667e-03 1.678799683734577552e-03
1.439965684928189767e-04 -2.816338933484619292e-03
-8.695466582566946726e-03 -8.928121914011311749e-03
-7.827958848498968447e-03 1.275159049947150423e-02
-6.193097324880039375e-03 -3.042703653753963192e-03
3.513458600347304757e-04 -1.663296752427685351e-03
1.013484147903495917e-03 -5.855338435557948295e-04
6.870339409847533996e-03 -7.876606908656024961e-03
2.210257009125373394e-03 -1.367972090188975323e-02
-2.589575079009044309e-03 -2.825615138368142536e-03
6.252203166848570998e-03 -6.828796054975203034e-03
-8.223721713302102523e-04 -2.909244577517977517e-03
1.323478307321994136e-03 -5.155424829250390174e-03
-3.706502363203302911e-03 -3.828098775053847321e-03
1.194650945053388549e-02 -5.836386891588447867e-03
3.824251028179408325e-03 -1.389190786297773983e-02
2.389713801264954900e-03 1.352504324594901771e-03
-6.911643051332660103e-05 -3.843473936854909434e-04
7.036544480725059197e-03 1.106072067140100035e-02
-1.606969024218312119e-04 1.915111107799785640e-04
-3.371681008540526429e-04 -6.287791159999779091e-03
-1.113941690481807384e-04 7.550439319026942819e-04
7.365889318325568626e-03 8.334637037697528034e-03
4.045522539894818269e-03 2.023918817345938745e-03
-1.739901196739404576e-03 -4.156246210032345841e-04
1.583115925944344809e-03 5.114073128634837387e-03
1.024518184065383898e-02 8.792539397236186910e-03
-6.585331866570616303e-03 -6.308993914019253232e-03
1.660646408176046779e-03 1.132366330749388916e-03
1.165766998607522783e-03 3.589009237234486172e-03
8.813502437948668184e-04 4.394681074636255617e-03
9.523602461362181901e-03 8.252332770675049195e-03
7.291136949851312332e-03 1.783871590213363667e-04
-6.225108935861207353e-04 -1.436133763744736969e-03
-5.423141250134714403e-03 2.107021352783844826e-03
-5.871703520036948218e-03 -3.425725875313239983e-03
2.808787034934575287e-03 6.142533304133187752e-03
1.114276939942049089e-03 1.783504107401043780e-03
6.488578475662708928e-03 -2.910042845933404326e-03
1.025014727970389658e-02 -2.103444970612904606e-03
1.134991121100875633e-02 -1.702796377205774772e-03
7.219833194044801214e-03 -1.447932543376022861e-03
-6.500776389502050182e-03 -8.587776565194263009e-03
1.334414933786201053e-03 1.054436714310993993e-03
9.641814145275617615e-05 -1.149066664675789064e-04
-9.954666128919867005e-03 -3.849301529073321463e-03
8.598122403196712272e-04 1.308901413933262568e-03
1.460561242807674118e-04 9.782569581073551762e-03
7.840955030752484040e-03 6.057179558649193954e-03
1.432557381573115653e-03 4.204495135982491694e-03
-5.476020365678625247e-03 6.370494561230882931e-03
-4.883333757780269208e-03 -2.270033350003415433e-03
8.059368718263839812e-03 2.063147077421210052e-03
-1.758453606507239930e-03 5.051518673998670744e-03
-4.724025912236874333e-03 3.607433877497086445e-03
2.494082975475129388e-03 -1.105463754016871398e-03
2.571150438745873745e-04 -3.064177772475574569e-04
5.917605699803057777e-04 -4.594542352379884023e-03
-4.510912913230729487e-03 1.175442337697957338e-03
2.696131578511831803e-03 1.609619368468918205e-03
5.345147748944558026e-03 3.897678224528131237e-03
1.040196711144832781e-02 4.094090889605264336e-03
3.966858539793789717e-03 -1.063926845818187819e-02
1.572642318439163240e-03 -3.118781194353753301e-03
8.132859799363532927e-03 4.931439088530438324e-03
-4.144926275054933856e-03 -1.046193510658325818e-02
-3.301942138169511407e-03 -4.209253095083338378e-04
1.374134931860593843e-02 2.914673035527741776e-03
8.880607371724151891e-03 -1.167250241847339783e-02
4.198268409559231806e-03 4.175469118710153915e-03
6.846023292620116198e-04 1.175570107204686882e-04
-5.753747375108995976e-03 -4.548528810778256631e-04
2.756035688895109789e-03 -9.509296932678990228e-04
-4.529002304038178169e-03 4.619592853273796727e-03
1.325665632614606926e-03 -3.913452520537840686e-03
3.271990082977872197e-03 1.701199840376742397e-03
8.455514891581186396e-03 9.836374734538124928e-03
1.120982627414271113e-02 5.620479953130469788e-03
6.201639146101719374e-03 -1.268028674366374065e-02
-4.106687937650726518e-03 -4.751327623175623585e-03
-2.955896966638628907e-03 -5.221811205060218619e-04
2.682544607794054483e-03 -3.819221704378269067e-03
-2.393162413931340486e-03 -7.882434500872592328e-03
-2.337760723639665909e-03 -1.569991974186844439e-03
-7.384776977548555138e-03 -1.220143716911585921e-02
1.249811397659580589e-04 4.673797140944492556e-03
-1.482176257173014808e-02 -1.471514276944888185e-03
1.053721437876819177e-02 -3.690137278729331300e-03
9.284113789334656752e-03 7.137592811772832876e-03
6.430861690572615974e-03 8.924785245152809694e-04
-3.702590731576531520e-03 6.788386217977775139e-04
1.405929451078321603e-02 -3.998279362309905584e-03
-8.588574833608437348e-03 -8.101742574909798038e-04
-5.646392607191462118e-03 5.640101996015299546e-03
-1.008183459398287159e-03 -9.765070978730605068e-04
-1.507900538511633675e-03 1.019183970614826688e-03
-2.454455581193055406e-03 7.470928991447052872e-04
-4.372217033241757728e-03 -7.885565435666484421e-05
-4.309199559647815606e-03 -5.443417966235347683e-03
1.110247150622517553e-02 -4.744749239626554205e-04
1.264372465353463164e-03 4.716074879478776051e-03
-9.601595962552909869e-03 -2.247633193362392253e-03
4.472546806321856493e-03 4.470886384740030937e-03
6.208871620889639537e-03 9.713517035311876324e-03
-3.856725658121665321e-04 4.596266658716763537e-04
-3.601797939537407407e-03 3.047876572753936003e-03
-5.309559755792559767e-03 2.593949729594841481e-03
-3.812595843747065057e-03 -4.635095784581830594e-03
1.607767292630775044e-03 5.395839539195285139e-03
2.243992926438548047e-03 9.038781699397649460e-04
3.985746199015415339e-03 -6.772468326764688462e-03
-2.558696985897993513e-03 -8.151875228089824205e-03
6.182495947869621859e-03 6.166785536611673647e-03
-6.293427097960138140e-03 -7.434734384137328851e-03
-5.221427896552372112e-03 -4.511838951148780183e-03
-1.307576241807157811e-03 4.693020049620017300e-04
-3.502266434872055439e-03 1.289566561449525563e-04
6.492027088330455838e-03 3.619887330345427680e-03
6.663325367761343404e-03 3.042943367065962905e-04
9.502527476846583249e-03 3.143560330544167662e-03
6.545241453329516540e-03 8.690357548318625863e-03
-2.070970340674072822e-03 -9.545060754388396762e-04
7.942673860711020606e-03 4.380231950752079551e-03
8.017602057744266809e-04 -4.222520642038288426e-03
-2.206217607993365623e-03 6.829722092895076056e-03
-1.246326211303139600e-02 -4.126693289048541033e-03
-1.006294693475681158e-02 -5.898270847313173346e-03
4.427155704576338571e-03 8.414290960470081557e-03
-1.022568698530240336e-03 -1.371629881771327733e-02
-7.386293803930866694e-03 5.224477375012064745e-03
3.126732227110491126e-03 -7.704190937056019234e-04
-3.799934910948699323e-03 4.839730847118629137e-03
3.734267093101758389e-03 1.305851935473569935e-03
6.423836695734609289e-03 -8.104456221937977010e-04
1.015995586467382909e-02 -7.596564804427915867e-03
9.914831254692749781e-04 -1.648320724831580384e-03
-1.247996244695983616e-02 -6.751521111753863887e-03
4.573004348905259156e-03 -2.494019090723367717e-03
9.032762452924303700e-03 3.858976868164326959e-03
8.544109769780972724e-03 7.075932743666156488e-04
-1.213172995013770197e-02 -5.610804614040143870e-03
-1.090088592215215143e-03 5.212550825872907211e-04
9.021362807501071002e-03 -3.278918959698489538e-04
-8.735269805413233869e-04 4.619193719066994053e-03
-4.559880397147868941e-03 9.945852942996621579e-03
-5.339384041480323487e-03 -7.482711945384194069e-03
-1.838043644526319393e-03 -3.565683042674731417e-03
1.330372367516848356e-02 3.591787350991360907e-03
2.853715117721067861e-03 4.222121507830344303e-03
-1.173823412107256187e-02 2.943443513792109133e-03
-1.180407776748586528e-03 6.385071454619043775e-03
-5.800399764229077076e-03 -1.799406172914738223e-03
-7.588214637463694054e-03 -8.847541953321168967e-03
-1.665947096679894646e-03 4.296746106806084101e-04
9.235737093880418136e-03 2.528074431796843453e-03
-7.369465700496619434e-03 -3.507631008129597026e-03
2.761208607895083034e-03 8.843965571149548302e-03
1.411780956428748679e-02 -4.898500857655621946e-04
-7.289747892974235421e-03 -6.247365497302958745e-03
1.497602759485363493e-05 -6.401372654344351064e-04
2.094232650481494748e-03 7.305250824280446961e-03
-5.377287129428809376e-03 -3.859376002372271516e-03
7.222979372592227068e-05 -2.419665856455913231e-03
-1.152638240944097760e-02 -4.776505893573982503e-03
-4.256112964152630393e-03 1.098398845758529439e-02
-2.140086771187399341e-03 -1.338853469124330620e-03
-1.729762838689373515e-03 -1.516713724434879968e-03
-4.089348756195886753e-04 -5.891118082969930281e-03
6.228350068575526019e-03 2.003881814555573057e-04
-1.377878938759597056e-02 -1.314329871942345948e-03
-2.311049801164497507e-03 1.131068295093359474e-02
3.091942502374029830e-03 4.890359916559657537e-05
-2.512172366282578503e-03 4.549614269592710571e-03
2.094360419986730695e-03 -4.051685381565854616e-03
-1.297702918182154497e-02 -5.536850513980633506e-03
1.021224419175483997e-02 1.519890972399698392e-03
2.247106289651143798e-03 -1.900135080201639445e-03
2.623438765826884185e-03 6.052278004352039040e-03
2.940920939036619484e-04 1.162318385937930859e-04
1.441769701703735779e-03 7.149391591404118985e-03
6.845560273657799212e-03 3.198562886630291167e-03
2.607329220360771974e-03 -9.952478803627253998e-03
5.295413647997499959e-04 8.080970606490005606e-03
-3.802920504656058694e-03 -3.713192108586268157e-03
6.897513351282297603e-03 2.981075237036526389e-03
-2.009804942917593415e-03 1.772902730390164827e-03
5.115480921111291782e-05 -7.528438296584972003e-03
-3.276827752522694717e-03 -2.162151678373952675e-03
-9.615310702776359852e-04 3.680461939631717158e-04
4.226033139457686418e-03 1.653222279129877180e-03
-8.154860821797754733e-03 -5.994225969806223769e-03
-4.962588546343626138e-03 -1.553291640257261101e-03
1.042455892234681047e-02 -8.223051214392458966e-03
1.281998837201886498e-03 3.294917143330144266e-03
-4.429263319426641728e-04 2.239155256892474358e-03
2.345248737436126784e-03 1.249923341469396168e-03
4.837144387618643598e-03 -1.097512721260024285e-03
1.438321089037349976e-03 6.194614151264283197e-04
-3.870312628837159312e-03 -8.325744141331448654e-04
6.854900363292293526e-03 -5.213476863795525433e-03
-5.796025113643280338e-03 6.845384445096792253e-04
6.454379539383923699e-04 -1.547064913833892143e-03
-6.580957215984819565e-03 -3.825049296594835134e-03
-9.175034715083536102e-03 2.222327153460048558e-03
2.463204882364649316e-03 4.220796335704130042e-03
-1.218646114152223360e-03 6.744639712107292811e-04
-3.362181498006007636e-03 -7.194319674191292438e-03
-3.252639404795860771e-03 1.426075116143820428e-04
9.892958001760910301e-04 -2.890293033543449210e-03
-5.157149135583297822e-03 -4.588443395461179637e-03
1.051508558683009534e-02 6.604012045842326713e-03
-1.349853980342012030e-03 1.608693330550186847e-03
4.795664917498536177e-03 7.352829251320509504e-03
1.065437225527424018e-03 -8.030214931488793796e-04
9.706428155722108403e-03 -2.233327664676588737e-03
-8.291369376492181004e-03 -3.497955669038590662e-03
-3.546268479740497317e-03 -1.996617106406618335e-03
2.897381913134359013e-03 -2.986248156038321527e-03
-7.605377990353092039e-03 -9.449376996599744352e-03
-9.870701440314990152e-03 7.251844805024497929e-03
-4.790619768002437120e-03 1.379900221894438117e-02
-2.433252827173010106e-03 -5.501070866572537951e-03
7.053372584158735734e-03 2.328612288260018155e-03
1.047857155576004812e-02 4.158369650573768769e-03
-6.517141473975340479e-03 -1.878660961479347406e-03
2.190315542479100673e-03 -2.143599268607368491e-03
-3.259201380674270950e-03 -3.583309414522584460e-03
6.811696586839959336e-03 -2.809997935360577029e-05
3.588083199315755031e-03 2.880218560246321051e-03
-8.986573082763248815e-03 -4.914307969002074464e-04
5.475892596174750625e-03 4.986441644616560961e-03
1.552365602338530177e-03 -9.166029874897825211e-04
-6.865836989758432492e-03 -9.963846797663203879e-04
2.088133693561539626e-03 1.556341118716953516e-03
-6.427876096850412195e-05 7.660444431171926645e-05
-1.198878718906816812e-02 6.975778217175952756e-03
-8.360485807006868414e-03 -3.882303062725223596e-03
-2.694407272178025461e-04 1.655345719673340685e-04
-1.024173322798609294e-02 -2.262609220957354905e-03
9.546194272259302810e-03 -4.064809333323817289e-03
3.899338646108814910e-03 3.598285442118689427e-03
-3.725054772969777807e-03 1.639044519949199455e-03
1.663296752427685351e-03 3.513458600347304757e-04
1.066235493943531922e-03 6.507929153844611500e-03
-1.120061395401208970e-02 -2.675583497708842497e-03
-1.483584421278993058e-03 -8.032993045243821267e-03
-4.216357800366681355e-03 -7.313186031343147427e-04
-1.694973113952912003e-03 -2.336036417306078250e-03
-5.765737808996490403e-03 8.738207340061506304e-03
1.224842480769109017e-02 3.293719740708594794e-03
-5.083195035523787458e-03 -3.743144163777337077e-03
2.953374391890294017e-03 -1.005373461462608260e-02
1.272323498110310060e-03 2.373013467335262274e-03
8.087468697618015873e-03 8.874843664260488943e-03
-3.535667102731440692e-03 -5.120698989265471540e-03
-8.143461176373951310e-03 -1.807357205672727000e-03
8.264530684513137979e-03 1.974216949765595589e-03
-3.907289678866233615e-03 -1.255224029974495639e-03
-9.617833277520965521e-03 -6.895453795493779528e-03
-3.193661332332565529e-03 1.628044008731517828e-03
2.336036417305507526e-03 -1.694973113952231557e-03
4.569890985694024729e-03 3.099941594191784472e-04
-3.870616226906036829e-04 6.528605004152156742e-03
-4.871008074437053331e-03 -2.129150144723192424e-03
-1.270263942322932132e-03 1.022589504722358836e-02
-4.861795754305073616e-03 8.157463106995776168e-04
7.725984479533253360e-03 1.163922952011981968e-02
3.768130779919597398e-03 4.532514801457466873e-03
-9.686838346208781828e-04 1.002205825310039516e-02
2.749473713016128886e-03 -4.676846619404185189e-03
8.817925147584570328e-03 3.026003319823699408e-03
1.438287564091949092e-02 -3.139329275157315066e-03
-1.178522175964779282e-02 -7.735053204465039065e-03
-1.725595668054500948e-04 -1.972364873928132874e-03
7.297363676275932243e-03 -5.429639341260792187e-03
-8.529150149855398155e-04 1.175095893862326130e-02
3.333618499693376952e-03 2.405615866778539405e-03
-1.589677901823325929e-03 -8.839990054771124095e-03
1.721476556476804519e-03 -5.474168289841162098e-03
2.889430880376940743e-03 -6.431867438941273052e-04
-1.130843174088864977e-02 -6.747545595374759668e-03
-2.892879493044686785e-03 -5.886743432384704267e-03
3.450313357248127339e-03 8.853099344813199385e-05
-2.933097675790231895e-03 7.851556407762793136e-03
6.746156538496321867e-03 -5.239453402608169712e-03
0.000000000000000000e+00 0.000000000000000000e+00
-1.451572810299976788e-03 3.285640938446621022e-03
-5.709745330240554965e-03 1.670720881473745662e-03
5.927105210328621927e-03 9.738168401998988088e-03
-4.081238302550692018e-03 2.841389434378532863e-03
1.288061104036821759e-02 5.651757180448893116e-03
5.518505584164754701e-03 1.318099374544861452e-02
-5.399751170822056530e-03 -2.899170104220849357e-03
-7.034820174392261705e-03 -7.795755583263064281e-03
5.177425851683930234e-03 2.386265188597208424e-03
-8.306808423047420606e-03 -8.348256241780907007e-04
-3.020175727607132907e-03 -4.455766761943026361e-04
-8.597451904285268939e-03 5.578872713506486877e-03
-1.785164528981047875e-03 -7.829156251120628074e-03
1.004359625657616148e-02 4.054463495323191655e-03
-4.355053680353720633e-03 5.229793889207688760e-04
1.972364873928132874e-03 -1.725595668054500948e-04
-8.286531706947358050e-03 -3.037003831041381035e-03
-7.984488580284916995e-03 -5.263833404590640384e-03
5.375690592599097206e-03 -1.076252529161492860e-02
-2.909116808014673185e-03 -1.053456403451655254e-02
1.643020036327623012e-03 2.553524066898020702e-03
-1.162372658881178494e-02 -6.156136682519885647e-04
1.150968207551060496e-02 2.151678070868200815e-03
-2.693944253219218796e-03 -3.676470597563693665e-04
5.734268927423109494e-03 9.967981734934145549e-03
-7.495500647685863702e-03 7.221493615626628504e-03
-6.170170264526406850e-03 -6.025902331331449771e-03
3.671249619506454943e-03 6.670414247351111325e-03
-8.527872454816647595e-04 3.940227327758162113e-04
3.057152777637568101e-03 8.682262920367950741e-04
-2.025116219970889793e-04 -6.920903430597239890e-04
-5.335807659311861753e-04 -1.230971797496009310e-03
3.749243120696611753e-03 6.657146700391350456e-04
-1.848645021535375802e-03 -4.416011598158791880e-04
8.261880340260928032e-03 2.755237420480933716e-03
-4.537160816745510784e-03 -1.372822536684854822e-02
-5.235940905188200128e-03 -5.894694465141552681e-03
-7.136283465336680856e-04 -2.883268038706013683e-03
-1.089625573254828905e-03 -1.501737696838774784e-03
-2.188000447682612610e-03 -7.971364628527526780e-03
1.087783109228999089e-02 9.127584057549278929e-03
-3.193661332332565529e-03 1.628044008731517828e-03
-4.429007780413800853e-03 -3.223198427623934562e-04
1.824456673808541856e-03 -1.863158030172455638e-03
-6.985517441018610635e-03 -7.232222762140349051e-03
1.059307908802082331e-02 5.993124685296702045e-04
2.344913487982336949e-03 -8.084020084949699106e-03
-8.996583671309977062e-03 -1.074727789931532659e-02
-2.937807575831179359e-03 -3.966331636081860817e-03
-5.861102143026530702e-03 -6.549807758170950005e-03
1.847383734162174598e-03 -4.846356707749942434e-03
-1.074801228297784898e-02 -3.992835078606434863e-03
-7.060397578996743286e-03 -4.031536434969096826e-03
-6.406002843935699586e-04 2.008016751831102203e-03
-7.747315003056602992e-03 5.965870451444187442e-03
1.223563610538884981e-02 5.175829314855578955e-03
-8.734758727393869548e-03 7.641923672810904331e-04
-7.389614647093377224e-03 -1.266238900711307014e-02
3.292266799078505911e-03 -5.009783664872283823e-04
4.247571142931521118e-03 4.739001939831728565e-03
5.025015231474668290e-03 9.568658313653229108e-03
1.094463242801012098e-03 1.962689534837126944e-03
2.427153870253625709e-03 -2.478388389916355052e-04
-5.819574613854247916e-04 -5.840490177471998300e-03
3.448126031953582717e-03 -1.153441315264878281e-03
-6.282746010503547328e-04 2.148899957111325646e-03
4.687048862206439140e-03 -4.030083493339578667e-03
-8.138288257372616741e-03 7.987538058745861230e-03
7.174442092297922402e-03 2.495472032352885876e-03
-2.818925392985176855e-03 -5.041444200700862140e-03
9.181931940417668164e-03 1.083753319909647357e-02
8.690293663566404925e-03 -8.667733504054550217e-04
-5.572901526090977969e-03 8.508394007126348843e-03
-3.060729159809189200e-03 3.958779737531816813e-03
7.317975641831715380e-03 1.702125878295474189e-03
7.944988955507508235e-03 -5.734731946382815720e-03
4.392030730383365660e-03 -1.003297730800987650e-04
-3.514129099256245534e-03 -2.034919328562478057e-03
-8.575786131306198726e-03 -2.692283831637963965e-03
3.099430516172422320e-03 -2.711650335513902596e-04
-1.935067818201142639e-05 -1.843807351991124440e-03
5.337196716187139756e-03 6.240739636672324592e-03
-1.085330749510743549e-02 2.511118558858610982e-03
1.116628724823329373e-02 1.471913411151691727e-03
-3.334081518653763190e-03 -3.826230873524741165e-04
3.580595185517933265e-03 3.200287192962627224e-03
6.975506852472454847e-03 -3.023624340275449674e-03
-1.453856253712561275e-04 8.885317271765100222e-03
5.941282969509300085e-03 1.787080489571523214e-03
-7.661705718564178202e-03 -1.171583396443222000e-02
-1.236591793365865444e-02 -8.287585514370074402e-03
-9.298754567475722016e-03 2.836487880080697504e-03
-9.384906581373780865e-03 -9.506630762728989631e-03
8.195079004544090009e-03 -7.744073870339452173e-03
-3.345018145117970541e-03 -6.592484630913858501e-03
-1.121777730689955781e-02 -3.277418540986956012e-03
4.203106079104053892e-03 4.636420956707364843e-03
-7.257273263034261755e-03 3.048275706960738678e-03
-4.870545055476667093e-03 -4.152142924149257279e-03
-4.242270454427102093e-03 -6.301042881262405686e-03
-7.240908178559610567e-03 -3.660839896753035477e-03
-7.293659524599646789e-03 -1.075430289415344257e-02
-4.756037523216461761e-03 -7.711200106192675832e-03
-1.167925604860926836e-02 4.428880010909246219e-03
6.734166104608257583e-03 3.953606818531843134e-03
8.914934077501587839e-03 -1.046883233191738850e-02
6.030213097165595428e-03 1.992242455821392755e-03
-5.293785459783530330e-03 9.264763111153435926e-03
-9.693543335298183093e-04 -8.645828599738936832e-03
8.770346720545869543e-03 5.727435586841881851e-03
-9.059138125944322245e-03 -7.405708366864530504e-03
2.755237420480362992e-03 -8.261880340260248021e-03
-5.402529284579501989e-03 9.238786572340791647e-03
-6.670813381559165603e-03 1.577429600970988235e-05
1.259009532863481634e-02 7.085193122853472233e-04
-1.131903311789112182e-03 -3.623463712512700044e-04
1.060275442711182924e-02 1.521216144525231774e-03
-1.070792186973617936e-02 -6.374198712906488373e-03
6.916273241000180875e-04 1.820481157429547575e-03
-4.878496088234085364e-03 -1.809081512005063707e-03
2.314370644327008036e-03 6.576183431191538406e-03
6.209925428312926612e-03 -5.689404729388840461e-03
-5.632772821165688698e-05 -2.266456967831794334e-03
1.107689410161933306e-02 3.289744224330170587e-03
-6.466912702683639581e-03 -5.361113699211046517e-03
-1.450646772380565202e-03 -7.603446204066516539e-04
-1.447996428128355689e-03 -1.541365091121990648e-03
-5.410687797282182077e-04 -9.109031647778808097e-04
-9.645134988460393050e-03 -6.396199735340709312e-03
-4.982530012989899726e-03 9.982829993025124291e-03
2.173598800880678292e-04 1.140888928347273332e-02
-9.746390799458543377e-03 -6.742244906869660631e-03
2.485668923757896037e-03 3.260590437552707884e-03
-1.027168528317716142e-02 -9.823346900896274408e-04
1.097391398428759768e-02 -3.212660353385365236e-04
-3.390409246864849353e-03 -2.649080055184949330e-03
-2.331997016175431803e-03 -5.155025695042907488e-03
-5.840027158511721349e-03 -1.441035318041892100e-03
-2.534636407675824789e-03 5.509820167744132295e-03
-1.282797105616062354e-03 -1.060586779032317295e-02
6.874251041474304519e-03 -3.369669511804400993e-03
4.600896848307018099e-04 -1.637320213615040855e-03
-1.129484477017030086e-02 -1.318704522528252841e-03
-1.097252492740915901e-02 -5.747712302941944407e-03
-6.446635986583576158e-03 -7.563291906074336851e-03
-6.895326025989113872e-03 -1.739102928324657779e-03
-4.802019413427031577e-03 9.612133454809062075e-03
7.457134540778351597e-03 -1.575164893187497913e-03
-3.596497251032198649e-03 1.485835631325080558e-03
1.143698926282565864e-02 6.594336706751320783e-03
1.241237925049344486e-03 -1.299160607520959479e-02
-5.411150816245859953e-03 -7.086038868354346126e-03
3.980445510511567905e-03 -5.210427385334691353e-03
5.736121003260572643e-03 1.876010617226457448e-03
2.155525817742639377e-03 -1.324276575736169992e-03
6.400781865877671999e-03 1.352968926123045319e-02
2.419665856455233219e-03 7.222979372535132982e-05
9.816433267891281483e-03 3.080606741701878357e-03
1.156091659516517069e-03 2.667105561238924168e-03
2.844167548140169631e-04 -8.056718374006272389e-04
3.391463054288135562e-03 -1.275384170951576746e-02
-4.353329374020132106e-03 3.787944477060525318e-03
7.734046874130710153e-04 1.167965518281664089e-02
-8.440379443087095250e-04 5.361911967625793314e-03
4.320136186112593681e-03 1.165327950979605162e-02
-1.863158030171204252e-03 -1.824456673808651360e-03
6.830712015566820471e-03 -7.518236053782718052e-03
-1.204468354970184962e-03 -7.276623941215592736e-03
3.744996239616050528e-03 -1.317516615323158398e-02
-1.330603876996690194e-02 6.523176546143072060e-03
-4.442594751130217283e-03 -5.751160915608438846e-03
2.520458648495147065e-03 2.441267744683331929e-03
-3.501340396954005178e-03 -3.917028902709462218e-03
4.405282451645421531e-03 -4.005432126652467770e-03
-8.254392326463105833e-03 -3.075306053197240756e-03
-5.794763826270078917e-03 5.972496312075501607e-03
-4.743504359922760816e-03 1.312056273135340720e-02
5.865939812572713678e-03 7.010759596169301514e-03
-5.159543940833331323e-04 -2.652129533643961083e-03
7.057284215785507124e-03 6.835549685111642557e-03
-1.034252602002464633e-02 -4.631647171914193839e-03
5.415062447872631343e-03 1.159297626520596966e-02
2.986439810293957386e-03 -1.413802239563521565e-02
-3.518168500386891981e-03 4.815079480433340567e-03
3.506513315953976688e-03 1.371192416712690987e-02
8.701230290031182132e-03 5.343088193155248918e-03
7.303286804626802665e-04 5.508095861410653923e-03
-6.416220912432911601e-03 -1.086655921636995280e-02
1.862743070271024714e-04 -3.955730259072124180e-03
-5.414391948961760036e-03 7.074910587633822037e-03
-1.789666949072080560e-03 1.043835337301257139e-03
1.619294707559243473e-03 -1.774227902516840524e-03
1.163579673314338835e-03 2.347036928522617562e-03
9.196572718558729959e-03 8.634525072429444920e-04
5.904768938439251130e-03 -6.585619056970349466e-04
2.693481234260193449e-03 2.390639839183576754e-03
1.329242014786228242e-03 -8.740458550106453006e-03
-2.286270664972831108e-03 2.355131556477400509e-04
5.496106009498973391e-04 -1.481208723263982216e-02
9.712064093678518572e-04 5.538574820305681773e-04
-6.207865872525329676e-04 1.828831324395019473e-03
-3.177759266817729421e-03 -3.058078815556870399e-03
6.373607924442907524e-03 2.672007115537901410e-03
-2.039293979148846386e-03 1.030184481832507881e-03
6.406545573341907406e-03 9.944655540374391228e-03
-4.123388271579739132e-03 -7.376155445880265560e-03
3.059675352385902991e-03 1.144414202716889997e-02
-7.970103341153753768e-03 7.475958315247754546e-03
-8.004302277425955070e-03 -5.084647977154557220e-03
-7.476820468415513316e-03 -9.602585885223863249e-03
-1.601540566207516024e-03 -1.100386603947855514e-02
8.463002905379581053e-03 9.516306101821138744e-03
2.620788421573884940e-03 6.833298475065555273e-03
8.844763839564975111e-03 4.549742039097836796e-03
2.447893605313722029e-04 -4.473009825277808453e-04
-4.375458165959588558e-03 1.408209380163104145e-02
-5.663092941120474733e-03 3.015274173310658005e-03
-9.225135716871363245e-03 -5.652156314655695790e-03
-1.706835778337101447e-03 -4.499912402013509297e-03
1.643355285782773303e-03 1.188746749331825656e-02
-6.330404147989212443e-03 -7.857383999978678757e-03
1.266093606548230124e-02 4.357831794109914489e-03
-7.267746870540014482e-03 -5.184578616027172432e-03
3.677013326970689482e-03 3.085380526495048494e-03
-1.853482691076905871e-04 -9.025529978114860390e-05
-6.160031906476376440e-03 -7.126991434763095372e-03
-7.227321207843194137e-03 1.768001176093010347e-03
-8.729458038888662091e-03 -7.978485741477647948e-04
-4.497198173009076677e-03 -4.752652795302299282e-03
1.116595199877950390e-02 -7.862030015267402680e-03
-1.018633153769384764e-02 4.049833305727712322e-03
-2.288872950171067649e-04 -4.238821841759926774e-03
6.524629487773733402e-03 1.558592328762360354e-03
-2.160363487287461463e-03 8.633247377389598231e-04
-2.394088451850752072e-03 -3.836448942019319436e-03
-9.380068911828957912e-03 -9.045678924731780438e-03
-3.862824615038766389e-03 -1.152643046850131484e-03
6.132730195538307200e-03 7.626245494917307036e-03
1.273249536030292804e-03 -1.672972091518691064e-03
-2.077532316552483001e-03 -4.680423001575806721e-03
-1.092322219403550794e-02 -5.184179481819228309e-03
-5.237202192562762440e-03 -1.118265233270851651e-02
1.124899064946439584e-02 7.285101877684368316e-03
1.024404832278394233e-02 -7.852354676176396750e-03
1.064848077831385964e-02 6.911754995216560192e-03
-1.524137853481049784e-03 -3.628636631517702035e-03
9.026072707542019333e-03 1.148999614787480500e-02
6.818386332222244571e-03 -7.659119259064082509e-03
-1.591529977660788428e-03 -7.480189370634366449e-04
9.690526090207271862e-03 2.452795159611799707e-03
-1.071999201407765811e-03 -2.922895432988548668e-03
2.330607959296423712e-03 1.122400403332406843e-02
1.226597146909641414e-03 -3.017525383354923395e-03
9.698812372419842592e-03 9.443677173887842641e-03
-6.193097324880039375e-03 -3.042703653753963192e-03
-5.239054268401804621e-04 -3.090681215004472521e-04
6.603421257378064985e-03 2.864843398443413843e-03
-7.598352995513725332e-03 -7.746452849889524234e-03
6.614357883842843927e-03 9.074704942004116481e-03
2.908781558558952169e-03 1.200620608096996918e-03
-8.144211385790252767e-05 -5.252305989668561593e-04
6.044726105801423444e-03 3.375097969814164385e-03
-5.145749490160064256e-03 -4.015746313270028567e-04
7.547916744272110089e-03 -9.461974044645314955e-03
5.252178220158186528e-03 1.054251506727340096e-02
-2.714348738824517299e-03 1.319146735295322406e-02
-5.438117277730139358e-03 2.747158618218960378e-03
-4.573802617320795252e-03 -4.816931556270803716e-03
-4.710774190974247738e-03 -2.976684760759634382e-04
3.937576983513022683e-03 9.308892925526323150e-03
-1.072589989870665998e-03 1.045703355228610326e-02
1.062323862316760098e-03 2.000991756992986665e-03
4.908575912930389362e-03 -1.082812922470896728e-02
-4.705010483510014066e-03 -3.882702196932025836e-03
-7.881971481913566113e-03 3.701696345041328821e-04
-1.529901560945283673e-03 -4.360291066163920343e-05
-3.948848859427862238e-04 -2.485269789549951480e-03
1.259071776853697535e-04 6.278115820912198806e-04
-5.269932361509915494e-03 2.235578874721994708e-03
-1.167833001068928345e-02 3.828944520552924474e-04
9.010761430490654353e-03 2.796189986887861068e-03
-3.620222579800007248e-03 -2.841916338090461763e-03
5.383513855852640854e-03 -1.748650497911679149e-03
-1.294627885821572968e-02 4.938256021439855342e-04
-2.952320584467008242e-03 -5.349187150074634182e-03
1.025937600750015041e-03 -1.180158684412233386e-02
-9.579546881065858274e-04 -4.458959835604759184e-03
6.057977827064050039e-03 -5.300043837588846313e-04
-8.457622506428683420e-04 2.096946879486717100e-03
8.683731687687993445e-03 -4.592690276542420874e-03
7.509087618403641022e-03 -1.792652542779439931e-03
2.439910921171960755e-04 -7.758251629520810343e-03
4.857756353174426736e-03 6.034252498296242308e-03
-4.485335508624887016e-03 -2.588776810594868669e-03
-9.395507958384199249e-03 -6.382548879871280043e-03
1.763163506546827370e-03 6.766369369844841761e-03
3.578870879185135773e-03 -6.467789517530645772e-05
1.043423426143645465e-02 -7.301147538398038844e-03
-1.077127459278663310e-02 -1.034357982744918414e-02
-9.475225765908514008e-03 -3.642814390698380193e-03
4.157842746862410593e-03 -2.777110673410028430e-03
3.077429493738201381e-03 -1.333951914827175705e-03
-6.348158289341511266e-03 4.920709942017396921e-03
2.618601096280701208e-03 5.591326166353686664e-03
6.553320255590238709e-03 -5.009640069672331372e-03
2.663992198027579587e-03 1.647921590624777926e-03
1.680923124276109334e-03 -1.069811876113901418e-03
-9.773053662872365800e-04 -6.302767187594742609e-03
-1.554552927631714125e-03 -3.253693212220859802e-04
-3.181207879484114574e-03 -9.588008991834560957e-03
-9.427312089413299873e-03 2.989696768704816401e-03
1.189926627294954527e-02 6.198988801848149405e-03
6.278115820908202437e-03 -1.259071776848934635e-03
-6.996118818028238852e-03 -4.108140879280816268e-03
3.926975606496020590e-04 1.243297480838082870e-03
-7.899262604306839589e-03 1.112527079707300096e-02
-5.772635034330621598e-03 -4.321653012495015392e-03
8.875769702181261636e-04 -1.213345425647014818e-03
3.045417882757824220e-03 -1.265258589851876031e-02
-1.067233387658554286e-02 1.174292412153424628e-04
-3.872499954129771885e-03 -2.074546722845693920e-03
-2.493619956514742716e-03 -9.175290254091943241e-04
-7.946585492336432840e-03 -8.887169347602563371e-03
-3.126445036714972474e-04 5.350911456408111687e-03
-2.668366848613376759e-03 -4.131866208049195591e-03
3.633011282102247604e-03 9.598067639434776019e-04
1.255623164181868820e-03 -2.518143553700590617e-04
1.316376650780767127e-02 -4.418725245186969769e-04
-1.283707201445937092e-02 -1.503190638469435042e-03
1.620555994934376942e-03 3.513729965049442860e-03
-8.727605963051198942e-03 -8.889819691855451594e-03
-7.012819151958040766e-03 -6.732968701987278835e-03
2.166925463167803691e-03 2.862592188398468442e-03
8.828670701771790252e-04 -1.303123346949166921e-02
4.291237938344241547e-03 -2.469367724036257254e-03
-2.927669217781148081e-03 -5.067420739513506418e-03
-1.966601166463327610e-03 -3.412474154051292966e-03
-1.520226221854277960e-03 8.783007653339230166e-04
-1.317954080381727143e-02 -6.228940857039216156e-03
2.249756633903353203e-04 -2.681155550916978440e-04
9.838562059830737935e-03 -7.213542582868639509e-03
3.176370209939292054e-03 9.127057153837350029e-03
2.017292956714625447e-03 -2.092971363108293327e-03
3.262314743886866701e-03 7.792961643811801772e-04
4.393499497716139065e-04 2.587850772675456650e-03
7.966063940022319323e-03 -6.259595062537569483e-04
-1.979852887725954205e-03 4.926281995217564845e-04
2.296409023023433544e-03 -1.336602259080065663e-03
1.698421726619297589e-03 8.865966593583768374e-03
1.007257421478875790e-03 5.022492656726332966e-03
6.123182625951175892e-03 -4.652594386925699294e-03
-7.088290078400433410e-03 9.847646610457483005e-03
-1.197507244884651531e-02 1.047683084175695702e-03
6.269238750232733470e-03 5.129975194149673928e-03
-2.739000105510947317e-03 1.290970094239277804e-02
2.065541882664989441e-03 1.387348322271514042e-02
-1.739486236844579696e-04 4.096613464353028068e-03
-2.389713801264954900e-03 -1.352504324594901771e-03
2.761001127944597532e-03 -1.184691406111630999e-02
4.305623177476765664e-03 1.027042399580327912e-02
7.488810902305158366e-04 4.095256640874946237e-05
-6.405284285966773503e-03 -4.656697672808107411e-03
6.968817107089598888e-03 4.607394939435708811e-03
-1.447790472549381063e-02 -2.814742396655587134e-03
-8.545035807700383443e-03 3.338392284486656810e-03
4.595340620794630820e-03 7.902711216972654884e-03
-6.408988437643630548e-03 1.152724456260680735e-02
-1.131903311789112182e-03 -3.623463712512700044e-04
1.218195872142940200e-02 2.128351876308445627e-03
-3.008776082183900209e-03 3.741292087939873928e-03
1.112228520336621188e-02 -6.536603513987385844e-04
-4.117161545156478378e-03 -1.298418194616353556e-02
-8.668372351571067540e-04 -3.011825560643021683e-03
-4.606868035723099032e-03 -7.326437752605290035e-04
9.465215177361787496e-03 -6.613032711716738087e-03
4.790491998498562498e-03 -2.442066013096936411e-03
5.451241229487529573e-03 4.704675234054292617e-03
-8.611837143417221466e-03 -7.160919006333729513e-03
1.214271463566426405e-03 -3.158408588635146837e-03
3.963154388118864287e-03 5.544673777233497143e-03
1.150577044388519446e-02 -2.355259325982283006e-03
-3.941616384643669563e-03 -2.458894116530504527e-03
1.291056309555985507e-02 4.371482649580486074e-03
-5.153237503957096288e-03 -8.150599860887392314e-05
-4.572206080490512359e-03 9.804969737715716824e-03
-1.779880248145336921e-04 1.094661227334816668e-02
-2.123849456217412508e-03 3.308967133007517658e-03
-2.679431244583390780e-03 1.015208454236403131e-03
5.663555960079500080e-03 -5.038266952737866476e-03
6.942106184614430485e-03 -8.273279985684731455e-03
-5.259666233956008727e-03 -1.022244643455709305e-02
5.549511446779110263e-03 -3.502202550119832766e-03
-1.925249465847095245e-03 -5.058799207843831880e-04
1.364366988977840263e-03 -2.258378165574145661e-04
-8.425211179263984024e-04 -1.206400257650213151e-02
-9.016397368451011668e-03 -1.056809247187924169e-02
4.917660463559284621e-04 3.473703436563069192e-04
5.876078170622744956e-03 5.909670492737657647e-03
6.885139608887834439e-04 4.624494407572093957e-03
5.158873441917455338e-03 7.853408483600254550e-03
3.559057182044098565e-03 1.145075322607762725e-04
-2.206010128045382025e-04 2.752060172516115292e-03
-8.472806013974459871e-03 9.187264280307435790e-04
-5.092870374614793388e-03 -4.665047839772899080e-03
-5.288357001773085625e-03 -3.654214036121721746e-03
-1.476762216881167579e-02 -4.470296178249628938e-04
-8.788100861898167498e-03 7.050658355154194694e-03
4.810368998416358899e-04 1.482838843236146224e-02
6.459887707846203621e-03 3.658189552501287401e-03
-1.071162602141167638e-02 9.809743522509567840e-03
5.654215870445005766e-03 3.373772797687950558e-03
5.010166973383689548e-03 -1.148140626759779244e-03
-4.852120415214067686e-03 1.737649986695139403e-03
3.223485618018398068e-03 8.448617666247056068e-03
-7.982764273952121237e-03 -1.998868316452705619e-03
-1.902322405494823610e-03 -3.489078598363012408e-03
2.259559742497663573e-03 -1.311618808076817945e-02
9.883953161577616747e-03 -1.115694715859754868e-02
2.722507251531849914e-03 5.156350867169121749e-03
5.640964149182378304e-03 7.278875151261000008e-03
-7.047273627239351336e-03 3.420297417304155735e-03
-1.084237086864322727e-02 8.720980102419995800e-03
-2.954172660305830981e-03 2.742783967631912470e-03
-4.650870080591540043e-03 -2.858217537812100112e-03
1.263800900513002874e-02 7.341030471688543384e-03
3.508828410752397233e-03 3.596960269992475600e-03
1.937575149190310471e-03 6.467631260646066306e-04
-2.569298362908411897e-03 -5.027793345232112882e-03
3.278552058856853534e-03 5.427116766513028455e-03
-2.648888400927490276e-03 -1.364499506190551548e-02
9.268004243869906733e-03 -8.867163996205318713e-03
8.650538499780454152e-03 1.084853371031415520e-02
3.491202038903973466e-03 5.018118006141106952e-03
-8.931969660885750312e-03 -1.489938917207488459e-03
-1.065309456024119902e-03 -1.055391471269788439e-02
1.280400659605649728e-02 5.587478419480390417e-03
3.738306494231833244e-03 -5.544146873521568243e-03
-9.354906467133393237e-04 -5.419165733756180908e-03
-9.744666493125745885e-03 -3.477279818731725865e-03
-8.211108839564381073e-04 2.378713290047163986e-03
-1.045657053332582631e-02 -3.095582769297982890e-03
-3.591068793023115269e-03 -1.143314151595122008e-02
-8.268107066684758644e-03 2.852789079803017165e-03
7.160727352076271326e-03 8.423567165353142497e-03
-2.621586689989421903e-03 -1.414424912205972627e-02
6.286098505060761822e-04 7.185043469308229763e-03
5.642816225019841453e-03 -8.130959664466872253e-04
-4.287485727606258831e-04 -5.711932655533847984e-03
9.205322019730325170e-03 5.831341742091779821e-03
2.284242760580814172e-04 6.261814621187134812e-03
-8.496738822696400578e-04 -2.409990517364907735e-03
-1.026466028833972546e-02 7.205894566201321086e-04
-1.585095771286472097e-04 1.433483419491847228e-03
4.559752627643993451e-03 1.411083262850823614e-03
-4.801891643922365921e-03 -1.744802751036559274e-03
7.681774954712965522e-03 -1.117722387469875095e-02
6.079052811578859392e-03 4.578768056370173707e-03
1.189396558444376362e-02 7.761029743277684211e-03
7.221094481418003502e-03 3.840025324189798653e-03
4.596394428217917029e-03 -7.500210547728061901e-03
-9.423081616014310127e-05 1.356878975180127785e-03
6.209334639850026642e-03 7.690524255885810602e-03
-7.465420822990920593e-03 -5.415717121088545020e-03
1.480135808612607689e-03 1.503062868966130927e-03
-5.780586067088039869e-03 -1.978591600350821170e-03
6.360819222139877001e-03 4.554116689683062810e-03
-3.979056453633130104e-03 -8.585509529457893609e-04
-2.914417496520234309e-04 -8.972523093084515400e-04
3.846587300069350714e-03 -3.495177555282396806e-03
1.514925533349069202e-03 6.837401760949324281e-04
1.070195184623837833e-04 -3.238988549327111947e-03
8.569224155427788980e-03 -1.033633094499003188e-03
-4.613893030562466607e-03 -2.435567921970749772e-03
-1.090122117160128787e-02 -4.121392600543442863e-03
-3.451574644621329194e-03 -5.376488861013953291e-03
6.968018838675422814e-03 -2.703555707557321608e-03
-3.648913347618444603e-03 3.726316060343769394e-03
3.973755765127921780e-03 2.420591894374644806e-03
-1.253191552458569544e-02 -6.534033462161240556e-03
-9.585230878077687089e-03 -8.956748797076845986e-03
-4.692684800166798190e-03 -3.741818991651802827e-03
1.124991668738381002e-02 3.239116318831096290e-03
7.222979372592227068e-05 -2.419665856455913231e-03
3.417710957802918160e-03 2.149825995030737232e-03
2.201252168945239639e-03 4.066262274954476896e-03
-3.528977357347224710e-03 -1.275171826897548641e-02
6.101181603516955820e-03 -5.715381268201484739e-03
3.300680850794378372e-03 -4.867032558057949113e-03
1.327389938948765526e-03 -6.484874323987651224e-04
3.354486004257700368e-03 -1.317649132535825968e-02
-2.706732955521459587e-03 1.514462514390614578e-03
6.022262064408177157e-03 4.335303867965586110e-03
3.267615432392075026e-03 -7.827447770476750506e-04
-4.270961222244178991e-03 2.671895171729664863e-04
-8.604812148578425482e-03 -5.457994859622828515e-03
1.226134127949255392e-03 -9.945326039288576725e-04
-4.093978945799751305e-04 -3.868125303543865426e-03
-6.991153378978399611e-04 -1.500412524713241186e-03
-7.162786907858775982e-04 -2.102247567990674689e-03
6.695799997700747214e-03 9.599935540970973291e-03
-6.278115820908202437e-03 1.259071776848934635e-03
-4.583477956410440292e-03 -5.738835232265223837e-03
-5.059469706757339751e-03 5.846078056370635802e-04
1.602131354671205944e-03 -2.376062945794274461e-03
2.768361372237754074e-03 -8.100464879869952433e-04
-4.514824544856139987e-03 -3.331495059152525182e-03
-1.165766998607522783e-03 -3.589009237234486172e-03
1.771577558264631012e-03 2.400315178274582684e-03
-4.042872195641248299e-03 -2.804939288060135857e-03
1.029852397515620445e-02 2.506073409362623381e-03
1.021535755496607439e-02 -1.284122277742848206e-03
-9.025529978129797444e-04 1.853482691081449925e-03
-4.935159065900321385e-03 -1.340948190625777456e-02
1.665484077720869299e-03 1.593318168746599194e-03
2.841389434378423142e-03 4.081238302549440415e-03
-1.601333086255669197e-03 9.687013592788444594e-03
-2.013381325087854057e-03 6.599908759959918596e-03
-9.203134694437141439e-03 -4.589369433379910344e-03
1.020509142740931444e-03 1.117390303153964395e-03
2.933432925245382187e-03 1.482387018657443586e-03
4.537288586250747165e-03 2.371289161002245773e-03
-8.905130968906707287e-03 3.379980206550704802e-05
-1.890331971607329617e-03 -1.268213881950234524e-02
-1.222953714846946455e-02 5.730803907085958021e-04
5.179948426432264691e-03 1.296218092372931376e-02
4.811694752518607364e-03 -8.690229778814180517e-03
1.005280857670678117e-02 6.999359950744818079e-03
5.496169312275383904e-03 2.784263437752590182e-03
-1.082808058369459864e-04 -2.048969318239851883e-03
-5.555945653152854352e-03 -1.158065058186275552e-02
-9.782441811569567852e-03 -1.121088008156542401e-02
2.361949071366499855e-03 3.874751164175178723e-03
-5.166361455715848261e-03 -7.533339850883268365e-03
3.682314015475898240e-03 1.523339585066193266e-03
-7.339050626343013653e-04 -6.810898318420425786e-04
3.888865038603633775e-03 -4.634568880869901694e-03
-8.521182709428698487e-03 -3.690791951945245411e-03
-5.265892960379840206e-03 -4.614419934273143037e-03
3.213938048425206098e-05 -3.830222215585963322e-05
-1.198335873105908431e-02 -5.943198930100345931e-03
-6.331330185908624897e-03 -3.811398441125406298e-03
-5.428777188094284153e-03 -5.664881132205714341e-03
-5.003940246959858937e-03 -4.459885873524171637e-03
6.934953420271759011e-03 1.380732073451811440e-03
-8.023652955608535919e-03 -6.928455329145000348e-03
1.880449152564477294e-03 -8.930644488760217797e-03
-2.497994607100539888e-03 -3.401473642833611338e-03
5.828164494127531688e-03 -7.228406666655389466e-04
3.147040594594458993e-04 7.247997058150059367e-03
1.236949431583027684e-02 3.460579484801462949e-03
-7.932535502660419471e-03 -5.481321054184405163e-03
-8.890282710815730280e-03 1.075059874247851627e-02
-6.205087758768103659e-03 6.150356567386050521e-03
7.440434206843325347e-04 -4.199992715896025885e-04
1.859118629041128963e-03 8.674455482803791057e-03
6.463001071056867324e-03 8.541763023594212481e-04
4.493158771877069774e-03 1.160265160429697559e-02
-2.500900490365810152e-04 2.009341923956636019e-03
-4.337762557961017881e-03 -1.023212177364742070e-02
9.238387438133988105e-03 1.747053961082646774e-03
-1.183418924356629404e-02 1.035357400832481560e-03
6.759615739710225432e-03 1.154632387608646102e-02
7.748241040974654555e-03 -1.001185601029860178e-02
-4.744174858832272100e-03 -5.547324121485245653e-03
-2.667903829655930877e-04 -6.154858987480046548e-04
-1.105316877285152447e-02 1.038007745085370651e-03
-2.079719641845666732e-03 -5.922395310287674464e-03
-7.911588287653700553e-04 1.098438759179435871e-03
-3.496502727407821767e-03 -3.456077064711110276e-03
3.493389364196586473e-03 6.260090314853656440e-03
6.249089803636545537e-03 -4.024782804834479630e-03
8.385600192652324647e-03 2.141076693858462877e-03
-2.418834772683394613e-05 -2.304759189988334501e-03
-3.745666738524990654e-03 -5.492720699607746282e-03
1.887346377898608922e-03 4.129215863796305633e-03
-1.467074100839989292e-02 -2.584929063719748794e-03
-3.400675374418755254e-03 9.808945254094139296e-03
1.712727255305210826e-03 -1.044205752468999743e-02
6.750547596748807458e-04 -1.216128287112253764e-02
-6.934618170816609153e-03 7.953211352968425282e-03
-3.508828410752397233e-03 -3.596960269992475600e-03
2.786530473497827488e-04 2.779361883455435701e-03
-4.399853993636909308e-03 -8.913545020623150905e-03
-8.078256377486036158e-03 -5.929947208837719336e-03
7.829890634783041176e-03 1.120425422093411158e-02
-7.232158877388016223e-03 1.307049338095800286e-03
-4.086874240509689310e-03 -4.930513050611706749e-03
5.520820678961242331e-03 3.066029848313717512e-03
-1.157926152498431858e-02 -5.130326851276257108e-04
7.272584540084837436e-03 5.645530454024383360e-03
1.267022809606462410e-03 3.935054408765259817e-03
-8.806860751615918498e-03 -8.173077982110438927e-03
3.891850632310993579e-03 3.918354074834995600e-03
-1.013875311065435582e-02 1.348401038711351772e-03
-2.914082247064731651e-03 3.614203333325387551e-04
4.411381408565376652e-03 1.743477578911025458e-03
8.310720054674192864e-03 5.341763021029715536e-03
-3.291340761158522733e-03 -3.545007192366724739e-03
3.905437603028770899e-03 9.347195147682183305e-03
-1.338827915223898130e-02 -1.313004699816812566e-03
3.121334256484063069e-05 4.007683336697413605e-03
-3.364161343348706298e-03 1.225458764936269811e-02
5.279607700601492148e-03 -1.313675198727113583e-03
-8.707805181690057850e-05 -8.297133083957096422e-03
1.430580817764738610e-02 -1.180615256699752043e-03
-1.284649181453525503e-03 -2.513896672615485717e-03
-8.673002541174927756e-04 -9.888327812169561779e-04
6.220862054778494854e-03 5.204568141736858056e-04
-3.197572963959336920e-03 -2.878893388120106790e-03
-7.981838236028055821e-04 -6.044853875303233528e-04
-3.097370960383113644e-03 1.287007354811070363e-02
-6.886113705858494180e-03 1.205793527096970380e-03
1.144666460191666457e-02 7.516240382746883220e-03
6.325103459484004986e-03 9.419424941407534418e-03
2.645439788261104690e-03 7.115064885627825353e-03
2.732310360126730467e-03 -5.278681662682760574e-03
-7.756527323187222683e-03 3.020973996022560584e-03
8.165925217767197597e-03 8.471513075213052760e-04
2.112322041288944297e-03 3.861100308704607572e-03
-9.979317495607657046e-03 -4.131067939634910230e-03
-3.382921233067027588e-03 -2.969148687901255503e-03
-2.160363487287461463e-03 8.633247377389598231e-04
6.842111660990053169e-03 -3.331367289648540838e-03
-1.998612777435187929e-04 -1.473110813773920776e-03
5.812262428613266738e-03 3.963282157622169052e-03
7.662296507027079040e-03 -1.664095020842431931e-03
2.840000377499415050e-03 1.015021664083060049e-02
-5.638776823889194573e-03 -6.036902842549131398e-03
5.908808339571258901e-03 -7.508560714691712122e-03
-7.075373606592956673e-03 -3.391399169535803601e-03
1.741753272576866858e-03 -7.676346496704453300e-03
1.586692308115966125e-03 2.870670990662263673e-04
3.121431538606642825e-03 7.916218477243954030e-04
-6.007749055772349141e-03 -2.952448353972814046e-03
-8.281358787944445750e-04 6.757891433380852067e-04
-1.621945051811452985e-03 2.555248373232179519e-03
-7.931609464741007018e-03 -9.527306613037677188e-03
6.375332230775705017e-03 5.936972203675835308e-03
-5.821474748745246452e-03 -6.908178613044938660e-03
-5.448255635780169769e-03 3.848247721650605545e-03
1.063409553918190538e-02 -5.828036724623657933e-03
8.419000860511137441e-03 7.390732339269566985e-03
-2.248367577024345219e-03 -3.387822787364182502e-03
-7.495500647685863702e-03 7.221493615626628504e-03
-8.096010518837763389e-03 6.848146733157676330e-03
-4.368640651072068677e-03 -4.905861683925738168e-03
-9.538578488957607723e-03 -7.612195505239932776e-03
8.083557065991243615e-03 4.367906267408863674e-03
-3.810536287957756382e-03 7.963812729977481908e-03
-7.547325955807848361e-03 -3.917954940628193793e-03
-2.008878904998181829e-03 -2.273082828463108065e-03
5.351837494327413985e-03 -3.733341055183026815e-03
1.498225199420057238e-03 -1.941087646609708679e-03
1.678272780022538931e-03 -2.887914053997046307e-04
1.848852501486652122e-04 2.113248079208355883e-03
8.303232040870575821e-04 5.661831653744637399e-04
2.292832640851812445e-03 3.490403770488546224e-03
9.402995972182592171e-03 6.062480247154292991e-03
-3.801659217281497249e-03 1.574765758980695238e-03
-8.421315955308197529e-03 2.724231557866008731e-03
1.122181670803020295e-02 -3.572580268008863046e-03
-6.544107935459619017e-03 7.954536525093959531e-03
7.177555455510517719e-03 -3.085412177885188401e-04
-2.590501116928455895e-03 1.220370420485130791e-03
5.317846038005128763e-03 4.396932284681201453e-03
-2.323247715002477003e-03 -1.871364601929302769e-04
3.979982491548107629e-04 -3.187434605907726285e-04
-1.171358275438613185e-02 3.225209924352556018e-03
-1.550976545460092809e-03 -5.152375350790697542e-03
1.261722121101253435e-03 5.497095350194114612e-03
-6.608721945883844900e-03 -1.302802457013877736e-03
-1.453632366087924573e-03 -9.313267576111549165e-03
-2.012918306128828275e-03 4.576915980532711425e-03
-8.346435817330065746e-03 -4.764547693052443612e-04
1.196539710975551112e-02 -1.969586760171258139e-03
-7.649044785765813335e-03 -2.241007332731759401e-03
-7.749837577804937448e-03 -4.610045283687917890e-03
1.871109062928622089e-03 -5.186047383355427533e-04
2.451006968525308929e-03 -7.277023075423537726e-03
-6.290728694651015300e-04 -5.162050689881023460e-03
2.716280525104155532e-04 1.076437736745214716e-03
-1.269526277125916473e-02 -5.561501880666602088e-03
-1.083395681692542363e-02 4.354925910849735855e-03
-5.684758714098974222e-03 1.128643071845442970e-02
-4.315889305030672432e-03 2.187601313475809935e-03
8.048304322294396948e-03 7.210221739706128112e-03
2.583013103130063839e-03 -9.003017877681437388e-04
-2.332460035134457151e-03 -3.132032915615699884e-03
-5.286504925935052619e-03 -1.174618515383009029e-02
-4.071898212914835946e-03 -5.570650316046142289e-03
-1.344090272877206983e-03 -1.976340390306556213e-03
-5.620352183626595166e-03 -1.471099317047340656e-04
9.319366533031505154e-03 4.295277339475569306e-03
-2.643380232471796015e-03 5.483843628931488016e-03
-6.475662003855233925e-03 -1.032900293405988185e-02
-9.273975431284626342e-03 -8.238681915204477610e-03
1.303999859635536496e-03 4.357704024606610591e-03
-9.152570673690289815e-03 1.262121255308626400e-03
-3.581648992941219474e-03 1.220263457173808956e-02
-4.451136572358482292e-04 9.971829481806057487e-04
-1.140451463288625483e-02 2.701304497513056652e-03
7.215330773955128986e-03 7.425059045047003800e-03
-3.499616090620417085e-03 -6.520638145697057759e-04
1.131903311789112182e-03 3.623463712512700044e-04
-1.630231334024021548e-03 -4.435633641043862548e-03
-1.048294620634584312e-02 -6.642314267998186000e-03
-3.921467438046910906e-03 6.695863882452969019e-03
7.120764708339836352e-03 -5.520054061931055703e-04
8.739133377979668021e-03 1.719752250143326798e-03
-4.152079039397606197e-03 -8.079230474467144138e-04
2.854641155640479447e-03 1.761359489770711936e-04
3.135944547242471275e-03 2.174477361717167684e-03
-2.251017921276554732e-03 -2.606802316648843942e-03
2.854641155640479447e-03 1.761359489770711936e-04
5.014669393474722667e-03 -1.002113221518166446e-02
-1.386368011412060985e-03 -8.369490647183708797e-04
-1.119449858942593058e-03 -1.157839937181781055e-02
-7.607693085149580536e-03 6.655869005351504851e-04
-2.729532246371217490e-03 -6.859275013879341867e-03
-3.109105855263428250e-03 -6.507386424441719604e-04
1.052131231325392595e-02 9.959855455583758316e-04
7.633605739210572866e-03 4.904137377592258928e-03
4.920773826769728881e-03 6.696901864187009175e-04
-2.824689100449410961e-03 -1.456410479844799308e-03
-2.224051459793636651e-03 -1.243999980322329189e-02
-7.890257764126135109e-03 -6.620712379771910051e-03
-2.719058638865464329e-03 1.373579309108569242e-03
1.266224541190925446e-03 -3.375896238228911616e-03
-1.094127993345862023e-03 7.371253891583109778e-03
2.680229512997566853e-03 6.295742192756625770e-03
2.171763132712625777e-03 3.323544026395678502e-03
-5.740064286272172217e-04 -8.183551589614370195e-03
5.377750148387835591e-03 1.836383222945063912e-03
-8.934955254593110116e-03 -1.004286187291238489e-02
-6.062735786161340106e-04 3.211686838387111526e-03
1.057671400354696055e-02 7.308428072245264952e-03
-2.029746409561144355e-04 1.330902436367483507e-03
2.387989494931367241e-03 -1.912460763544854671e-03
4.155064633104966001e-03 9.360846003151613443e-03
3.128456533444078785e-03 2.494545994434154302e-03
-1.027618770326819454e-02 7.890656898332256905e-03
1.305767302726390869e-02 -1.248869534046679816e-03
-4.156916708942428283e-03 -1.268874885443924691e-03
2.730458284289268185e-03 2.813289455024927093e-03
5.118783028675785718e-03 1.023477211790030893e-02
3.399145632171449855e-05 -8.130273339863547388e-03
-2.153210722946151314e-03 -8.790687321398725496e-03
-6.494677432582094193e-03 -2.838866859630769131e-03
5.164637149381689878e-03 4.268374762744193453e-03
-1.201482761263395881e-03 1.276299014489985003e-03
6.832899340859433478e-03 -6.276263745070169431e-03
-9.135742570256042555e-03 -7.469987127833034937e-03
3.803718773070235201e-03 1.102414275557929771e-02
4.402169088433396937e-03 -1.201418876511744149e-03
-1.195605702011965504e-02 -6.442452990253415279e-03
-1.276484222073344908e-02 -3.922856494925347839e-03
-6.840722604111616235e-03 -2.737611048631938791e-03
5.048868329746351510e-03 2.539474077221327321e-03
7.166954078500891237e-03 2.815540665071014810e-03
-1.393994930897625613e-02 9.001740182641593951e-04
-7.597554727099550126e-03 -4.355022028964942483e-04
-4.711700228893659324e-03 3.748317082777309888e-03
1.302275553301949053e-03 1.092738936466853715e-03
3.148733249544712065e-03 2.923677875701837393e-04
-2.936546288457977938e-03 1.321626231483960480e-03
-2.865705551610492601e-03 4.970938713308527962e-03
-2.022002856755572911e-03 -9.724916680736359759e-03
1.862695011212178687e-03 3.847449453235858748e-03
-5.891054198217599187e-03 -5.269533227303222107e-03
-1.005996134105103211e-03 2.654652108388079945e-04
-1.465159781016393218e-03 -2.143200134399424368e-03
-2.153338492450026370e-03 2.566248884448718830e-03
1.732413182941011870e-03 7.356932537202214191e-04
2.399852159315556902e-03 2.514152211625761586e-04
3.855799620199970405e-03 -5.502810998607692971e-04
-5.553295308901216865e-03 -1.236167105257741407e-02
5.417249773165243483e-03 1.283494857391851915e-02
-9.411410023898465066e-03 -1.696426055583572477e-03
-8.818132627538920578e-04 -2.371688295209048013e-03
1.149748416167262720e-02 -9.346141340258325506e-03
1.385493081294866466e-02 3.401601412338056685e-03
-6.142405534627951372e-03 -8.548149170911727157e-03
-3.201947614545134092e-03 -5.362838005544524889e-03
-1.893237854868078975e-03 1.081275406290605964e-02
-3.588546218274780812e-03 -8.572257808191134469e-04
9.755395639640607880e-03 -1.100373826997410806e-02
8.939457674684143235e-03 1.169870284490501840e-03
-4.012920140450180681e-03 -4.085213818927863755e-03
-7.972162896941702853e-03 -5.122950199310416508e-03
-5.545935064608059455e-03 -1.324803479448098675e-03
8.280432750027402061e-03 -2.711905874522112410e-03
-1.833205974980135983e-03 -3.104731204676379908e-03
-8.789362149271368052e-03 1.762700487588372746e-03
3.480137642933959878e-03 1.016519266842670632e-02
-8.034845121080142318e-04 9.575555538985319835e-04
1.289074939841881873e-02 4.550668077016567503e-03
-8.857680311371881124e-03 8.689303740894769798e-03
-2.807525747561373432e-03 -8.545754365673658044e-04
1.345911988908646620e-02 4.962317181641378097e-03
-3.283054478945954605e-03 3.445874821909317327e-03
1.970768337099210003e-03 -1.479446086079082637e-02
-1.937910398645461413e-03 -9.980706552484843244e-03
3.046551400627151018e-03 3.992308174894505964e-03
-3.381196926732868771e-03 2.958164002378204944e-04
-4.140679393973012608e-03 3.378945716688603815e-03
-1.131440292830086618e-03 -2.385339150678477283e-03
-2.389586031759718954e-03 -1.270944053044120378e-02
-5.692581977352517003e-03 2.272555924751179166e-03
5.236866943107612582e-03 1.848708906288279137e-03
4.103239324980259345e-04 -1.778602553105492130e-04
2.263806623579585255e-03 7.246927425036818905e-04
-1.609619368468237759e-03 2.696131578512402528e-03
1.558464559258485515e-03 4.832306718073711357e-03
1.804179957707908576e-03 3.390201766915153583e-04
-9.231697692750343714e-03 -9.378073240791982498e-03
-3.818694800667020613e-03 -1.038400549014532534e-02
4.568501928815586928e-03 6.378972497699659377e-03
8.419926898429189871e-03 3.344746780415151777e-03
-4.170040660701751847e-03 -8.720708737717639339e-03
1.408369033846281924e-03 1.899735945994156542e-03
6.907651709333690639e-03 1.879986133606022670e-03
-7.956723850387823274e-03 -7.786080244172059218e-03
-3.330632905986017148e-03 6.147307088926357889e-03
9.145880928308005448e-03 6.368898024401850773e-03
1.221296458404432872e-03 -1.455484441926067950e-03
-2.145387459692608099e-03 2.231874723045247167e-04
1.119623930342436222e-02 1.916388802839629618e-04
-4.520125233361348312e-03 -1.769454117723670387e-03
-3.625060249344829767e-03 -3.302868176087671824e-03
2.069581283795065164e-03 7.023484413720000076e-03
-1.000317059387934027e-02 2.898116296796991991e-03
5.404253590911727891e-03 -5.973821484202176436e-03
7.261520144115394572e-03 1.079260511630930099e-02
-9.387556925626780110e-03 -8.725610292015472530e-03
2.846227103924606552e-03 4.542190140547791924e-03
1.692658019155063483e-03 1.245100031443983207e-02
-1.387520752904872548e-02 -1.199423205474767218e-03
-8.015031423940246341e-03 9.396370111550597995e-03
-5.694306283686675386e-03 -9.924091633878970482e-04
3.970179382956300247e-03 7.247597923943256693e-03
2.051619662492984377e-04 -8.893012765561480201e-05
1.245021787172241471e-03 2.872267527489473938e-03
-4.405154682142117632e-03 -7.351504079194295244e-03
2.967424381572320805e-04 -6.647886321204039047e-04
1.439119357451525399e-03 7.930412062119456679e-03
4.040684870348635292e-03 1.562966979347586369e-03
-5.506770689284440530e-03 3.398184451062621556e-04
7.620582292289522323e-03 -1.111181413559472059e-02
-7.698589724003551162e-03 6.511329897462250944e-03
-1.111058504108524726e-02 9.471059470663494712e-03
-9.355004394470182311e-03 1.104546901092277184e-02
-1.186195727793105947e-02 2.805656508422301344e-03
7.388920166927047048e-03 -1.251896177877656613e-02
-5.908761294408264482e-03 6.867153914590229044e-03
7.032390130691740758e-03 -1.183579726762947273e-02
-4.019461328708786099e-03 -1.160909509977820940e-03
-1.275280900713368810e-02 6.779388092615109065e-03
-1.121901464564899718e-02 7.764657487441379256e-03
5.123602380716869159e-03 1.397840324339718297e-02
-1.303571607095322347e-02 2.369355968213713269e-03
1.385079089220404153e-02 -4.979657473702567803e-03
9.916216747524310079e-03 -1.623655740559588586e-03
-1.027035498900632365e-02 -5.265521429341545392e-03
1.080258278040262645e-03 6.266476794707130822e-03
1.076678860675008356e-02 -9.697268374768367588e-04
7.789875389466369669e-03 1.888252924929043931e-03
-6.017048979407251148e-03 -2.356419522932845685e-03
7.637159306993088420e-04 2.746689060535893213e-03
1.758843407376449366e-03 1.119986128476466170e-02
6.406231440672028460e-03 5.050154271537540341e-04
2.146923171352964170e-03 9.048857964657741268e-03
7.606557409955112294e-03 5.726587768248288766e-03
-1.378642683530444286e-02 4.625076169610823316e-03
-1.322839956086893816e-02 4.352159549786114613e-03
1.326005159634219104e-02 -3.880841424817270662e-03
-4.171762922532664709e-03 6.219439083382789606e-03
7.716112034072543195e-03 -5.028014815615208105e-03
-1.300796077459007161e-02 -7.119196979733789484e-04
9.453214585229756731e-03 4.891207149181247930e-03
-9.995845455840705190e-03 8.818095300009062484e-03
-7.288267281228813857e-03 3.894683073433192165e-03
-3.484068866839464245e-03 1.087501129984863851e-03
-1.099301499873327204e-02 -1.653556463725791906e-04
1.102878518959475584e-02 -1.603465170107234387e-03
-1.212961325282530152e-02 -6.050240625251847824e-03
-9.034619754335362213e-03 -1.029717476256988319e-02
1.045371204233569093e-02 3.362050184302214223e-03
9.314450574870807367e-03 3.155769010946785687e-03
5.050742941595512923e-03 3.942736600478210195e-03
-1.647569768641453424e-03 -1.239738678618826709e-02
8.549867758868243475e-03 -3.070509916786368088e-03
-5.199065880895492944e-03 -1.076040676973274990e-02
1.318262186989745469e-03 3.239300933549331667e-03
6.658455873030993608e-03 1.135288495795522962e-02
-5.801043400129496028e-03 5.207028405371958053e-03
-9.801543523056201884e-03 -5.109506218553882227e-03
-1.040023034022222008e-02 6.228059029211063455e-03
-8.065375373528943515e-03 -1.203295668256065300e-02
