1.932993018651087223e-04 -2.252806112363045510e-03
-1.271957888849123593e-02 3.490675135191364555e-03
-4.707197808803197797e-03 -5.124674505643894880e-03
1.416353591548815544e-02 4.900688764924622173e-03
8.863651498786600733e-03 8.416542170515026525e-03
1.848182002576350454e-03 2.464593939243086250e-03
-1.011443699342364638e-02 -7.703775977147758053e-03
-5.500080943902155295e-03 -7.291200834604215017e-03
1.772040577223656793e-03 3.773223988473749712e-04
8.473269032933486086e-03 -2.941719207457950749e-03
3.478876355560758023e-03 4.877234800860883943e-03
4.442594751130217283e-03 5.751160915608438846e-03
7.324074598751101513e-03 7.451035583859647211e-03
7.878985888204846286e-03 -8.923092590210172925e-03
9.017786425329450337e-03 4.499114133598762499e-03
-2.586924734756835230e-03 -3.606635609083481096e-03
9.971031213395088050e-03 -2.859814074641132704e-03
-6.749940400619219502e-03 -1.062442020009089945e-02
1.828368305435313246e-03 2.643779366679169414e-03
5.407366954124324075e-03 -8.777834734343582454e-03
4.197007122184098771e-03 -1.112488748856128818e-03
-4.991949813072365377e-03 -1.365294609466350534e-02
3.629897918891584335e-03 3.763820014085343321e-03
5.352172743782564711e-03 5.600602371237209907e-03
-7.016060284674511573e-03 7.427980754001570207e-03
-4.386730041878946634e-03 -1.461711168350579007e-03
-2.871804508529877432e-03 -7.779709922556465786e-04
-7.607437546147054978e-04 -2.204828551116180292e-03
1.228712616405432285e-02 6.981334444689022214e-03
7.871497874408384110e-03 -8.603023957492725304e-03
4.577745900342135299e-04 8.477643683519853549e-03
2.486131942718281841e-03 1.237597658126642595e-03
-6.283879528372436109e-03 4.844105497704997466e-03
1.313242539573759513e-02 6.907380344630191862e-03
-1.353837467764982400e-02 -4.245575471895224849e-03
1.053628834085014107e-02 3.558482801250834743e-04
9.928418225405083106e-03 -1.105436617547318409e-02
6.879088711019127472e-03 -2.908717673807190065e-03
-5.777009684917780094e-03 -6.805597629920574938e-03
-3.733468824689513605e-04 6.005098711518997963e-04
8.853896449249423241e-04 -2.455317734358883428e-03
-2.172689170632037363e-03 7.224415324575946071e-04
2.476456603627275911e-03 3.156939821310803754e-04
1.363903970018814915e-03 1.797154962869792821e-03
-3.349648334712879150e-03 1.363744316335547060e-02
-3.558594163083712326e-03 -2.137500311686841778e-03
-3.656736610870626493e-03 -5.287558733358338828e-03
-3.241132715900083006e-06 1.416094945598816816e-02
-5.914316508026953162e-03 -1.162027797614529137e-02
1.107390850791197326e-02 -5.263178731374726707e-03
5.958446322398698938e-03 2.388915532850098382e-03
4.570689254108200802e-03 7.620944806412207131e-03
-2.200102243422093901e-05 -1.062786881275785446e-03
3.432686985399703572e-03 1.509688729596763996e-03
1.859246398546364042e-03 -2.682480723042512255e-03
5.805684045069878577e-04 1.190946851575247836e-02
2.171300113753600429e-03 5.346536805822885673e-03
-9.429962433664939095e-03 3.770717239419474516e-03
-1.008183459398287159e-03 -9.765070978730605068e-04
-6.806060648879029562e-03 7.800002464344307253e-03
2.213992812187138420e-04 4.558890474476913826e-03
3.069478460980783543e-03 1.009109497317018517e-03
6.610446252216072537e-03 4.567767545152492080e-03
3.104858974181505700e-03 -1.319014218082768808e-02
2.770085678571912891e-03 2.454918600152080754e-03
5.301145704076117016e-03 1.772104461976559912e-03
8.979212838470092273e-03 -1.054543677622910881e-02
5.307707679955097485e-03 5.498021388112846186e-03
-2.305621343155414126e-03 -1.608294196342703944e-03
-8.819777223423395235e-03 5.065967797882845944e-03
1.822732367475744363e-03 -5.128123118310389320e-03
5.828164494127531688e-03 -7.228406666655389466e-04
-8.722305274547351508e-03 -1.045186063328545044e-02
3.844735224231316841e-03 4.596793562425971306e-03
-5.833465182625013771e-04 2.284881608096239974e-04
-3.210361666261006552e-03 -9.967838139738032909e-04
9.818285343730675380e-03 -5.011364376005348308e-03
-1.163558925319597634e-02 -2.779489652959419611e-03
1.361716644725472804e-02 5.551826541575597025e-03
6.056827901524440907e-04 1.016824214688571634e-02
-2.581624046251626038e-03 -5.168676550512335890e-03
-4.130078016963385258e-03 2.548638338290712489e-04
6.080314098952060813e-03 9.866725923935995221e-03
2.469766858243059929e-03 7.946713261841095027e-03
9.588807260246367398e-04 4.129742767503447889e-04
-8.890282710815730280e-03 1.075059874247851627e-02
1.020694350324963078e-02 3.081931913828553620e-03
-4.719523492145842082e-03 -5.265557710924797900e-03
1.558927578217511080e-03 2.809313938646503320e-03
-1.628842277144442732e-04 -1.050461197932570437e-03
1.706963547840977154e-03 -6.857023803833935463e-03
3.860509520240917002e-03 1.126760694398388531e-02
-2.927333968325997789e-03 4.266522686906730304e-03
-2.128687125763595919e-03 2.848015295009165716e-03
6.828987709232662955e-03 -1.078320114192179296e-02
8.880016583260461754e-03 1.707426566799431344e-03
4.799576549125307567e-03 1.185976664817213477e-02
6.665847942509106269e-03 1.088021007183938293e-02
7.250248268195466639e-03 -4.751199853671639675e-03
-6.757252585851817629e-04 -6.506603981717935803e-03
2.465136668585937523e-05 2.817664105611271679e-04
-4.902684435960919310e-03 -4.113840701993397991e-03
4.794403630127132905e-04 2.064871383760835308e-04
-1.825717961183104168e-03 -3.424799837394507974e-03
1.159668041687567010e-03 -2.159900468329007273e-03
-1.062117906737442864e-02 -7.411009055369628673e-03
8.785322748141293631e-03 5.087298321406766299e-03
-2.679303475078154834e-03 -1.034172775160989780e-02
-7.814116338773441015e-03 -4.533440839376198447e-03
9.349781607182170579e-03 9.920100291799524919e-04
-9.805368871923198643e-03 -8.227681403987937431e-03
-5.833465182625013771e-04 2.284881608096239974e-04
-5.427515900720511141e-03 -3.769232646405724051e-04
1.572642318439163240e-03 -3.118781194353753301e-03
7.297698925731082968e-03 3.904304085159444535e-03
8.920905264917669206e-03 6.637013579493548400e-03
-1.679534067397671967e-03 -4.999166462166578645e-03
-9.738567536208511026e-04 2.271629886829483816e-04
-1.352121132476178690e-02 -3.643740428617791779e-03
-8.179975207444132972e-04 -4.252999600935599605e-04
-2.587115807035095943e-04 -1.431548351673781957e-02
5.107048133795470679e-03 -3.286040072654566012e-03
-2.356983632316442256e-03 -1.477073553202427024e-02
-1.359194069977296727e-03 1.002073308097418090e-02
6.027562752912596182e-03 2.773262926534908988e-03
-5.586488496808755290e-03 3.079552934279162005e-03
5.563561436456483655e-03 -9.635425670053310993e-05
4.178454712417623874e-03 4.354654546146917091e-03
1.116548897981911766e-02 -5.839037235841338692e-03
1.219832380590326476e-02 -4.580763727407149988e-03
-1.953588576544176142e-04 -1.034610240219626699e-02
-4.871471093396078679e-03 -1.061573652959848200e-04
-1.439036365471731312e-02 3.459397907873620372e-03
6.545241453329516540e-03 8.690357548318625863e-03
-3.091351713909768102e-03 -1.342883258443910641e-02
3.926975606496020590e-04 1.243297480838082870e-03
-3.182133917403526593e-03 -5.542023432981288064e-03
-3.654549285577443195e-03 -4.045586424646470218e-03
2.402167254112044965e-03 -9.863548675972319546e-03
1.148768105307638489e-02 1.088891189592414502e-03
5.026532057856980713e-03 -7.857256230474694847e-03
7.995680745759596239e-03 -1.124017746354057969e-02
4.921012958110787539e-04 9.681313770076544617e-03
-1.173823412107256187e-02 2.943443513792109133e-03
4.631391632905653560e-03 1.237134639166842000e-02
1.376335034104016024e-02 3.977459916803527222e-03
7.155889682531447506e-03 7.962615327355931569e-03
6.863314415010098035e-03 -9.579531055365785377e-03
-9.460920237223961662e-04 -2.295083850897329004e-03
-3.064640791435960590e-03 -5.481576593198084560e-04
2.025116219968168662e-03 6.920903430594956343e-03
-1.025140856707709887e-02 -3.184512896952917775e-03
1.021224419175483997e-02 1.519890972399698392e-03
1.340178641250435159e-03 -2.530597006545069055e-03
7.526713990252065223e-03 -3.213810278928073017e-03
3.352494551507254061e-07 9.333943426420236722e-03
-3.366348668641890030e-03 1.101261534065082863e-02
5.883566184421137879e-03 5.589601860020669728e-03
-1.060934805443328167e-04 -8.069970095273028277e-04
1.088624514400643450e-02 4.761529865977878404e-03
-3.434874310692316579e-03 -2.751661038309312617e-03
4.821705341063403129e-03 1.565617323600476543e-03
9.809536042557721880e-03 -9.979253610855325085e-03
-3.733468824687010724e-03 6.005098711518779171e-03
-4.477975264330939439e-03 8.448090762536268616e-03
1.257419326311997980e-02 5.394642136573735668e-03
-2.177526840176860316e-03 2.614896944603844380e-04
2.181901490762657055e-03 2.222454922964033335e-03
1.191216633709489547e-03 1.118172629478910406e-02
-7.437320843636744533e-03 1.395979465750734304e-03
1.529566311490133165e-03 -9.290340515758596651e-03
2.404689828860379422e-03 7.123670591597864362e-04
-4.216357800366681355e-03 -7.313186031343147427e-04
4.259098557859989330e-03 -2.431065501880397099e-03
3.460451715295218261e-04 -1.012558109988299330e-04
-6.616752689083790946e-04 -3.100755688297956135e-03
-5.722869281999306071e-03 -5.781112970800648780e-03
-1.316721512047405729e-02 -6.088057651758993147e-03
3.777215330547484783e-04 1.883434746272517760e-03
1.224842480769109017e-02 3.293719740708594794e-03
-5.676344662382529736e-03 6.920376526883027443e-03
-1.010350036695750742e-02 -1.493914433585911798e-03
7.395378354557610896e-03 9.077355286257008174e-03
-7.220423982501117041e-04 1.482786152865388143e-03
1.227009058067016038e-02 -4.977436804435855615e-03
-7.250120498691590282e-03 -6.605736352175805084e-03
-4.407342007434729772e-03 -8.593476387906844732e-03
1.462174187309033414e-03 -6.409722821305473793e-03
1.087438247959713342e-04 2.597653881264448873e-05
-5.788872349300607997e-03 -8.969473614626863670e-03
3.262777762845892049e-03 -1.243696615046027210e-03
8.748808717070673951e-03 2.641655926138888801e-03
-8.776573446969700154e-03 -1.194090865579309699e-04
-4.409529332727915238e-03 -9.835448696618712475e-03
8.712294686000623262e-03 1.960135308703304241e-04
1.989528226815599245e-03 4.292754764726638538e-04
-4.413568733857989659e-03 -2.985449887623574296e-03
2.044594667654054711e-03 -2.592225423261363109e-03
2.614896944603844380e-04 2.177526840176860316e-03
1.358603281513605940e-03 3.359195904298647832e-03
4.765377612851746242e-03 -7.008396442313180076e-04
1.026718286308805905e-02 9.855326278511973223e-03
1.294223945708372278e-02 6.356173206850690774e-03
-3.125806189192439997e-03 -3.275566465148812851e-03
-6.001187079892578505e-03 7.734685721652941222e-04
1.250461381364626617e-02 7.033287522314309904e-03
6.207147314557412768e-03 6.448551947173261981e-03
1.634750161787056760e-04 -1.232946778734093918e-02
2.732980859037602642e-03 1.338920519015703199e-02
2.821575737236815644e-03 4.260423729986203591e-03
2.208740182741700513e-03 3.746193642237028408e-03
1.209433794020242994e-03 -3.619360426633498780e-03
-1.599017991459181134e-03 -4.279503043464497015e-04
-6.163608288647996238e-03 -2.299985405194483919e-03
3.431425698024570536e-03 -3.778269137969518954e-03
-6.378445593987730478e-03 -3.132958953535111904e-03
9.146806966226054408e-03 2.322912465547435999e-03
9.001549110359463937e-03 -1.487064685330866456e-04
1.401781504066310774e-02 4.452062610270627989e-03
5.294583728197706403e-03 -1.953812464160406374e-03
-2.758223014187722796e-03 -2.910426154446501407e-04
-6.868152084554920121e-03 9.118579217368574449e-03
1.168767010032513952e-02 -8.794934202479965865e-03
-5.713560843750072754e-04 -8.964572060329708755e-03
-1.423808080401521743e-03 7.633940988663440695e-04
-1.232568334321514449e-05 -1.408832052802233884e-04
4.055325648489698821e-03 -8.411113712505944445e-03
-4.048172884146456624e-03 -1.242898346631280196e-03
-1.634733754115054449e-03 4.437357947378020931e-03
-7.906958098057735498e-04 -9.245540202484519611e-04
-5.748446686603788519e-03 -2.016893822506681325e-03
3.071665786273967275e-03 2.251081806028887126e-03
-1.408832052802233884e-04 1.232568334321514449e-05
-8.356238925922662318e-04 9.958577760543917048e-04
4.711540807910568913e-05 -6.784394875902946109e-04
-1.373068231091730679e-04 -4.814680346224715565e-03
-3.300217831835352590e-03 2.844039778630741942e-03
5.402736764529415467e-03 1.145209305992574839e-02
-4.843706363497624068e-03 -2.628404204876262206e-03
-1.287299525707095472e-03 -1.732876201901288821e-03
7.944988955507508235e-03 -5.734731946382815720e-03
-7.921008087731950392e-03 -1.265138849589652996e-02
3.945192766814719504e-03 -2.368111913037426915e-03
1.178092681950167067e-03 3.729892442515390059e-03
-1.145381736625990590e-02 2.137771676390340554e-03
-4.819054996811194050e-03 -2.346637794315814887e-03
7.028721217472876440e-03 2.046845877698891258e-03
9.304981293899552627e-03 -8.444514380364647951e-03
-3.109904123677604323e-03 -7.961689289437200862e-03
-1.012470312097755315e-02 4.754249332131331440e-03
6.912952397837538072e-03 3.179451921760255602e-04
-1.553163870753276540e-03 -6.394347659502566152e-03
4.174080061831827136e-03 1.870709928722500076e-03
1.074847530193687520e-02 1.969842299179227693e-03
-1.687612869658394136e-03 8.700831155824380325e-03
2.490969612263104361e-03 1.698549496123852656e-03
2.110134715995760565e-03 2.619127999992738962e-03
6.838072259859407157e-03 3.518631519347278219e-03
-5.064642625757311695e-03 -9.210287458780382769e-03
6.880349998394260508e-03 2.379240193759092452e-03
-1.062913010013184778e-02 -5.067947643225435318e-03
-1.312275005664658920e-02 -5.985476668634630293e-03
5.450905980033169014e-03 -4.629268192364121778e-03
-5.726908683129952951e-03 1.068885838195170277e-03
8.862853230372424659e-03 1.105591523521997407e-03
9.655401116015661575e-03 -6.061825573937237865e-03
6.824948308102015207e-03 -3.933202332925974341e-03
1.725388188103576343e-03 -9.672308929895378051e-04
5.855929224025987166e-03 -3.245087506245816333e-03
-4.282488637172647203e-03 7.437256958885091716e-03
-8.265791971886338532e-03 -7.262174817331416669e-03
-5.547196351981260876e-03 -6.612761347013921057e-03
-1.505713213218449727e-03 2.261156279326695297e-03
2.534508638171160434e-03 5.847116038101490137e-03
1.309153671408174943e-02 1.977793331937215821e-03
1.279683742404827927e-03 1.340988104046571955e-02
-1.885159052605425191e-03 -2.887243555084437023e-03
-1.437858070078324845e-03 -2.642454194553635598e-03
2.157250124076797761e-03 1.940688512402906005e-03
-3.746592776444402240e-03 -1.446735140754474040e-03
3.495241440034620346e-03 -1.831880802854711672e-03
9.913649677760144954e-03 1.027665072222778975e-02
8.865631344129298527e-03 -1.103236515303896229e-02
2.807988766520399214e-03 -1.168417342859841583e-03
-7.534202004050458146e-03 3.533878911645059202e-03
1.339185553440924194e-02 -3.514001329752942070e-03
-1.144136391341145538e-02 -9.078281324175738881e-03
1.173200739464873299e-02 2.664582986491840881e-03
-2.333258303548632791e-03 -1.044298356260872987e-02
-1.067161531861582618e-03 -2.461943594990196726e-03
-9.917226059931767354e-03 -5.449644692659178294e-03
7.457469790233503190e-03 7.758778533232738375e-03
6.036712934173260950e-05 -4.583541841163343844e-03
-1.105926772977090800e-02 -4.710901960478803240e-03
-4.231126348016271818e-04 2.059969829456391628e-03
-1.172889403143670753e-02 -5.468596236632565152e-03
5.942831447286402342e-04 5.981373382752222176e-03
2.153210722946151314e-03 8.790687321398725496e-03
4.093563985893335436e-03 -2.700506229097628975e-03
-3.116466099556584358e-03 -1.168760621557348757e-02
-2.495344262848901533e-03 -4.182494113548269887e-03
-7.807091343934074307e-03 -2.830516692665977461e-03
5.640964149182378304e-03 7.278875151261000008e-03
-6.285140815747570012e-03 -4.438523698612859177e-04
-7.160392102621119734e-03 9.103762610670933578e-04
-3.217051411645223402e-03 6.634235465736212228e-03
7.980449179154270115e-03 1.211383221358645901e-02
5.301608723035141496e-03 -2.508883174506472587e-04
-6.875512328849438422e-03 -1.918288355761882391e-03
1.135814943421545819e-04 4.869283768109964922e-04
-4.309662578606840953e-03 -3.420425186808140512e-03
-8.787174823978756780e-03 3.004672796300921801e-03
-1.143433891857344870e-02 -7.375357177466659343e-03
4.992412832031391592e-03 1.162995331523629730e-02
6.255651779514956150e-03 -2.988658786975124763e-04
-7.198550729574986970e-04 2.724758461577937198e-03
-1.235683338303191284e-02 6.014247146898998517e-03
-1.853482691076905871e-04 -9.025529978114860390e-05
4.772865626650139165e-03 -1.020908276948304843e-03
-1.176759538780072951e-02 -9.156210940614813165e-03
1.061726743574765638e-02 2.904071658518004272e-03
7.927553655937219848e-04 1.352346253480662258e-02
-3.432670577743605640e-05 -1.203670086556008888e-03
-9.614719914310300083e-03 -9.699467045635644380e-03
1.062786881275785446e-03 -2.200102243422093901e-05
1.411907085166068734e-02 4.798107781800260187e-03
6.212911022021646440e-03 2.863518226317199582e-03
-3.950030436359542457e-03 1.907160075040217071e-03
-3.363905804340166887e-03 -1.045928476233036822e-02
1.271553948736115977e-02 3.359323673803774925e-03
-6.031602154041092005e-04 4.076735882463874711e-04
1.077106711283535613e-02 -1.034729980481849734e-02
2.117494960290278866e-03 1.365599557312319537e-02
-2.718004831442178554e-03 -1.402934245559214754e-02
5.124339256188743287e-03 -1.404114123522343452e-02
-4.331998850496784209e-03 -1.381715549450348093e-02
-9.320420340455933894e-04 1.110764442522650880e-03
-4.661886417506573652e-04 -4.111589491948453023e-03
2.840591165963676345e-03 -3.229712344442908691e-03
7.519098206950367534e-03 8.463194559635678349e-03
2.654316858936574090e-03 7.260179146292157059e-04
-1.482786152864817202e-03 -7.220423982507920410e-04
5.623928565798215831e-03 -4.679896097863877821e-03
1.201284776729169904e-02 6.685917178659144325e-03
3.436726386530350452e-03 -5.340310079399055929e-03
1.559853616136922666e-03 -1.236671620206769356e-03
6.564719901015403022e-03 -8.227713055376935890e-04
-9.283650770375632272e-03 -9.160585591200039179e-03
4.950598112456133446e-03 1.074635186139659415e-02
1.246763676361719100e-02 6.610637906472959999e-03
-3.062453466141987126e-03 6.938146493938824808e-04
-9.637183955708198248e-04 -8.739261147486967855e-04
4.495138617219767568e-03 -7.846255719257013220e-03
3.650174634991646024e-03 1.561641807222052987e-03
5.837376814259512270e-03 2.222055788757230661e-03
-5.056356343544743566e-03 -2.219405444504340703e-03
5.907419282692821100e-03 -1.439582376411231626e-03
-6.348158289341511266e-03 4.920709942017396921e-03
8.911692944785689491e-03 3.692117124070779226e-03
-1.789203930113054996e-03 -9.791574421259504647e-04
-3.992643424349546534e-03 -6.287392025791834968e-03
1.370002926938199313e-03 7.546064668433966061e-03
1.139126291162362824e-02 1.203797856059994099e-03
3.540041753317237430e-03 7.604643606689888771e-03
-7.915372149771591342e-03 -4.879486010905148899e-03
3.820419106999247381e-03 1.364897057828393795e-02
-5.177425851683930234e-03 -2.386265188597208424e-03
1.093071020783390086e-02 4.864110849102242125e-03
-7.290673930894789540e-04 -2.201379938448324637e-04
-6.611372290135483255e-03 -5.217819862992196210e-04
1.299823193583965822e-02 -7.113132517370703012e-04
1.161935193822598994e-02 -1.868330949172428666e-03
-8.565184754297140365e-03 -5.816365714496816303e-03
5.509756282991799467e-03 8.213104510598635138e-03
2.210001470116833983e-03 9.034151509803311358e-03
1.773429634102093727e-03 -5.691655939433105417e-03
2.014179593503390153e-03 7.110418870342525123e-04
-7.358193824577262225e-03 1.203617396185202408e-02
-5.269804592006610729e-03 -9.121357331124768306e-03
-2.204237762652027852e-03 -1.261918523066005507e-02
-1.108976251436840548e-03 -3.345545048829899441e-03
1.009475106578591394e-02 -3.473974801262922664e-03
1.316788561937777286e-03 2.475594450459625995e-03
8.849266259654646471e-03 -4.323249549325188998e-03
-7.613329023110512045e-03 -7.106315584455550130e-03
1.168501975607350030e-02 -8.013913731765309051e-03
2.888169593003738888e-03 -5.931144611459948819e-03
-2.030879927432402768e-03 -3.335869709738893511e-03
-5.257606678167270342e-03 2.376462080002899463e-03
-4.073287269793273747e-03 4.983280222343386412e-04
6.968817107089598888e-03 4.607394939435708811e-03
4.088263297388127111e-03 -1.138465287668773748e-03
-1.772040577223656793e-03 -3.773223988473749712e-04
-9.637183955708198248e-04 -8.739261147486967855e-04
6.144720629426371483e-03 -1.566814726222706244e-03
1.529310772481593320e-03 1.342353189593446794e-02
-6.042411011003574056e-03 -1.349006186694791734e-02
-1.247028710786882849e-02 -5.829617435758300582e-03
-1.726777244982013494e-03 7.036209231270017760e-03
4.715739630024306205e-03 -1.059831589177312808e-02
2.058644657330857379e-03 8.136228701586163421e-04
-5.561374111161938166e-03 1.338326565413543601e-03
6.916273241000180875e-04 1.820481157429547575e-03
-5.476020365678625247e-03 6.370494561230882931e-03
1.768464195052606202e-03 5.204328428415306088e-03
2.697759766729533257e-04 9.168408854452901949e-03
-2.537494231879309538e-03 -1.440003899380820976e-02
-8.255446133886392909e-03 1.232761571150347776e-02
1.198786115115011743e-02 -2.929792658321538415e-03
-7.593643095472777868e-03 4.071435193955130587e-03
2.965109286770609056e-03 3.467077575928791469e-03
3.063251734557523222e-03 6.617135997600288519e-03
-1.204468354970184962e-03 -7.276623941215592736e-03
1.181092693375887168e-02 -7.386102149674088520e-03
6.969280126049194959e-03 2.584402160007819894e-03
-7.893067529273368327e-04 -6.993532358528932458e-03
-1.452110850194750571e-02 2.370634487785189780e-03
-1.426525474544669027e-02 -3.223741157027508637e-03
2.249756633903353203e-04 -2.681155550916978440e-04
9.236279823291498794e-04 3.255289749048750729e-03
-5.216254977551828577e-03 5.283056313267986588e-03
-3.316455146805339423e-03 -1.803780823501105902e-03
4.162680416407233547e-03 -2.316158835412818369e-03
8.193689947665653076e-03 -1.675095532058972110e-03
-3.084917507536593870e-03 1.654020547544162757e-03
2.890692167752073778e-03 4.644771123672155645e-03
-6.005098711518997963e-04 -3.733468824689513605e-04
5.747648418189040855e-03 -5.294056824485668215e-03
-3.982505066299515256e-03 -7.388481129223479701e-03
-2.076271029179281580e-03 6.075348659900156600e-04
-1.137098619552299669e-02 -3.405976062923964012e-03
-4.226496158412410518e-04 3.697705003032582456e-05
-9.744666493125745885e-03 -3.477279818731725865e-03
-6.931041788644987621e-03 3.126205323399813395e-03
-6.292006389689765861e-04 6.194885515966421299e-03
4.967090966434659256e-03 -7.319699948164623028e-03
7.904307753801577754e-03 1.002656067319074827e-02
1.400082751633713362e-03 -5.091146068281885741e-03
1.366163151108219440e-02 5.654407524699960746e-03
3.981260186600469805e-04 -1.167567966643707524e-02
-4.411844427524402867e-03 2.795152005161819289e-04
-5.861229912531766215e-03 4.807128447675351572e-03
-1.470460469521601976e-03 -5.811591929705687068e-04
-1.530827598863905310e-03 4.002382648193456016e-03
3.473575667055549265e-03 6.439275742289739604e-03
-2.556174411151019947e-03 2.424040507041139679e-03
8.308069710422553641e-03 6.122783491744374085e-03
8.641326179648474437e-03 7.903637254891385591e-03
-4.509060837391906315e-03 -6.916528780008588881e-03
-9.531170185604026339e-04 -3.998007997606407675e-03
-6.335272304909263068e-05 -3.969381114541553450e-03
-1.660646408176046779e-03 -1.132366330749388916e-03
4.263010189486760720e-03 2.075871894971227736e-03
6.795331502364736556e-03 6.681015624360848830e-03
-4.660545419682546840e-03 -3.780121213807662115e-03
-9.834522658700092790e-03 3.635437738728191509e-04
-7.471647549414180481e-03 1.923093791947254154e-04
-7.312674953326507056e-03 -3.264166819724328983e-03
-5.022029637767308485e-03 -1.015735357948331597e-03
-5.386499449559429067e-03 -6.804272457793899241e-03
-5.346872055277356386e-03 -7.162643312666064702e-03
2.209203201702086752e-03 1.723200862810963336e-03
4.406671508524430056e-03 -1.007441046493362871e-02
3.627710593598399737e-03 2.521847705373474711e-03
1.855334766919593086e-03 -7.189418119894136656e-03
2.859478825185872691e-03 6.370877869736008090e-04
4.517937908068735305e-03 5.274818090111213324e-04
-3.257477074342043748e-03 -3.183443263839701165e-04
8.871139512591005990e-04 8.096473537801926771e-04
-8.313370398926402810e-03 -4.560742550314376108e-03
-7.418560953917195276e-04 1.661971580302151752e-03
1.326190895559458544e-02 2.708185897152800073e-03
4.665510858732604439e-03 -7.115863154041429835e-03
8.640655680738964020e-03 -1.076424959794726466e-02
-1.203207067596983541e-03 -1.988666073649771222e-03
2.986439810293957386e-03 -1.413802239563521565e-02
-2.924220605114762929e-03 1.462509436764184139e-03
5.014876873424637012e-03 1.066974741708487384e-02
2.404689828860379422e-03 7.123670591597864362e-04
-2.417143281708258786e-03 1.050368594140561190e-02
-1.884233014687374062e-03 -6.933229113938852231e-03
1.840693988778528689e-03 2.784662571959392856e-03
4.331328351585912034e-03 -4.850731358336310764e-03
-3.909940023118443561e-03 -4.742035592591564274e-04
-1.755004993839493453e-03 1.158144885027750232e-02
3.504198221153187812e-04 2.382688806425587759e-03
5.930218573541218112e-03 6.934155151857582938e-03
3.439839749742374612e-03 -8.144323329539779333e-03
-1.043410649193258002e-02 -4.055788667449404181e-03
-1.225591282148948483e-02 -2.973651107991607742e-03
-4.461274930401927692e-03 1.107291858524090886e-02
8.862390211413398444e-03 3.128584302949205011e-03
-1.404166813893479096e-02 2.577121626161273799e-03
2.040220017068257972e-03 -5.076170040685781641e-03
-5.087569686109585064e-03 -6.227088781201754741e-03
2.295610754608686747e-03 -8.647552906072414336e-03
-1.998740546948150551e-03 -3.374171931894752799e-03
-5.506435439829289805e-03 9.673761871526498010e-03
1.532088886234385329e-04 1.285575219370082439e-04
-8.871139512591005990e-04 -8.096473537801926771e-04
-3.078690781111402801e-03 -3.954005952738646676e-03
5.094594680948951772e-03 7.930012927911974860e-03
-1.581391619610757367e-03 -1.849108040495081595e-03
-1.377752810022083753e-02 3.973627995623937002e-03
-5.507441188192238124e-04 -1.832806840773442813e-03
4.918586501475185127e-03 -5.722821222943095740e-04
5.447565237362301388e-05 1.035842808554016288e-02
5.037005665362732573e-03 3.755980925132162626e-04
-4.453068358635398419e-03 -1.398401523859702997e-02
1.208507756102192082e-03 4.266251322209159945e-04
6.496066489460531126e-03 -3.230111478649710932e-03
-3.791105899331856290e-04 4.185543592007962520e-03
-8.724157350384814658e-03 -2.359889515577761904e-03
-7.042100708238806933e-03 1.321519268172092164e-02
-6.886113705858494180e-03 1.205793527096970380e-03
2.442465147304990689e-03 8.445967321995307558e-03
-9.980451013482558812e-04 -2.077596201304705674e-03
2.875380890700138074e-03 -4.049035037314106973e-03
-8.661267646294747158e-03 3.632484378390999150e-03
-9.447029668439594491e-04 -8.364062189177809067e-03
8.877366239008253543e-03 2.488447037514769904e-03
-1.334600141370333864e-02 -2.452396025403176007e-03
4.690497474874186050e-03 2.499846682939253772e-03
7.084713696228811877e-03 -5.020640580888871551e-03
2.352273732275494359e-03 2.952847488179616720e-03
1.741753272576866858e-03 -7.676346496704453300e-03
-8.430991294399201724e-03 1.802327881870446295e-03
6.041149723630373503e-03 8.202103999382096694e-03
-1.155293391101770055e-03 4.643845085753424938e-03
6.296205211715651118e-03 -4.703222292424774457e-03
2.307010400033851060e-03 -4.460684141937776119e-03
-7.078486969805551990e-03 -5.873859193943993182e-04
3.027200722446500049e-03 2.148500822904522971e-03
2.560086042776431314e-03 2.082896889809343274e-03
-1.734600508234196035e-03 -1.977665562432090029e-03
6.776779092598261660e-03 1.214815891936389496e-02
1.173810635156868724e-02 8.413492692055334760e-03
1.663759771386710698e-03 -1.671646919392476803e-03
9.786944231656735139e-04 2.337888493142617876e-04
3.409759925046071047e-03 4.492887407174251009e-03
9.364294615817997727e-03 2.374865543172724556e-03
-6.005098711519349895e-03 -3.733468824686330713e-03
-3.657327399334317497e-03 8.092370251914490775e-03
5.582321326176166269e-04 1.512738208056456195e-03
-3.826645833423867726e-03 -8.040944078001811129e-03
1.406181708553097976e-03 6.577636372822879326e-04
6.573006183225820311e-04 6.168110708735384702e-04
1.489811147704184560e-03 2.424966544961012702e-03
9.387317794292394067e-04 -8.741783722231987255e-03
-7.895558452629984278e-03 -5.058671438341912074e-03
6.496848350203152447e-04 1.229381590943796898e-02
-4.895196422163887277e-03 -4.433909334711526491e-03
-2.418867588041056713e-03 7.238720853267677571e-03
-9.637183955703546370e-03 -8.739261147484222655e-03
1.303999859635536496e-03 4.357704024606610591e-03
-1.059434037539538562e-02 -5.887270336096634034e-03
6.920903430604043258e-04 -2.025116219965180384e-04
-1.791391255406239160e-03 -2.221129750837819074e-03
-8.427877931186607274e-03 -1.001685368270957988e-03
-8.422577242682759840e-03 -2.563726309700955098e-03
7.356293689678888078e-04 3.946054919981799129e-03
-3.921467438046910906e-03 6.695863882452969019e-03
1.880321383060602671e-03 2.426291717087226962e-03
4.355851948768467430e-03 6.787971258071580014e-03
-9.668988086732648729e-03 6.329845010918733542e-04
-4.450673553392300343e-03 7.948836702381376074e-03
1.214359261452188990e-02 7.774680598747574917e-03
1.783104973193670598e-03 -4.769752263438223859e-03
5.417712792125630589e-03 1.081195579449245429e-02
-1.735063527194582057e-03 4.532721699397558503e-05
1.210236868341032362e-02 -6.488849840364957836e-03
1.627708759275687308e-03 -6.140282094088241917e-03
-1.468571703599474802e-02 -1.944791798285314122e-03
-2.202641225823676573e-03 2.002716063326003167e-03
2.139160733269348646e-03 5.384839027978744960e-03
8.022391668233402884e-03 1.640497461578717831e-03
2.680229512997566853e-03 6.295742192756625770e-03
3.137668853576058934e-03 5.439442449856924343e-03
2.101513184329402602e-03 -1.370569744070239925e-02
4.702823158217400192e-03 2.640729888219476781e-03
-1.606506005257002899e-03 -1.078816716301433118e-04
4.155064633104966001e-03 9.360846003151613443e-03
-2.262880585660173235e-03 -4.770678301356954566e-03
2.998558013678962169e-04 -3.468801882262269841e-03
-2.292832640851812445e-03 -3.490403770488546224e-03
-1.060712907769762597e-02 -4.005160761949649872e-03
3.489940751528840431e-03 -2.698398614251759989e-04
-6.590169536116009114e-03 -6.769945752015782414e-03
-2.554322335312196775e-03 -5.667930610665406106e-03
5.625317622676652765e-03 -1.074887443614435875e-02
9.311878519233112231e-03 4.615345972192555490e-03
2.129820643633493008e-03 1.379687877840342011e-02
-3.294326354867243428e-03 -1.209793014807276565e-02
-1.201066044199851357e-02 -5.443944869947277450e-03
2.261747067790847304e-03 -1.187421577205631171e-02
1.162936252677271472e-02 8.387516153242690481e-03
-2.371624410456144895e-03 -4.796654840169599712e-03
6.967555819715036576e-03 -6.805629281312554520e-04
1.772503596182682141e-03 -1.645670380579832308e-03
-1.046060993445647319e-02 3.754416039697835734e-03
-3.482452737732379122e-03 -5.022877129227227254e-05
5.291135115529960360e-03 -8.483742640439238814e-03
-7.123670591604667731e-04 2.404689828859808698e-03
8.866764861999196917e-03 5.612528920373622242e-03
2.271629886829483816e-04 9.738567536208511026e-04
-1.263111177979690586e-03 5.718829880863654513e-04
5.274770031056098471e-03 -1.774627036723642982e-03
-6.797646597158284263e-04 3.433948272778833627e-04
2.072359397552510189e-03 -5.114472262841640929e-03
4.575989942613979851e-03 6.058903864982671458e-03
-3.086178794909795291e-03 -3.633937320021659624e-03
2.157250124076797761e-03 1.940688512402906005e-03
1.046498458504226819e-02 -1.270471422273418069e-03
-3.831483502968690679e-03 -8.501895915999020323e-03
4.796127936457560657e-03 5.329836471893302334e-03
5.265557710923898663e-04 -4.719523492148915795e-04
1.391205680956883505e-03 1.297900902715581157e-03
7.788331454221548295e-04 -1.239321964459659097e-03
-1.321963121706030281e-02 -3.847577222740304961e-03
-9.330303159496282361e-03 -1.050513888303627325e-02
9.481452492331773896e-03 -1.965212109584890243e-03
6.711829832718886786e-03 -6.443123489164178166e-03
-7.146821539569542941e-04 1.251965372599470397e-02
-9.137594646095436451e-03 6.219839898741917270e-04
8.097271806212896425e-03 -1.560188865591392512e-03
-5.865476793613688331e-03 -9.033752375596509551e-03
1.378581438243340652e-02 3.017254018652105498e-03
1.319901925150373037e-03 -3.284187996817783959e-04
-6.599509625755813850e-04 1.642093998399780344e-04
-1.121301934780055340e-03 -3.486428254110122450e-03
4.745100896751683686e-03 1.501338562631972543e-03
3.746081698421527273e-04 4.687447996413921826e-03
1.040726779995353700e-02 2.532049948176409541e-03
1.355154668847220571e-03 -3.170734271979042292e-03
1.212218238055193069e-02 -6.668035267801720144e-03
-1.277279325349029576e-02 -1.579795082781834496e-03
1.643818304741798651e-03 9.864474713891050253e-03
-5.238591249441770965e-03 -5.113673994427355568e-03
4.962460776839750648e-03 1.291022784610470521e-02
-1.742551540991614089e-03 3.653958497121043017e-04
1.294753848986687945e-02 -6.183869983846126787e-03
-8.013708225559116119e-03 -4.354415679026902132e-04
5.708014072820046837e-03 5.376803681566911727e-03
-6.680709444476632970e-04 9.017991682093469755e-03
8.648917076227972608e-03 -2.091927258754434915e-03
-8.439654224185973164e-03 1.126059027377365046e-02
1.190444653928791896e-02 -2.773816819586983045e-03
-5.754353683555720085e-03 5.773009936832424090e-03
1.080458678112144154e-02 -9.446628354259606342e-03
-9.843975242236404147e-03 -9.693401225578074376e-03
2.601512523346946777e-03 5.694349975290655987e-04
-1.817984513725958828e-03 1.060529257358052389e-02
-7.872480895699836626e-03 1.190419287854979462e-02
8.007933172938932337e-03 -6.792791212409369020e-03
4.035967426415002814e-03 9.208917422236825856e-03
9.467874407108915411e-03 -7.442149650095781360e-03
5.304681870089645625e-03 9.580230858835971433e-03
-3.941347288030909446e-03 -1.272029942218520153e-04
-2.347862629935631908e-03 1.888534708072734649e-03
-1.021308313381274688e-02 1.510750922761506902e-03
7.480361710093850027e-05 -1.235223990185542464e-02
-3.107109859953870526e-03 1.556035895779280497e-03
1.172785217869339730e-02 -7.071097180353982763e-03
-1.419372920577093369e-02 -3.778028897446405934e-03
1.001987097205665582e-03 7.200148908133720098e-03
1.009959408064670626e-02 -2.095289717385285036e-03
-1.284159116305447559e-02 -3.302826442575568233e-03
4.776689915869143307e-03 1.317066091365635093e-02
2.280576737426953139e-03 -2.426005917791994489e-03
7.398891132940861115e-04 1.244083932087407945e-02
-6.900957334806619159e-03 -6.086792096920196418e-03
1.172656515771180845e-02 2.675171290938967530e-04
8.007660482455209242e-03 7.055141190126737070e-04
5.031689892665852475e-03 -5.762160693041120697e-03
9.886614755929071241e-03 3.779622225179925764e-03
-5.177975935107946397e-03 1.128484288024267368e-02
2.708424257792277617e-03 -1.122428115174101820e-02
8.077820649165954811e-03 9.451694358550258995e-03
-5.307414413632615020e-03 -7.954048077116200599e-03
5.559686039522841912e-03 4.430939380189530090e-03
-9.267538941203228714e-03 3.993803101027921902e-03
-3.301108405951170329e-03 7.668213421768149164e-03
9.517905774963010546e-03 -7.461340266761188125e-03
-6.383850492895029420e-03 -1.696112482027379870e-03
1.458653649174688474e-03 4.005833187060488070e-03
-1.956648567043933577e-03 -7.346273860345644072e-03
-1.234650076969485977e-02 -3.365770281767754661e-03
-4.398980077445255321e-03 -4.924123178115359135e-03
-1.337686953155167247e-03 9.203651209088052620e-03
8.365123095148368701e-03 9.007587030911028136e-03
9.780301579840049164e-03 -6.696402120762111852e-03
