1.858112880680767983e-04 -1.932737479644917010e-03
-8.144850233252388244e-03 4.261621132607753062e-03
-1.431640955465723203e-02 4.304697139556783354e-03
1.771705327767934910e-03 -8.956621027572182064e-03
1.973387029965446848e-04 -9.102804921357041806e-03
6.567034995812463111e-03 -1.093773520267326931e-02
-7.264170488378403822e-04 -1.001158464559490958e-03
4.548017732763677545e-03 -1.210972892770405263e-02
-3.532553739518844941e-03 -7.924712239406874956e-03
-8.506797470296175237e-03 9.048999767894290100e-03
-9.449776130806546159e-03 3.949902666856238559e-03
-5.040917296988933240e-03 -4.882535489365521543e-03
-1.274734361839026039e-02 6.012921974772321085e-03
7.094389035319817807e-03 -4.098736904893308247e-03
-8.864242287250290869e-03 4.963386814757802211e-03
3.392724341661337850e-03 -7.465883841949945941e-03
6.391569545745691416e-03 1.058479280580768359e-02
-5.795562094684824847e-03 -1.338454334916847500e-03
-5.568399106000734150e-03 -3.645975812973569624e-04
-3.706965382167419563e-04 -1.805105995634390353e-04
-7.114410212410550785e-04 -1.641295729993464412e-03
-4.918586501475755851e-03 5.722821222949900193e-04
3.276364733564240527e-03 4.185144457800479834e-03
2.129948413136797340e-03 2.439942572556656232e-03
-1.196804745400908108e-02 2.750607230885455251e-03
3.727114328758515758e-03 1.095986399461079328e-02
-1.008288840140172428e-02 5.637850785970353711e-03
-6.478903136571132274e-03 3.831946521928286317e-03
-1.014186647386695200e-02 4.152414288852756055e-03
4.335830771676372694e-03 -1.372372294675751336e-02
2.705806917603408458e-03 2.531523044463799763e-03
2.067393958502451289e-03 5.781512105007451455e-03
-1.162810123939815414e-02 -3.099558285675725784e-03
-1.209896812979839500e-03 5.642353206061386829e-03
-7.493441091901121252e-04 1.982040213019138370e-03
-1.355952937261396644e-03 -4.140216375013987260e-03
-5.538574820312485141e-04 9.712064093672809163e-04
-8.822762817123464647e-04 -3.486955157825210715e-04
-1.386831030370515609e-03 1.186043714708155845e-03
-1.519763202893891938e-03 -1.144692014092142706e-03
-4.912359775051925240e-03 -5.035744377988959561e-03
-5.726908683129952951e-03 1.068885838195170277e-03
-9.315790150865678248e-04 -9.122283369045563984e-04
6.207865872519620267e-04 -1.828831324394339028e-03
1.429907037320906358e-03 4.985515606697830254e-03
1.207342586834652190e-04 -9.167083682326687688e-03
-6.682340796488204539e-03 7.185841737722515124e-03
1.835058050819530530e-03 -4.987239913030846322e-03
1.278432066841876484e-02 -5.590272358930291167e-03
-2.930319562034147327e-03 -4.286400268799990185e-03
-4.039758832430583729e-03 -5.608952538202001577e-03
1.038228118381116609e-02 -7.083659888806095525e-03
3.297439718077907131e-03 9.293916897930899063e-03
3.058078815556189954e-03 -3.177759266818300146e-03
-1.038263284093801642e-03 1.166070363884279260e-02
-1.137271050185715421e-02 -6.670941151063040225e-03
4.243739221748287112e-04 3.227988038109430753e-03
8.049565609668959260e-03 1.249817960727309107e-02
-2.969148687901255503e-03 3.382921233067027588e-03
4.840129981326573259e-03 7.455410234444194081e-03
6.888173261647233432e-03 1.139311498746302387e-02
4.257246482022527048e-03 5.660905615827291001e-03
-1.289949869958734044e-03 -9.518557311866302720e-04
2.351810713316468578e-03 4.975840267606824324e-03
1.139046464320945216e-02 -6.107152790933036320e-03
-1.210695081394805306e-03 -1.668597440933465050e-03
1.640497461578717831e-03 -8.022391668233402884e-03
-1.208600359893567157e-02 -2.202657633488171868e-04
1.445636672201804432e-02 -2.710372640467254707e-04
9.235002128239145833e-04 1.461222595489505144e-02
7.385830784971270623e-03 -3.201484595584176696e-03
-1.334877952746587292e-03 9.685560651150715121e-04
2.741059661298895535e-03 -3.107924278346056897e-04
1.112977321716267405e-02 -9.737289841161862053e-04
-1.141418997197669004e-02 1.779400821516813336e-03
-9.044752886813729742e-03 5.334083352974543571e-03
1.396506369462250166e-02 -2.641400387129098221e-03
4.582088899533365116e-03 1.180781357054684622e-02
9.767593553478587376e-03 4.940811411524165253e-04
6.546630510207953474e-03 2.621379210038146668e-03
-9.749041143711542623e-03 -5.961224436156143530e-03
6.263139793313348205e-03 -6.189345114144995282e-04
1.212655703113715670e-02 -4.184090650376622034e-03
-2.173950458005238784e-03 -4.565516335108227124e-03
2.896791124671458176e-03 1.039368082923633127e-02
-6.207865872519620267e-04 1.828831324394339028e-03
8.118474560232942158e-03 -7.808352631308636618e-03
7.334420436752760175e-04 2.704082611269250074e-03
2.631852817543898528e-03 1.686223812779957202e-03
2.669755905491813693e-03 -1.937112130231284906e-03
1.144069341450058321e-02 -9.589605528664054551e-03
4.519789983905626862e-03 -7.564489308695886323e-03
3.915703730582106509e-03 -3.110830161596226176e-03
-4.628996827663127075e-03 9.561505549310667790e-03
8.719782699798445461e-03 -1.240551018459757487e-04
8.390437862197936900e-03 2.602028531857495264e-03
-1.871907331344729777e-03 -6.792345908657948343e-03
6.032400422458779159e-03 3.234214764533261365e-03
5.813986734947425121e-03 7.228247245761244832e-03
-1.348953496323712989e-02 -1.659049871345763018e-03
8.093823193545150382e-03 -8.090119041870225819e-03
4.332509928522295089e-04 -3.161058932888717241e-03
-5.289410809195801977e-03 1.174870772857831459e-02
2.495344262848901533e-03 4.182494113548269887e-03
6.450803157218887827e-03 -1.064364310876710421e-02
5.380863511601002500e-03 -9.676300271970203828e-04
1.901859386544447756e-04 5.512071377788202095e-04
2.301837481031946200e-03 -1.425557940635568260e-02
1.110365308315848423e-03 -2.723433289451261501e-03
-3.769519836797245033e-03 1.536463536824835517e-03
2.332460035134457151e-03 3.132032915615699884e-03
-7.965936170518442966e-03 -1.073097669959368651e-02
-4.226496158416711765e-03 3.697705002973304244e-04
-8.829787811968189265e-03 -5.189879304531810900e-03
1.418635161401548064e-03 -1.055828936328379042e-02
2.299985405194483919e-03 -6.163608288647996238e-03
-3.983431104218927710e-03 -3.342495570370206809e-03
8.972523093091318768e-04 -2.914417496514524900e-04
2.111523772874197499e-03 -3.449850338287741534e-03
8.999824804025875410e-03 -3.413671556672842871e-03
2.650405227309802700e-03 -3.780919482222409346e-03
1.695899151870962698e-03 -1.709949141548336524e-03
2.172353921176887071e-03 -1.005638495887783111e-02
-9.839025078790334874e-03 9.236535362296526691e-03
-5.047016253909459953e-03 -1.063144519492833541e-02
6.825746576516191280e-03 3.377748314067054343e-03
2.160826506248418859e-03 -2.886317517165705882e-03
2.587723003171010436e-03 1.091758625607651065e-02
-2.969020918396809722e-03 -7.974014972781096749e-03
4.315554055576311006e-03 -1.152154473989422390e-02
-2.335110379386666664e-03 -2.351012444900360890e-03
-1.128033176153504444e-02 6.415099146520053530e-05
7.561966733946981142e-03 -6.056125751225797590e-03
5.467271064507030903e-03 -1.133838379607971826e-02
5.102703970587718803e-05 3.828497909261330441e-03
3.858003353154702136e-04 -1.181656287171843969e-02
-2.585998696836852486e-03 -7.652621167937434868e-03
9.350276277523823613e-04 7.442158513182927509e-03
-1.042628322867960797e-02 4.958086126254525501e-03
3.710413994830074735e-03 8.335036171905473024e-03
3.863878422462625056e-03 -1.425027871785126618e-02
1.202609948855239315e-02 2.780814825085633872e-03
-1.443158758582172496e-03 -1.080413253123638489e-03
6.039584838188559977e-04 6.903277058745962286e-03
-2.544646996229489111e-04 -4.746026934671009837e-04
3.891052363896817939e-03 -3.392596572158033518e-03
-1.342710827810608860e-02 6.356316802050205640e-03
1.051958800692112846e-02 -2.268979542579557633e-03
8.320475104212159655e-04 3.831148253513539520e-03
1.850832346828559750e-03 1.683573468527747689e-03
-5.059469706757339751e-03 5.846078056370635802e-04
7.702913242004756980e-04 1.448366843295804431e-02
2.678505206663408036e-03 3.030777104617549990e-03
-5.662502152655642280e-03 -1.036465481196353206e-02
-4.502961880473881073e-03 -1.167619074445556439e-03
4.647421467925726482e-03 -3.671712638466270457e-03
5.800990552693908661e-03 -1.158052281235945162e-02
-4.093436216388671514e-03 -8.656429976747993457e-03
1.163790434799382399e-02 -7.335474244174333344e-03
-5.401012458195257951e-03 -8.187127971786670871e-03
7.957186869346847755e-03 5.763087464744852048e-03
-1.165805329458922263e-02 -1.819283754807997887e-03
5.720809726210568553e-03 -6.817795543759343734e-03
-3.106455511009857846e-03 -1.431759113158368856e-03
-6.626811336691294449e-03 2.141348058561961653e-03
-4.514489295400989262e-03 6.002448367267711540e-03
3.793372935070288710e-03 -8.565647773255595857e-03
5.238128230480813136e-03 7.136666773854100435e-03
1.181471079587983510e-02 8.477771453024519205e-03
-1.068777292313999143e-02 2.780559286077665185e-03
3.713192108586948603e-03 -3.802920504655487970e-03
-3.022826071860702877e-03 3.354437945198942596e-04
2.306084362113868316e-03 -4.146985830838228896e-04
-2.590373347423220382e-03 -1.013656578536117209e-02
-5.490070355355999507e-03 2.964646267811583275e-03
5.208303944794410306e-03 -2.939994901123792366e-03
-6.831047265020610305e-03 -1.815707372636376788e-03
9.993032235828739132e-03 -1.797027193364666812e-03
-3.939429059350485832e-03 -1.216921807818635917e-03
8.456568699005044196e-03 -5.566547030163272736e-03
4.564718066693481194e-03 -9.484901104997587457e-03
-1.520561471309998976e-03 -8.455642661085633477e-03
9.720046777833882788e-04 7.864808129024739719e-03
8.655759477839053331e-04 -2.276132306922800264e-03
1.366739521854585908e-02 2.069373803844579661e-03
-1.550641296005513458e-03 4.181568075630219192e-03
3.199888058755825417e-03 -7.236070509014787613e-03
-1.384180686119447978e-03 4.050232439941779585e-04
5.309304216776159890e-04 2.011992268210206422e-03
-4.719651261651077595e-03 6.091378494921503677e-03
4.795329668043385452e-03 -1.981114175099726784e-03
1.073084893009038435e-02 3.391000035328320481e-03
2.926072680952225644e-03 -9.554480554471871806e-03
-9.460249738312298887e-03 -4.282951656131672551e-03
1.250427856419247634e-02 -2.300655904104784502e-03
7.833131767499511983e-03 -2.956695235054736595e-03
-2.566648018654841493e-03 -5.808813815946309994e-03
-4.754009618807061160e-04 -7.056485947370761194e-03
1.765606370848550946e-03 -1.470553073313635509e-02
2.682081588835029135e-03 -1.796228924951061463e-03
-3.999205400227957147e-03 -1.001330895192880169e-02
-1.492461491956393856e-03 -1.643946074245673924e-03
6.376721287654713542e-03 -1.320061346053252004e-04
3.421750358934135764e-03 -4.700172813965761837e-03
9.305444312859366407e-03 -1.046750715979003279e-02
-4.161419129033461402e-03 7.604116702977959871e-03
8.444243015661830054e-03 -5.707430235443495745e-03
-5.353050722639841018e-04 -4.495936885633943642e-03
-3.672479255495669087e-04 6.349419576716074445e-03
9.766348673777257294e-04 -1.236511966524390937e-02
-2.686424588036265271e-04 7.476485218960363457e-03
1.450311522925414476e-03 -8.573598806013585719e-03
-4.151616020439151573e-03 -2.830915826873241573e-03
-7.138263310683594029e-03 -9.383773063503884210e-03
1.099763931305404452e-02 4.006485934075864133e-03
-3.899801665068411850e-03 -1.575292662690801811e-03
-3.914905462168501160e-03 1.042178080858993487e-02
-9.880249009900759702e-03 -5.026995076817366084e-03
-6.157509331728611840e-03 3.448924300369689971e-03
4.614787417091389607e-04 -7.706298551895520918e-03
7.169141403794074101e-03 4.057512973782882552e-03
1.169343380778572940e-03 -1.237996792333444836e-03
-9.228712099042982175e-03 -8.251502850870852043e-04
-9.521079886613846577e-03 2.323582964457056570e-03
7.377879752214423076e-03 -8.584231834406629187e-04
-6.548482586045416623e-03 5.470591907669542300e-03
-4.218545125659865086e-03 -1.973290911846183569e-03
7.537985866171992289e-03 1.232999469105286808e-02
-7.543414324181076103e-03 5.889824562234310425e-04
-3.240441490947299462e-04 1.164042692273935123e-03
5.908345320608939747e-04 -5.485567935266108053e-04
1.709949141548336524e-03 1.695899151870962698e-03
4.153468096276613855e-03 -5.261055290834445661e-03
1.039859820923513811e-03 2.961197655144408390e-03
-3.073054843151833485e-03 3.817896532250912925e-03
3.792446897150877558e-03 -4.519662214402322964e-03
-8.034717351577980518e-03 -1.781380666860083156e-03
2.201379938455128276e-04 -7.290673930889080131e-04
5.887270336096634034e-03 -1.059434037539538562e-02
1.254297992055513830e-02 1.386958799876322063e-03
9.482250760746520693e-03 5.345738537407457996e-03
-7.075836625552552744e-03 -1.368406390107915985e-03
7.060860597957128656e-03 2.008543655543031537e-03
2.661677103230520799e-03 1.176288548776035364e-02
8.328457788359631964e-04 1.114209890050588819e-02
7.149790725612063108e-03 2.213705621791758980e-03
3.352969177875959102e-03 4.249423218768983400e-03
6.611835309094508603e-03 -1.501210793127987983e-03
3.361846248552218669e-03 -2.139623752227802836e-03
5.093924182038080464e-03 -1.073787392492781684e-02
-5.475094327760573684e-03 2.324509002376467723e-03
-1.795845616428854048e-04 -3.675289020637891556e-03
1.152869750423746696e-02 -5.338458003560911033e-03
-1.275436861322769636e-02 4.309997828062562403e-03
1.628970046650249403e-03 -8.523242265212784127e-04
8.164200911433038346e-03 -2.417813780617770070e-03
-8.425818375399230648e-03 1.159722314628789178e-02
2.954172660305830981e-03 -2.742783967631912470e-03
-1.979389868765567967e-03 -1.530364579904309238e-03
1.655345719670838238e-03 2.694407272178244144e-03
6.582809291822852571e-03 -4.266921821113532978e-03
-5.279607700601492148e-03 1.313675198727113583e-03
-7.064436980128750189e-03 2.818462374025580350e-03
-2.445115491556629043e-03 -7.664946851280649009e-03
4.851657396255042339e-03 2.853427927320679840e-04
-1.727703282900635781e-03 1.108219479012511298e-02
-3.603059226912540443e-03 -2.240081294812347815e-03
-1.852684422666022249e-03 6.408397649179940411e-03
-4.391232461968618862e-03 7.411280420072447438e-03
-6.593410668831909197e-03 7.391003703972384882e-03
-9.816098018438062373e-03 6.253336684717896929e-03
1.179944757788990023e-03 -4.362078675191155726e-03
4.665846108188325889e-03 2.218080272378126876e-03
1.775153940436252327e-03 -2.426690851294029637e-03
-3.966858539793789717e-03 1.063926845818187819e-02
-3.003347624174245670e-03 -9.177685059337106072e-03
-9.617833277520965521e-03 -6.895453795493779528e-03
5.839691909056570623e-03 -7.892908108378345056e-03
-1.002921101744363823e-02 8.685328224516345591e-03
-2.367712778831304685e-03 -2.897174433184358799e-04
-3.481654469316271868e-03 7.260721875701218499e-03
1.381715549450348093e-02 -4.331998850496784209e-03
1.768128945597456127e-03 -4.129614998004930634e-03
-2.424966544961012702e-03 1.489811147704184560e-03
-6.789695564405738397e-03 1.090886860629391650e-03
-1.021818489175612635e-04 3.699940387324322007e-03
-4.287198537213595534e-03 -4.380631084959562237e-03
7.440434206843325347e-04 -4.199992715896025885e-04
1.043848114251837676e-02 6.539733284873822279e-03
-2.235578874722675587e-03 -5.269932361510486218e-03
-3.399462146095660539e-04 5.850165516562323351e-03
-8.860793674583115551e-03 1.149331699103731466e-02
-2.767435334319702945e-03 -3.235939070867419748e-03
1.095191296185394660e-02 -1.384052916615001981e-03
8.275930329938301425e-03 6.161085713900233372e-03
-5.477585251118638997e-04 6.720116114931454915e-03
-5.899084941428430623e-04 -3.497428765327804077e-03
-3.811669805827081880e-03 -8.681081343435783498e-03
-9.133683014468664194e-03 5.128921386725816128e-03
8.850064528068251821e-03 2.987701097668520132e-03
-3.718365027586921848e-03 -5.991974759761958813e-03
-5.837712063714662128e-03 -1.155599921517746695e-02
-2.025116219965180384e-04 -6.920903430604043258e-04
-7.595495171310811741e-03 1.216340631166349870e-02
-4.646495430006314029e-03 -3.742729203870024356e-04
-4.584739243785573327e-03 -1.102679309983150766e-02
9.209776380761506339e-04 4.036310219762266963e-03
5.115797434969653447e-04 1.681849162202238908e-04
-2.508883174513277040e-04 -5.301608723035712220e-03
9.649637408551996892e-03 -2.476791853081855479e-03
-4.734627289246501683e-03 6.731515760356619228e-03
4.942311830242992858e-03 3.755469847121232097e-03
-9.516705236028620563e-03 4.807527581882154247e-03
-5.394785731772568788e-03 -1.379515447206926086e-02
7.175368130217905580e-03 -1.550513526501067461e-03
3.515055137175657120e-03 -2.011066230290794836e-03
4.421056747656382582e-03 2.665381254906587678e-03
-9.683836344823625736e-03 -1.008381443932113673e-02
1.184466285107204503e-02 7.197496922155430417e-03
1.337330312464219545e-02 1.953141965250786670e-03
-8.579027264022667798e-03 1.146866562435088464e-02
5.459320031750184224e-03 -8.995322383936205785e-03
-1.162318385937930859e-04 2.940920939036619484e-04
2.846690122883631900e-03 2.519197361120585187e-03
6.911643051409927397e-04 3.843473936856754529e-03
-8.743252489554993517e-04 -2.691756927926034632e-03
1.406181708553668917e-03 6.577636372816074873e-04
1.645670380579832308e-03 1.772503596182682141e-03
-4.694201626549680470e-03 1.368409555247680244e-02
-5.389740582275899874e-03 7.356676998194948934e-03
8.797537069645828406e-04 -1.022722021935026579e-02
-2.167979270590519175e-03 1.254032957630156833e-02
1.683573468527747689e-03 -1.850832346828559750e-03
-4.129742767510251799e-04 9.588807260240657989e-04
-1.479337540198431833e-03 5.807887778026898408e-03
-3.549381842953093068e-03 8.073961437347857307e-04
-1.221296458403861931e-03 1.455484441925387722e-03
3.608487684921624257e-03 -1.067889585246395087e-02
7.237667045842701959e-04 1.782178935273687854e-03
-1.368674589672901065e-02 -3.913181155834342777e-03
6.058105596576793869e-04 -1.188694058960584367e-03
1.119060336546536319e-02 -7.580263604706276651e-03
2.394886720261634990e-04 1.114739958901074437e-03
5.645131319816899806e-03 -1.092805986358226338e-02
8.575450881851047133e-03 -6.641659594782272323e-03
-1.061554312941349887e-02 3.608934296210706411e-04
2.058644657330857379e-03 8.136228701586163421e-04
5.005792322797891943e-03 -3.632085244184196909e-03
-2.098399821117377141e-03 1.090168419056167411e-02
2.067585030782210370e-04 1.453297116632976463e-02
1.163116654355884428e-03 4.370029707949144721e-03
-1.170141649193319738e-03 -6.072953854658903403e-03
1.384308455622752093e-03 -1.176195944984094119e-02
4.944163906081597455e-03 -4.336501270587816460e-03
-6.026301465539394761e-03 2.514694941030912526e-03
1.056173797595074716e-02 7.948565337678559911e-03
5.723332300958332286e-03 3.758120191373441610e-03
7.880454655527743043e-04 1.705574490961968628e-03
-5.676679911837680462e-03 -2.413566899537209279e-03
9.885677467909843516e-03 -7.891982070458932602e-03
4.618267681148263346e-03 4.919512539395167437e-03
-1.168615327394282796e-02 -8.630980341647958090e-03
-8.521773497891599325e-03 9.689137033329407386e-03
3.072001035729117133e-03 1.158502523244912472e-02
-1.002988151635257792e-02 -9.982558628322986405e-03
-4.168444123870896495e-03 5.901192556268200322e-03
-3.534278045853002891e-03 -1.118967732754595074e-02
-1.385148220028091862e-02 3.128328763940775754e-03
3.354437945198942596e-04 3.022826071860702877e-03
-7.195517076813522789e-03 -7.604244472483766108e-03
-5.123876237229148950e-03 1.201814845579554647e-02
1.343627253918181419e-03 3.999333169733763384e-03
5.795689864188128745e-03 -1.001848187092991595e-02
2.710309337693080686e-03 -6.341468543959226031e-03
-6.539605515369157490e-03 -9.184550633272448028e-04
-9.325593259454763306e-03 1.312749160807701564e-03
3.496502727407250610e-03 3.456077064711790721e-03
-7.185043469308911510e-03 6.286098505055054582e-04
-7.895686222135218924e-03 6.298264767504389502e-03
-1.084787903710006385e-03 -1.040785858841564724e-03
-5.775828107982673796e-04 -3.356545560046438753e-03
3.220835273766188556e-03 9.229638136962394629e-03
-1.180596149470824335e-02 -3.509882218175683442e-03
6.049100756387221049e-03 5.859042587238582483e-03
5.835189488966899263e-03 9.800834800446816056e-04
4.215894781407655140e-03 2.754311382561522564e-03
-5.654678889403460390e-03 -1.350780018261423399e-03
8.428213180642329591e-03 1.033562879469051426e-02
-5.020640580888871551e-03 -7.084713696228811877e-03
5.424067288053336690e-03 -6.153006911638940479e-03
9.330893947960543222e-03 -2.874790102237237670e-03
-1.240647136587015240e-03 -3.883229100643759363e-04
6.086077806416866076e-03 6.281692203079252378e-03
-2.180177184429069395e-03 1.042510165175723324e-03
-1.831609438145066120e-04 1.151717008930719897e-03
2.394088451850752072e-03 3.836448942019319436e-03
6.614485653348078573e-03 -2.282231263842185096e-03
-6.261415486979189822e-03 3.883899599553575742e-03
-6.804543822496717138e-03 -9.625912079783617570e-03
6.217126251713738297e-04 -5.874816883247611921e-03
2.357111401820887603e-03 3.413799326176146336e-03
-1.295250558464513526e-03 6.101852102429054011e-04
-8.703082365868643547e-03 2.748882924552438316e-03
-2.184136875113542545e-04 3.994032481227984335e-03
7.327650980923292902e-03 2.624029554290355747e-03
6.278115820919003259e-04 -1.259071776847988126e-04
1.738176890405245759e-03 -2.849340467135841413e-03
-9.803772335093486473e-03 6.394219889999261386e-03
1.010833803650496455e-03 1.954866271577217294e-04
-9.934054163364652856e-03 3.282463690483624491e-03
-6.992207186402256761e-03 3.987965175689866734e-04
3.279941115734719310e-03 -6.418615717667713796e-04
-2.263806623579585255e-03 -7.246927425036818905e-04
-3.962739428207381941e-05 3.583708548721660568e-04
-2.225105267216922859e-03 2.962921961477425325e-03
1.562040941429535673e-03 5.300688505779590533e-06
4.421982785574433278e-03 -1.380604303947826879e-03
-4.589241663875246423e-03 -2.153801511408480994e-03
-5.298032340864091555e-03 -4.576117712117283749e-03
8.224903290231063563e-03 2.332587804637761050e-03
-4.694872125459981921e-03 -4.983791300363671004e-03
1.314256375378762727e-02 5.806291241198547129e-03
6.377519556068318024e-03 7.178944512388384797e-03
1.122480230173699377e-02 4.980342687696715995e-03
-7.280870822296833973e-03 -1.263641246830110587e-02
3.323144892188195816e-03 -5.827238456210050849e-03
6.094156608679519860e-03 -7.418305414911244289e-03
-8.800408973688375602e-05 -4.251147525103141783e-03
7.708150627732984067e-03 -7.630492375998548273e-03
4.486261546542937712e-03 -1.457208748259546322e-03
1.413206703391104661e-03 2.360687783991366820e-03
-1.223946802656071444e-03 2.236504912640726282e-03
2.073492915421836121e-03 1.153042181057162621e-02
-1.033760864004128980e-03 2.787712050419765934e-03
3.794969471898641290e-03 6.056253520730462379e-03
-1.672173823103944267e-03 6.037701110962056736e-03
-9.859174025385952084e-03 8.177736331169225409e-05
-8.153471764916330605e-04 -1.206320430809579075e-03
6.143331572547934549e-03 4.502163612057774253e-03
-1.076252529161424859e-02 -5.375690592598526482e-03
-3.539962042869400968e-04 2.444317223143024128e-03
-1.289949869958734044e-03 -9.518557311866302720e-04
4.989762487778391480e-03 1.241097378594981440e-02
8.778760772262313161e-03 1.361381395270480459e-03
-6.991408917988651411e-03 7.709747164562697104e-03
8.477771453024519205e-03 -1.181471079587983510e-02
1.762637184785293461e-05 -1.421157736147951557e-03
-2.454918600152080754e-03 2.770085678571912891e-03
1.293526252130355143e-03 -3.875150298381981398e-03
6.132730195538877924e-03 7.626245494916627024e-03
1.152697319790330771e-02 -8.603423091699988548e-03
-2.085020330350304766e-03 -4.360354368859499681e-03
1.156091659515946345e-03 2.667105561239604614e-03
9.890052118496212713e-03 -5.408037453035196250e-03
-9.932074318015017469e-04 -1.616644363307034177e-03
1.309776344050558004e-02 -3.630233168346734193e-03
-1.822604597970508417e-03 -6.228813087535912257e-03
1.661572446093526750e-03 -2.913619228104345413e-03
-4.570817023612646149e-03 3.735991399435916339e-03
-9.313139806608247001e-03 -9.903303839758837573e-03
-4.724824180651050406e-03 -3.703516769495943106e-03
6.133784002961594276e-03 -7.776676269783409749e-03
5.516446028375445593e-03 5.820852308893002813e-04
1.115694715859822869e-02 9.883953161578187471e-03
2.013716574543004349e-03 2.734034666460318126e-03
-3.424687893584716682e-04 -4.725750218569101102e-03
6.474400716481460913e-03 5.041045066494740344e-03
5.813060697028012667e-03 1.127423280461451773e-02
-1.607767292630775044e-03 -5.395839539195285139e-03
1.019116920723867059e-02 -3.588881467730502262e-03
-6.865341155487211279e-05 -2.407340173112017777e-03
-8.372013221935337493e-03 3.287764378986902068e-03
-2.273481962670591185e-03 -1.646596418499244111e-03
1.972109334918803296e-04 2.254131284488579325e-03
9.012150487369091287e-03 -3.272788351392619428e-03
-8.893012765493441094e-05 -2.051619662487274968e-04
3.416705209437246541e-04 -2.585200428423247571e-03
6.703415781003013024e-03 -2.077069297593457219e-03
-4.119013620994513118e-03 -4.892210828455167450e-03
-7.884158807206749844e-03 -8.718026742077357276e-04
2.025116219965180384e-04 6.920903430604043258e-04
-8.263604646593725525e-03 -6.020202508618868048e-03
-1.507437519550676496e-03 -1.003808808811919263e-03
3.227062000190018733e-03 3.621611636678444181e-03
4.719523492148915795e-04 5.265557710923898663e-04
-3.855927389704634761e-03 1.190721730570639195e-02
-3.169137735150009266e-03 1.326674662513940839e-02
4.307600694903029187e-05 6.171559321404843784e-03
9.253491235234077850e-03 -1.025001951019809121e-02
-2.387989494931367241e-03 1.912460763544854671e-03
-5.247005301158213716e-03 -7.476198028559533082e-04
-7.563691040289085427e-04 2.791160663082373726e-04
5.913518239612777089e-03 4.309327329152261819e-03
7.109365062915242763e-03 -4.738874170328423799e-03
4.674723178863224131e-03 -4.170966698619801676e-03
-9.720046777833882788e-04 -7.864808129024739719e-03
6.491101050411043384e-03 7.665872889198700572e-03
6.304619263429678483e-04 -9.069276483987768079e-04
1.996217972199816094e-03 -7.201743803237351665e-03
6.155657255891149558e-03 4.643046817337997262e-03
-8.979548087925814590e-03 1.211493349809552103e-03
-2.174876495919426684e-04 -5.195307762528897746e-05
1.030184481832507881e-03 2.039293979148846386e-03
-3.476353780812994725e-03 5.698680934271901401e-03
-7.598177166947229708e-04 -6.250814109970134064e-03
2.353662789153931293e-03 -3.116130850100863776e-03
3.517705481427866199e-03 -2.792086701006133830e-03
-1.652823144921932840e-03 7.881508462953179875e-03
2.276132306922800264e-03 8.655759477839053331e-04
-5.428441938638562704e-03 3.669062294213842369e-03
9.388147714091613430e-03 -4.654318693258715361e-03
-6.252538416302931557e-03 -2.505147371443211361e-03
-1.529566311490703889e-03 9.290340515759276663e-03
1.797123311486920755e-04 -7.681647185209090900e-03
4.818256728397017977e-03 -4.964312852677213797e-03
5.053370749837954486e-03 -6.333517511201237037e-03
1.077060409387575919e-02 -8.324307025390607559e-03
-8.143796425829671892e-03 -1.114130063209228458e-02
3.814447919585098497e-03 -3.456875333126537518e-03
3.205060977755797794e-03 2.558824755402658302e-03
-3.287892148492708305e-03 2.984922983911645830e-03
-8.290108089118980450e-03 1.790002198527230852e-03
2.553524066898020702e-03 -1.643020036327623012e-03
-1.216088373691459265e-02 2.980420563820613579e-03
2.939196632710187451e-03 -2.102646702199299691e-03
2.861793919983721211e-03 -9.477876110160151496e-03
6.753516782790839300e-03 5.797414170522287996e-03
-8.223178983896906047e-03 9.323772835013147305e-04
8.206478649974125426e-04 -3.557205106199565984e-04
-7.207172261246435480e-03 1.092275917507648346e-02
-7.949426908869057160e-04 -1.476543484351849206e-02
2.682081588835029135e-03 -1.796228924951061463e-03
-5.039991259070882544e-03 -8.928521048219936751e-03
-5.124674505643894880e-03 4.707197808803197797e-03
1.324148806232865877e-03 1.351246202358940239e-02
-4.349752991852461189e-04 -1.039061552517197824e-04
-6.886576724817520395e-03 3.228786306524177550e-03
1.038055687747836860e-02 -1.034862497694403159e-02
-9.615310702776359852e-04 3.680461939631717158e-04
-5.889824562234310425e-04 -7.543414324181076103e-03
5.456669687497974278e-03 -8.214301913220865489e-03
2.592225423260683097e-03 2.044594667653483553e-03
4.177193425042490839e-03 -9.333033214193656429e-04
-1.950363851493911718e-03 1.235346448081235757e-03
-4.941513561829388376e-03 3.555480799872477466e-03
5.349985418489380980e-03 4.358630062525341298e-03
-7.082861620391349596e-03 -3.071330536818816549e-03
-1.010753976808951432e-02 5.356084375408764510e-03
-9.504379552684044663e-03 4.948410787163519571e-03
3.020047958103828575e-03 1.180251288204106630e-02
-2.424966544961012702e-03 1.489811147704184560e-03
6.868024315051616223e-03 2.238356988478189431e-03
5.905694976359233440e-03 -4.704547464550988718e-03
-1.755803262254240684e-03 4.270498203285153643e-03
8.559006086928994030e-04 -3.198035982918362267e-03
-8.328937214986087759e-03 9.459323700394249926e-03
1.863285799676440199e-03 -9.532479532037650000e-03
8.871267282088868278e-03 -3.260462668049403986e-03
3.663889375212727676e-03 -4.366453325777524055e-03
-6.964649936456304485e-04 -2.281432995428579746e-03
1.348927942422600444e-03 2.437292228303085829e-03
-2.246180251731731779e-03 -2.145850478651633447e-03
4.745100896751112962e-03 1.501338562632652772e-03
7.714729011276373963e-04 -1.227618953759011637e-02
-1.463435474683595508e-03 1.121764953738509964e-03
-9.530627456200186851e-03 -9.955256917384127865e-03
-7.359646184230397500e-04 -1.327999834640203672e-02
7.146342112945107232e-03 -4.316224554485251566e-03
6.601233932085452845e-03 1.622871089730864354e-03
1.917633682544828133e-03 1.218288475934881446e-02
-3.022027803445956080e-03 7.646394441512243366e-03
-1.089960822709979196e-03 -1.083568112325901042e-02
3.169936003564756931e-03 -5.955795978147059716e-03
3.595235963658997228e-03 -6.773793498890902723e-03
-4.825281723234453070e-03 3.261388705967455115e-03
-2.015440880877162732e-03 -5.998999754599394774e-03
-3.312543515179139191e-03 2.703156573351198945e-03
-8.170427637856868958e-03 8.025840280901721385e-03
-7.539837942009455438e-03 -4.238023573345180844e-03
-1.172498239981129703e-02 -9.616588397820821990e-04
7.946585492336432840e-03 8.887169347602563371e-03
-5.212550825866102758e-04 -1.090088592214644202e-03
-4.842780325581066969e-04 -6.674389763726133089e-04
2.377643656920050072e-04 -2.150225129238001343e-03
1.236272485999286453e-03 -2.095621707360503273e-03
-1.558592328770087192e-04 6.524629487771886789e-04
-4.023728997406077722e-04 -2.165201156833645307e-03
-7.509885886818387819e-03 -5.518298104212907874e-03
-4.577842018451442133e-03 2.033067252725015775e-03
1.186149095450629229e-02 -1.534611460986231787e-03
2.747414157230112499e-04 -1.727575513396189567e-03
-1.002908324793897257e-02 -2.671607981329276408e-03
2.889893899337326981e-03 -2.666179523320193027e-03
-1.220926043236940373e-02 -1.629097816154695400e-03
-1.466085818935805021e-03 1.902785424453848958e-03
2.144924440733582752e-03 1.799805307122682562e-03
8.497920399619916104e-03 -2.659952796897504732e-03
4.161419129033461402e-03 -7.604116702977959871e-03
-3.654214036121721746e-03 5.288357001773085625e-03
-1.123489260072668564e-03 -4.728400562822671072e-03
-5.335935428813148168e-03 -9.527817691046811845e-04
6.051080601730489568e-03 -1.358986473631608807e-02
2.648553151472339984e-03 4.311051635485278755e-03
-4.896585479042895803e-03 1.635069003569634017e-03
1.736133742293076779e-04 -1.343055689077326566e-02
2.459293250737306768e-03 -2.861410611468145643e-04
-3.659386955122836873e-03 -4.506538262643000267e-03
6.920903430604043258e-04 -2.025116219965180384e-04
6.347088074260317375e-04 1.293395317487172277e-02
9.527178843533013267e-03 3.425326741104614981e-03
-7.982684147467972169e-07 -7.310950646992348673e-03
-1.028009933489360504e-02 3.383719501481774385e-03
5.096574526290288676e-03 -1.151889439564315713e-02
4.856958084759679939e-03 -1.276698148696107015e-03
4.836553599154952594e-03 1.228241626401280553e-02
9.765070978730605068e-04 -1.008183459398287159e-03
-1.400548935731932287e-02 -4.311179404991084124e-03
-4.023058498501001258e-03 -2.984124715498040915e-03
3.697705002964546059e-05 4.226496158406701652e-04
1.170748379746674658e-02 -8.974119629916730775e-03
-5.555275154243914659e-03 7.087236270976575610e-03
8.836014538393381634e-03 -4.181471957509985335e-04
-1.013841786119863350e-02 1.068234446513090762e-02
4.826207761153864656e-03 -7.307374264820728008e-03
6.162841671629470421e-05 7.044160264036195516e-04
-8.298059121875827129e-03 4.133063610670744195e-03
-3.490531539993672883e-03 1.364976884669936649e-02
-4.799033819717388009e-04 1.816505641051123802e-03
-1.333805038094534878e-02 -4.795457437548049373e-03
9.381920987666421061e-03 9.537078070240932043e-04
-1.275899880282502317e-03 2.453992562234029624e-03
1.300433089275961247e-02 5.037596453826423577e-03
-2.231204224136307691e-03 -2.785987744086748999e-03
-1.841157007737554254e-03 -7.616697925321855777e-04
-5.514721722041287209e-03 2.682879857249776366e-03
-1.467915506011576582e-02 1.781125127850971719e-03
1.272799294020824853e-02 -7.856729326763445959e-03
2.615152483614315623e-03 -9.386040099240034601e-04
9.191862818517783362e-03 -1.095443553660170946e-02
4.226496158416711765e-03 -3.697705002973304244e-04
-2.165654761360890496e-03 5.113170011556817350e-03
-2.186436159610528614e-04 1.571661690279665155e-04
-6.588426189889765895e-03 -1.677113283174746551e-04
3.183004299429718128e-03 -1.085711873039577752e-02
-3.236583991921170109e-03 -5.139833423327859648e-03
3.918583860178632104e-03 8.791528975830759790e-03
-1.110877456487446065e-03 8.119449035513258070e-03
-5.875241907437556317e-03 2.557775582517620491e-03
-7.759760983740279436e-03 8.501887472863309183e-05
-6.321392306561824867e-03 8.180079592102471042e-03
6.478849144126194552e-03 -1.048186430153924022e-02
5.767580911590227365e-03 -9.393512613835149072e-03
-2.525151415814779528e-03 1.193800945209937299e-02
5.290436111160382905e-03 -7.585040871230087564e-03
-1.017124893678763697e-03 1.123213128146098062e-02
2.732407185881697686e-03 1.194060193997099721e-02
-5.564434890523643588e-03 -8.029381662249252330e-03
4.769900060632905475e-03 1.396746693687925256e-02
-7.303914189772393005e-03 6.648204211942927190e-03
4.274728676165154458e-03 1.570746573756200137e-03
-6.927608470979349301e-03 -1.037087378806895825e-02
-6.024691595150288848e-03 -1.131825741929344022e-02
7.375548811868166445e-03 8.103361797792871593e-03
-4.289797554184263291e-03 -1.759861298963050430e-03
-6.863567441505042700e-03 3.625459080424164003e-03
6.901850396303544841e-03 -6.564874649229447169e-03
3.565997406377716637e-03 7.461677162935230305e-03
3.102667607704638272e-03 -3.657190192572123879e-03
1.475229990714803721e-02 -5.024499397129231172e-04
2.480882389686369337e-03 8.549534074420718846e-03
6.700723719895857779e-03 -1.073809100953140167e-02
-1.029289503252486847e-03 -1.241238600479572726e-02
-5.845268513794954317e-03 4.786124614034509110e-03
-1.074140668164805593e-02 5.535940959417791352e-03
4.585486020966787930e-03 -1.149941970581945874e-02
-1.231362911911845423e-02 -2.591505928368223032e-03
1.145900171213744961e-02 -6.048183440853308231e-03
1.107129352396065726e-02 3.919193754570996467e-03
2.203101570388218706e-03 -1.286720569588978118e-02
-8.783861389371887610e-03 1.171887239435532094e-02
-1.224893890981686856e-02 6.417972584899997446e-03
1.314194292897444879e-03 -4.184800852191622629e-03
1.112626112937205140e-02 -1.877239743950627178e-03
-1.755683929459134294e-03 1.130070346576753787e-02
6.615522856702017902e-03 3.817185740745297415e-03
-1.364387582319320476e-03 8.321162582735661811e-03
9.120723865579835306e-05 9.275840779297654659e-03
3.265255223602544794e-03 4.838868306153472007e-03
-1.065395028340288002e-04 3.727644735025562126e-03
-6.379430772294695379e-03 -1.298013925049165858e-02
1.572785322412757021e-03 -4.564285406862701039e-03
