-1.059210499104164564e-03 -4.805005007134391382e-03
1.382683083359448860e-02 -3.410095174501220905e-03
-1.804179957707908576e-03 -3.390201766915153583e-04
1.082808058369459864e-04 2.048969318239851883e-03
-3.868125303544545871e-03 4.093978945794041896e-04
-8.816663860211369774e-03 2.261954547742122974e-03
3.276364733564240527e-03 4.185144457800479834e-03
6.023619469893628370e-04 -7.718624235238735927e-03
-3.733341055182345936e-03 -5.351837494326843261e-03
-4.612168724228878081e-03 8.293971661690066697e-04
-1.274734361839026039e-02 6.012921974772321085e-03
-2.144924440733582752e-03 -1.799805307122682562e-03
-2.822774885805155037e-05 4.545239619008165435e-03
1.269673153858671705e-03 3.154033938049920389e-03
1.306065862097127023e-02 7.304053421658216610e-03
-1.378879997613668279e-03 -1.157017697435357715e-03
-1.365944418578901066e-02 -4.412435215988092137e-03
2.345711756397084180e-03 -7.730694379573496743e-04
-3.613788373424900967e-03 1.224093679389326797e-02
-1.723200862810963336e-03 2.209203201702086752e-03
-5.986546301752874999e-03 -9.200612119689376839e-03
-1.517112858641682209e-03 -1.925712484807481483e-03
1.356878975179447340e-03 9.423081615957216040e-05
-1.049480887073003278e-02 -8.806190252705617047e-03
-2.551799760563862318e-03 4.907985124466699225e-03
-2.970872994235413886e-03 1.179561449279515912e-04
6.755368858628302449e-03 -2.294556947185400538e-03
-3.475299973389136925e-03 -9.704240830429495396e-03
6.512303804430517526e-03 1.417709123482137346e-03
1.413669722350968140e-02 3.376950045650946655e-03
-8.606073435952417069e-03 -1.074595272719047062e-02
3.275694234652798062e-03 -1.448274239503863359e-02
-6.312601947577149708e-04 -6.404022998593572082e-03
-2.765711027985544562e-03 2.902601727165624902e-05
7.810204707153387774e-04 2.650344252209404193e-06
-5.601001505444012582e-03 1.696697420285709929e-03
-1.269673153858671705e-03 -3.154033938049920389e-03
-3.833670828261303253e-03 -9.743868224711569812e-03
-2.120273074045791843e-03 -1.518038896561094012e-03
-1.299915797375963966e-02 4.757298810591024073e-03
-1.563765247762333600e-03 -3.270265776643713380e-03
-8.897642955108316098e-03 -2.862688306514791364e-04
1.017076472163530414e-02 9.970232944979551953e-03
3.130308609281541934e-03 -5.597425123273533365e-03
1.369389866107111227e-02 -5.740830903301520106e-03
2.324636771887279992e-04 -5.881841878086845705e-04
9.289286708329976385e-04 1.693248807618753403e-03
-8.233652591402658774e-03 -7.300477039486595945e-03
-6.935879458191741322e-03 2.665253485402142332e-03
4.569763216181061674e-04 1.166693036526363428e-03
-6.821371925930965266e-03 -8.938036966419566666e-04
-1.604446449468264514e-03 1.249102684292984974e-02
1.770779289849884648e-03 -4.910635468717766856e-03
4.204622905485795592e-03 -1.278949358741987910e-02
5.074317964848319359e-03 1.013219113477594607e-02
-4.443057770090603521e-03 -3.728168136182373558e-03
1.672046053599279261e-03 5.319235094883565697e-03
-3.899801665068411850e-03 -1.575292662690801811e-03
6.348493538796661992e-03 4.413233484402839801e-03
3.433948272778833627e-04 6.797646597158284263e-04
-6.268855441724887397e-04 -3.920078381168473972e-03
-1.973290911846183569e-03 4.218545125659865086e-03
1.276046757014708162e-02 1.438911877501611487e-03
-5.799010707350639275e-03 -7.868384511195218936e-03
-1.333897641886476124e-02 -7.494718786947764805e-04
1.168707931186223868e-02 4.584994782794685197e-03
-2.003115197533947289e-03 -5.858116549319170030e-03
-3.249701870152838477e-04 5.210028251128568690e-03
-3.727242098262961972e-03 3.970722112373308455e-04
4.388454348211744127e-03 4.726676256488512688e-03
-4.569763216181061674e-04 -1.166693036526363428e-03
-3.152948479231360360e-04 6.131931927122770236e-03
1.192311937122122675e-02 -8.301954345837541174e-04
-1.689672425448273969e-03 -3.898077358734253466e-03
-9.577279845320840410e-03 -1.129981020922036020e-02
5.045547486581690357e-04 -1.534739230490677134e-03
-1.362179663685227039e-03 1.467810125269963404e-03
-1.348250996839855248e-02 4.387427536263477368e-05
-1.140451463288568584e-02 2.701304497512375773e-03
-5.293657690277723225e-03 -2.092173094693546963e-03
-1.280102100234834818e-02 2.965444536226330072e-03
4.796926204871737598e-03 1.264078711888633189e-02
2.845093586055279754e-03 -1.210270393286547348e-02
-7.590194482811179469e-04 1.060136537023576150e-03
7.622669112746366382e-03 -1.305724165969124155e-03
3.492128076822024595e-03 9.721324472866923940e-04
-4.492808278649268201e-05 1.920411796302843666e-03
2.155525817742639377e-03 -1.324276575736169992e-03
4.488911890796507681e-03 -2.238229218973743218e-03
-2.034376599157109410e-04 3.353895215795371122e-03
3.586231123478292315e-03 1.097218967795400915e-02
-1.137006015760494426e-02 -7.451961621778378786e-03
-2.826413406783570212e-03 -4.721375567983875088e-03
-8.128948167737553437e-03 -4.245016916806349482e-04
1.147342358344352001e-03 -2.300783673609230716e-03
2.380038462174520128e-03 4.306006485986593225e-04
-9.209233651356524969e-03 -1.033827913894408423e-02
6.911643051409927397e-04 3.843473936856754529e-03
8.421315955308197529e-03 -2.724231557866008731e-03
4.374404358535731625e-03 1.320827963070355781e-03
6.480882981919625562e-04 -2.328085384548089255e-03
1.390688389057452394e-02 3.184113762745435089e-03
-5.913646009116080987e-03 7.047608876694502061e-03
-1.101871429757021389e-02 -9.115258374206064787e-03
-8.462252696018936898e-04 4.119939658913924704e-03
-8.336760478238489092e-03 4.454489066896384977e-04
-1.196354503391804797e-02 -6.122384357536429095e-03
-3.787146208645098076e-03 2.957621272972787291e-03
-1.823530635889920436e-03 -2.182827528682639798e-03
-8.733992110374483309e-04 -6.737742486780449840e-03
-5.455615880074117345e-03 -7.188619851480532175e-03
-2.135376871145880720e-03 1.047903457471964332e-02
5.064770395260617328e-03 -2.146648747066380244e-03
-5.176627583269183437e-03 4.924685458395139381e-03
2.254929552903326122e-03 7.113739713500469644e-03
9.032299433965849944e-03 5.881969647590854118e-03
-4.267847859031583674e-03 -2.536823732968438230e-03
-1.302990829736545494e-02 -1.273377305533596703e-03
5.113147090715426668e-03 2.462869632908927867e-03
-1.008981727813034173e-03 -8.287457744865410481e-03
-1.452706328169874744e-03 -1.335925313496596351e-02
4.663994032349501849e-03 1.031005139008467353e-02
-3.528179088933618493e-03 -5.440767621981777713e-03
5.100949176876876448e-03 -9.034949778216916708e-03
-1.231236831920501547e-02 6.116828130024042250e-03
-4.521514290239786113e-03 4.299524220556809675e-03
-1.014438904861471313e-02 -6.423501446280030155e-03
3.613660603921597068e-03 -8.840005880465051733e-04
-8.816536090706924428e-03 -9.094981658106002231e-03
-1.739102928324657779e-03 6.895326025989113872e-03
-3.430371890601283461e-03 -1.162465262673119740e-02
-3.368999012894099976e-03 1.179363581136616893e-02
1.001503325826159918e-02 -7.342403120900228147e-04
4.238821841759926774e-03 -2.288872950171067649e-04
-5.281332006934508216e-03 -1.951289889413323087e-03
-7.326852712507185214e-03 4.686921092703135241e-03
-3.546731498700883556e-03 2.637567301944695325e-05
-4.229146502668921712e-03 1.150790971012668985e-03
-1.184479062057534893e-02 4.159439283691333464e-03
-9.373171686494827584e-03 4.014181427824742125e-03
5.300688505779590533e-06 -1.562040941429535673e-03
-3.701664693658480391e-03 -3.367146937056637260e-03
2.816738067692563848e-03 3.799471891988313085e-03
-8.526946416892933894e-03 -1.057582310891825791e-04
-3.942877672017442575e-03 -7.746851984095646029e-03
-6.469227797480127211e-03 4.753850197923848754e-03
1.139046464320945216e-02 -6.107152790933036320e-03
2.936674057961281836e-03 -1.267856243733072458e-02
5.600842084550793423e-04 -6.579232909651231906e-03
-2.024317951553421431e-03 3.900472163973926548e-04
-1.463157663307570328e-02 -9.203071391660688425e-04
-1.088843246929904751e-02 -6.003502174690426157e-03
-5.233881349400252778e-03 6.704214049416618373e-03
5.744407285473141639e-03 8.866892631502500816e-03
2.242731639064775902e-03 -4.384079697625376665e-03
1.055828936328379042e-02 1.418635161401548064e-03
5.135148113149646740e-03 3.525656514184713746e-03
8.695259102616462524e-03 -1.176275771825454827e-02
5.422215212215873541e-03 1.938964206068747621e-03
-8.299655658704179276e-03 -1.048883768331531491e-02
-4.627943020239269276e-03 -5.841416215390729874e-03
4.672871103025761849e-03 3.921004419087885558e-03
1.975015218180341953e-03 -9.535800375207887638e-04
5.006718360717303529e-03 -7.678070803037469368e-03
2.233854568388517203e-03 2.004967273371410005e-03
-1.807756339879529892e-03 4.487985852877096095e-03
7.257145493529597834e-03 8.308660498884883755e-03
-1.091135952965268004e-02 -3.020303497112940012e-03
5.743481247555090076e-03 1.291287819035691516e-02
-8.234706398825373391e-03 8.102444725213439961e-03
-5.017990236636661605e-03 -7.865734166944152173e-03
-2.360687783991366820e-03 1.413206703391104661e-03
9.970105175475106607e-03 1.186171484212820634e-03
-3.160931163378828332e-04 -1.179018719869578654e-03
7.789001953126624758e-03 6.274667208241816417e-03
-1.848182002576350454e-03 -2.464593939243086250e-03
-1.105862888224815738e-03 -6.149558298970623713e-03
1.170828206588149512e-02 -1.663168982924381235e-03
5.792783980926809531e-03 1.347641101147916895e-02
-1.028332405995045599e-03 -1.013126509685653362e-02
6.468301759562075648e-03 -7.078646390694339798e-04
2.524498049626364669e-03 -4.408731064313167573e-03
-9.749041143711542623e-03 -5.961224436156143530e-03
-5.599277199110995647e-03 4.961662508426147034e-03
-1.422882042482110157e-03 -3.282591459986928823e-03
-7.605170510401816804e-03 1.124150263566793713e-02
-6.056827901518733667e-04 -1.016824214688639809e-02
6.693740441912007962e-03 -2.998972973589019222e-03
-1.056889074029399023e-02 1.705446721458664730e-03
-8.731182345222250618e-03 -4.062813662287520153e-03
5.881969647590854118e-03 -9.032299433965849944e-03
-6.806268128830876389e-03 -1.289087716792269335e-02
7.321552024002766189e-03 -3.124880151272457253e-03
9.956853454212480012e-03 5.091273837785870518e-03
-5.306111143126745339e-03 9.123879905873212917e-03
2.248958365488606514e-03 -9.992106197909326679e-03
2.600974724433638332e-03 7.012483902503460764e-03
-7.303925652154912712e-03 1.703722415124506347e-03
-2.183625797096245148e-03 -5.487420011103789561e-03
-2.553907375409999320e-04 3.571382865387313574e-03
4.376256434373193907e-03 -6.771143154637332753e-03
4.781790756387222993e-04 -5.081470729191560690e-03
-1.122837868390861443e-02 -1.533366581281036742e-04
6.934027382353137592e-03 5.426717632306906659e-03
2.514694941030912526e-03 6.026301465539394761e-03
-1.171715913655775251e-02 8.052215953921167471e-03
-5.758585044654694531e-04 -9.158047190850461083e-05
2.322784696043451221e-03 2.210129239620137447e-03
-6.940381878280271234e-03 1.153824507382380724e-02
4.532913935663588668e-03 -1.126554564233137740e-04
9.728764427611480067e-03 8.163402643019434732e-03
-2.785987744086748999e-03 2.231204224136307691e-03
2.873065795903079287e-03 6.065928859821468309e-03
1.160466310103674698e-03 5.151050178664483281e-03
-1.181656287171843969e-02 -3.858003353154702136e-04
1.456557356577554280e-02 -2.268053504661507805e-03
4.807655351386599593e-03 -1.840230969819503124e-03
-9.053311115704244447e-04 1.399143936764309093e-02
-1.558592328770087192e-04 6.524629487771886789e-04
1.599944029378593154e-03 -3.618035254506823083e-03
3.130308609281541934e-03 -5.597425123273533365e-03
-9.174012559045293183e-04 -8.863316249330878416e-03
9.860546674594020816e-04 1.127065642244289706e-02
-1.368859797256647380e-02 4.178789961873345324e-03
1.324209525845298011e-02 2.887371324589563248e-03
8.460943349590271945e-03 -3.082602412738174626e-03
4.612966992642483430e-03 6.481553480824702243e-03
-1.436133763744736969e-03 6.225108935861207353e-04
-1.720550518558753824e-03 1.428182730986747974e-03
-2.834492209043720790e-03 8.978622050006402136e-03
-1.111399892115364288e-02 7.644542365674780217e-03
-1.432953350641519297e-02 -3.147136712715789195e-03
2.349160369062898608e-03 5.756860738321021437e-03
3.760642766121205342e-03 4.852583434174453925e-03
3.271990082977872197e-03 1.701199840376742397e-03
1.168455673711447582e-02 -5.990920952338101013e-03
5.749835743482224586e-03 -4.052084515773799606e-03
2.964774037314887173e-03 -5.866865850490764374e-03
1.154804818241947709e-02 -3.494650651569787894e-03
-9.358067889394737840e-03 -7.982892043455994124e-03
8.303232040870575821e-04 5.661831653744637399e-04
7.070663706546870741e-04 -8.426488874302726995e-04
-1.041711896760976527e-03 5.130773462563279277e-03
-9.145880928307432989e-03 -6.368898024402530784e-03
-1.181298648954681729e-02 -5.212806364884082534e-03
1.684499506447159276e-03 -5.896817905681832860e-03
2.147574784985791831e-03 1.018784836407344001e-03
8.984848776430451323e-03 -2.773534291237727319e-03
-2.518271323202534058e-03 -1.199295435970782874e-03
-8.829787811968189265e-03 -5.189879304531810900e-03
3.991254367471109600e-03 1.235637036407231590e-02
-1.045173286378100336e-02 -2.634630931300772829e-03
2.221656654548605659e-03 -9.492852137755577319e-03
-4.868357730183483362e-03 -2.910170615437389103e-03
7.537187597753382479e-04 5.019044044059596315e-04
1.236074501465868336e-02 -1.507309750047372381e-03
-1.618368669641192560e-03 -2.271757656337574250e-03
-7.845329681338280778e-03 -8.541124176073611185e-03
1.397304637876268553e-03 7.046810608279755264e-03
-3.441930956914881698e-04 -7.990715306709538640e-03
1.886085090525407718e-03 -1.158742003769516315e-03
-6.745917407158553980e-04 1.013829009169532960e-02
5.300688505779590533e-06 -1.562040941429535673e-03
3.779195175888250963e-03 -6.145598608292732971e-04
-6.234369315041715393e-04 2.609851795109677589e-03
2.368638816749355815e-03 -3.756268115535979328e-03
-4.540864968420436215e-03 2.455716868566827551e-03
1.722274824891551533e-03 1.836782357151186358e-03
-7.607437546141345569e-04 -2.204828551116860304e-03
-7.971364628527526780e-03 2.188000447682612610e-03
1.819283754807997887e-03 -1.165805329458922263e-02
-1.402311572916831867e-02 -2.890021668841773195e-03
9.477077841745406434e-03 -4.449156727008627896e-03
1.409534552289366804e-02 4.703558123865395416e-04
-1.555941984510151276e-03 5.743609017058393974e-03
-3.536257891195130395e-03 8.259229996007358063e-03
1.783104973193099440e-03 -4.769752263437542980e-03
7.952013950346876678e-03 -4.031807799672595602e-03
-7.630620145503213061e-03 3.648785578112637932e-03
-1.087438247962281557e-02 -2.597653881269766478e-03
-1.076265306111891425e-02 5.981245613247095083e-03
7.664946851280649009e-03 -2.445115491556629043e-03
6.154858987476402761e-03 -2.667903829654351411e-03
2.859941844146258495e-03 -1.385904992452464696e-03
-2.002316929119200492e-03 1.452834097673178209e-03
-1.202744048637958193e-03 -4.011658853076978393e-03
9.028052552883927828e-03 -7.958911175681007005e-03
1.659848139760510249e-03 -6.178584316244782083e-03
-5.331560778226780706e-03 1.531162848319056035e-03
7.048534914613912780e-03 1.867660450262808094e-03
5.030443689484322828e-03 -3.350318833623749590e-03
7.664819081775985088e-03 8.911820714288993389e-03
-2.982428568776458733e-05 -1.007666167497903512e-02
1.008713528248364640e-02 8.203030037301507413e-03
1.392888491300760256e-02 4.246900644022581425e-03
2.500900490365810152e-04 -2.009341923956636019e-03
1.107874617745679621e-02 -4.802226893377515779e-03
-1.723999131224568469e-03 -5.101747445291623245e-03
-4.473137594786117353e-03 8.909042600533479545e-03
-1.340178641251006317e-03 2.530597006545749067e-03
8.919516208033522863e-04 1.270599191778083292e-03
5.067292970009522508e-03 8.429266988065044208e-03
-1.393683594576559243e-02 -1.903839231877706324e-03
-1.485436497116455774e-03 5.897807246386639959e-05
-1.210695081394805306e-03 -1.668597440933465050e-03
6.207865872519620267e-04 -1.828831324394339028e-03
2.308862475871884500e-03 -1.255265525964614423e-02
-2.087383484203485413e-04 4.915936157223545905e-03
2.276132306922800264e-03 8.655759477839053331e-04
-1.737250852487195064e-03 -1.196645091718573578e-03
9.027126514965877133e-03 -3.912925616826592665e-03
8.098996112546483217e-03 1.704776222548363713e-03
1.041223323900223457e-02 -8.363934419673825157e-03
-2.623231285875608082e-03 1.463860162791564071e-02
-1.972492643431436772e-03 1.152949577265221376e-02
7.566213615030044706e-03 7.784755072044703510e-03
-2.267255236246541565e-03 -7.254622918780691786e-03
-4.440407425837033552e-03 -4.509188606896571104e-03
6.040351455215626705e-03 8.911533523897471540e-04
1.957388846331347028e-03 4.675776986285235751e-04
-1.342710827810608860e-02 6.356316802050205640e-03
5.214402901714937019e-03 2.808914804439020634e-03
3.593256118315729143e-03 1.267511382466376783e-02
-2.960271617225215379e-03 -3.006125737932261854e-03
-4.909709430799716161e-03 -5.816764848704298989e-03
-4.569763216181061674e-04 -1.166693036526363428e-03
-1.717101905890437274e-03 7.958112907264900185e-03
-4.378906778625402986e-03 7.552163625352670447e-03
1.333460176827953522e-02 -1.734472738730320762e-03
-4.789773440523269980e-04 -2.229479917802148874e-03
1.531162848319056035e-03 5.331560778226780706e-03
7.388353359720176670e-03 7.374431139547247757e-03
8.210055032138943373e-03 -8.384211135773885978e-03
-4.754904005346565106e-03 8.933693967219909562e-03
5.062120051009548830e-03 -1.365628276352402358e-03
-2.094025170531008812e-03 1.338562880798541133e-02
7.660444431171926645e-05 6.427876096850412195e-05
-4.018811617419078275e-03 1.085675610777382151e-02
1.117125268728335133e-02 -9.424070956697401524e-03
1.635995041488826594e-03 8.505999201871199209e-04
2.793938776843595678e-03 -4.574265636279821468e-03
-2.113248079208355883e-03 1.848852501486652122e-04
-8.989766156419296949e-04 -2.973523338486481517e-03
-5.974348387912963021e-03 2.297207291437609617e-03
-1.312321307560697717e-02 -3.962483889208564571e-03
1.125210401267699202e-02 4.481088627542964900e-03
6.567705494722762827e-03 7.730151650167204139e-03
-5.030443689484322828e-03 3.350318833623749590e-03
2.446967567394091759e-03 -4.270242664270382238e-04
-5.279479931097045935e-03 -1.004326100712101162e-02
-2.825615138368822981e-03 2.589575079008473585e-03
-1.010833803650496455e-03 -1.954866271577217294e-04
-2.741059661298895535e-03 3.107924278346056897e-04
-2.589702848512919365e-03 8.531321067479301357e-03
2.911096653355439798e-03 -8.914343289037897702e-03
7.049460952531965210e-03 -2.178325108591606680e-03
8.392162168530734392e-03 5.866993619995430030e-03
-5.426717632306906659e-03 6.934027382353137592e-03
-5.689612791324799232e-04 1.296827988064937903e-02
1.291674176292892644e-03 4.216820819325705835e-03
-5.278681662683440586e-03 -2.732310360127301625e-03
-1.961763496917715358e-03 -2.951522316052261011e-03
-5.062918319423154179e-03 -5.945322370641306989e-03
-1.697751227708424980e-03 9.801920259256025059e-03
1.692450539205147837e-03 -8.239879317826707961e-03
8.034845121081284416e-03 -9.575555538986681159e-03
2.174876495919426684e-04 5.195307762528897746e-05
-9.817822324769718417e-03 2.988371596578602140e-03
-2.270352191796444832e-04 -1.233079295946761487e-02
3.672638676384321586e-03 6.014359090713112740e-04
8.213503644807260140e-03 -1.854280959495734852e-03
-1.068777292313999143e-02 2.780559286077665185e-03
5.907547052196695722e-03 -1.279651858225867508e-02
-5.642353206061386829e-03 -1.209896812979839500e-03
8.307734460966833059e-03 -3.211159934675182626e-03
-9.135407320802823444e-03 1.863956298586740782e-03
3.051852089132359343e-03 2.430267233465650302e-03
2.811437379186784366e-03 5.361512833417849191e-03
-1.466884087350552035e-03 -5.408165222538500148e-03
2.826541176286874110e-03 -6.635560637862888793e-03
-1.271525229696134204e-03 4.937937179657766844e-03
-6.831047265020610305e-03 -1.815707372636376788e-03
8.699505983702732290e-04 2.078123105009369010e-04
5.930346343044522010e-03 -4.422781053989180075e-03
-3.541558579699549854e-03 9.821270937438035184e-03
9.825773357527708279e-03 -5.331433008723477675e-03
4.412981437174577637e-05 -9.231362443295192122e-03
1.041210546949892894e-02 2.993001786172939157e-03
-2.385339150677796838e-03 1.131440292830657775e-03
-7.353228385526632167e-03 1.140189594002251686e-03
1.219878682486364926e-02 -6.603756506833216577e-03
4.159567053195999120e-03 4.878544147297277957e-04
6.094827107589819576e-03 1.124958143792922916e-02
5.793965557855332120e-03 -1.328344695906785028e-02
-6.322117865776072723e-03 -8.665019857033171360e-04
-5.416116255295346828e-03 3.809945499494065378e-03
9.103762610670933578e-04 7.160392102621119734e-03
-3.530957202690492795e-03 6.697189054579183280e-03
-2.121199111965202996e-03 2.527946662292179097e-03
-6.630387718862915981e-03 6.968354088130573540e-03
-7.746851984095646029e-03 3.942877672017442575e-03
-2.992874016669634825e-03 -9.448307363478340715e-04
7.009961327754556451e-03 -1.317689045956506322e-02
-4.535436510411352401e-03 -1.046326027870947244e-02
-1.520561471309998976e-03 -8.455642661085633477e-03
-6.013081395666464851e-04 -7.684297529461300846e-03
9.200516001580997215e-04 8.082295778616681303e-03
1.366739521854585908e-02 2.069373803844579661e-03
-6.363469566393447838e-03 -3.773096218968866565e-03
1.034955101486344231e-02 6.334571318625094836e-03
-4.042409176682793676e-03 -4.827932067486663016e-03
2.106350853874224688e-03 -1.324474560270518658e-02
8.275930329938301425e-03 6.161085713900233372e-03
1.034357982744850239e-02 -1.077127459278720382e-02
2.072694647008231205e-03 4.219471163577915782e-03
-7.738102682924052553e-03 8.910766906866277037e-03
-3.762367072455363292e-03 -8.117548522313529705e-03
7.387427321800763350e-03 1.142041669840052065e-02
-2.595801805432304196e-03 2.782411361915127467e-03
3.872627723634218099e-03 -9.282389483002429983e-03
-1.299625209049739757e-03 -1.873759407182192492e-03
-6.162841671629470421e-05 -7.044160264036195516e-04
-4.132137572752694367e-03 -1.234404468073024147e-02
-1.265311280222954776e-02 4.656042999591512854e-03
6.652388741297136053e-03 -5.905567206854788094e-03
1.753152918002031605e-03 -3.489477732569814649e-03
-2.051619662487274968e-04 8.893012765493441094e-05
-1.831609438145066120e-04 1.151717008930719897e-03
-5.143099145906494286e-03 -1.182595102041199752e-03
-4.702280428807328709e-04 2.738409317046686022e-03
1.196194849708969582e-02 -8.499516936449630009e-03
5.974348387912963021e-03 -2.297207291437609617e-03
-7.465659954320955083e-04 -1.015591646354318395e-02
1.250427856419247634e-02 -2.300655904104784502e-03
1.190418365293382076e-03 3.870775647795613936e-03
-1.144692014092142706e-03 1.519763202893891938e-03
-4.119141390499177907e-03 6.464725377390454983e-03
8.423966299561767498e-03 -3.505252028580204977e-03
5.391464888610059125e-03 -4.091711910055873154e-03
-1.094463242801012098e-03 -1.962689534837126944e-03
2.948903623197695820e-04 7.427182485587283979e-03
1.019726816415805412e-02 2.160028237833672062e-03
-4.843834133002859581e-03 8.728532000970040672e-03
7.302201345820755196e-03 -4.968687503263581259e-03
-2.187202179267865813e-03 -6.604139815351778905e-04
4.778629334114943561e-03 -4.605941997805047469e-03
3.094129827666642837e-03 1.290875907878145414e-03
-1.057419142879862696e-02 3.267487662886839946e-03
3.867199265625133851e-03 3.636587664273868703e-03
-1.020429315899799155e-02 -3.862952384543212603e-03
-1.112367426024464881e-02 6.722638689679217780e-03
6.149430529467319814e-03 1.025107331762194728e-02
-1.072462220366791376e-03 -8.999026535613412810e-04
-3.776417062132737118e-03 -1.152339681573283023e-02
1.690598463367685772e-03 -1.479082001190196432e-04
8.271683448856381043e-03 -7.679795109371627751e-03
-1.323414422569613169e-02 -5.230432736733076592e-03
-3.313341783592743672e-03 -4.607794073642510618e-03
1.012558109981495690e-04 3.460451715289508852e-04
-5.142300877491747489e-04 6.128355544951149137e-04
-4.908911162386110812e-03 1.494185798289410574e-03
1.582317657530740111e-03 -2.196877518358871743e-03
-1.917761452050634153e-03 -8.259485535018314594e-04
1.059964106389980551e-02 4.325229394665956045e-03
8.714482011293808728e-03 1.437985839582199901e-03
1.145490282506889720e-03 5.791187444098457385e-03
5.370389904095249772e-03 -9.200484350184931492e-03
-6.115103823689882999e-03 -9.047403231065939688e-03
4.492808278649268201e-05 -1.920411796302843666e-03
-3.286040072655246023e-03 -5.107048133796041403e-03
-9.303592237020544969e-03 2.375536042083487443e-03
2.340411067891304264e-03 7.889715034721861073e-04
-2.297335060942273972e-03 5.382587817932658544e-03
-8.639729642819551567e-03 6.718264039093992633e-03
-1.440508414329963200e-03 -1.861433723838977483e-03
-1.196804512607493008e-04 -6.235838082373348218e-03
3.045880901717640601e-03 -1.467557867794414515e-02
3.590605774064660645e-03 1.345613429537774637e-02
-9.480654223917027099e-03 9.276162756577239349e-03
1.078637838988593181e-02 -1.653493643833375305e-03
6.534304826864738465e-03 2.480496004757922791e-03
-1.580465581692135513e-03 -5.895093599350177682e-03
1.125469105415937733e-03 -1.472050676073199948e-02
1.050461197932570437e-03 -1.628842277144442732e-04
1.034080171369184883e-02 1.366682083776259507e-03
2.365860702992481079e-03 8.381688561024981665e-03
4.006485934064492262e-04 -1.099763931305430906e-03
-8.474865569761838233e-03 -1.168018208652810662e-02
2.918121648195377664e-03 -7.211419142328357595e-03
-1.116592034738537152e-03 8.331459789733850624e-03
-4.226496158406701652e-04 3.697705002964546059e-05
-1.458929889454142065e-02 -2.059698464753573731e-03
-7.325128406174387721e-03 7.951886180841069574e-03
7.759975935854968726e-03 3.508956180256272289e-03
-2.747286387722945589e-03 5.918818928116053799e-03
-2.139623752227802836e-03 -3.361846248552218669e-03
1.481208723263914215e-02 5.496106009493266151e-04
-1.309300548140745687e-03 -2.795663083177754495e-03
2.815013761358405031e-03 5.345068038492370877e-04
7.922860163569411807e-03 4.559417378188842726e-03
-7.937963960669501551e-03 7.437656093091894391e-03
6.433049015865228114e-03 2.134450833227830458e-03
6.218211710525495609e-03 1.301477284887202039e-03
-2.358037439740299189e-03 6.321862326771263401e-04
2.021667607299851462e-03 3.909732543168042409e-04
1.488342380370705556e-04 -2.355387095486729220e-03
-6.765970235637359075e-03 5.418638830044252008e-03
5.018916274554712301e-03 3.819748608089736531e-03
-1.580593351196581293e-03 5.461842606497947956e-03
-4.434180699414344388e-03 -1.011721510717916023e-02
-9.463826120483919552e-03 5.440543734369389026e-04
9.945581578293121935e-03 -1.045253113219575015e-02
-1.807756339879529892e-03 4.487985852877096095e-03
6.702489743083602305e-03 1.968916261259815240e-03
3.831946521928286317e-03 6.478903136571132274e-03
-2.582677853674342390e-03 1.023424521418770002e-02
3.579206128639496332e-03 9.269265531243107287e-03
2.359761746073316124e-03 2.632778855463310547e-03
-1.223020764738020315e-03 -1.809480646213688492e-03
-4.758352618013739557e-03 2.403763790940397112e-03
-3.105657242596252497e-03 5.879191533835341141e-03
2.775258597571885269e-03 1.224981386456952710e-02
-4.259098557859989330e-03 2.431065501880397099e-03
8.178250901110413473e-03 9.880345128015291523e-04
-1.518837164975840809e-03 -5.190677572946557697e-03
-6.467375721642664062e-03 -3.338120919783838913e-03
2.829063751034636975e-03 3.940355097269897418e-03
1.443158758582172496e-03 1.080413253123638489e-03
-9.114204566782206987e-03 -4.384207467131183769e-03
2.993927824092350309e-03 -1.445809102835220183e-02
-4.605527037897273746e-04 3.660312993042248025e-03
-4.542589274754595466e-03 -8.092482195722482292e-04
4.137725451657720856e-04 6.352069920968282657e-03
5.059341937251532646e-03 1.077232840020991844e-02
2.496398070271617885e-03 -1.122042765115176602e-02
1.329321725233761128e-04 2.330735728800298334e-03
-4.060961586450058738e-03 6.392112275145616501e-04
9.573831232653883666e-03 4.769880032943350084e-03
3.522080132013092647e-03 -3.081420835810355034e-04
-2.622049708948446384e-03 -1.212125634263251997e-02
-1.418507391895742261e-03 -7.986468425631917121e-04
1.423450442184087499e-02 -2.806934959097113005e-03
-7.806628324975619683e-03 -4.853509472092504620e-03
5.839564139552124410e-03 3.464028097469780149e-03
-3.372958703573565413e-04 5.069145045846984790e-03
-6.438477473874312795e-03 1.078452631404846866e-02
-1.159668041687567010e-03 2.159900468329007273e-03
-5.143099145906494286e-03 -1.182595102041199752e-03
-4.351477298182099100e-03 -4.304026640647842794e-03
-2.059602346634742398e-04 -7.222020519337414221e-03
4.058311242196487902e-03 1.418092431996350287e-04
-3.624261980930653694e-03 4.008082470905357728e-03
1.082945439683632299e-02 4.518065677572610794e-03
-2.716280525108019303e-03 -1.076437736745307176e-02
4.304824909062590459e-03 2.959473348810249572e-03
3.583708548721660568e-04 3.962739428207381941e-05
-7.304723920569660377e-03 -5.607228231867843193e-03
5.026069038897954498e-03 -5.834263451047486809e-03
4.569890985694595453e-03 3.099941594184980019e-04
-9.014002563206554436e-03 1.136475946910030579e-02
-4.562067722441052672e-03 8.703880634284752102e-03
-7.544340362100488556e-03 4.634968015076705236e-03
3.260590437552707884e-03 -2.485668923757896037e-03
3.474501704975532009e-03 2.393290183435786266e-03
8.974119629916730775e-03 1.170748379746674658e-02
-1.979389868765567967e-03 -1.530364579904309238e-03
-2.360687783991366820e-03 1.413206703391104661e-03
-5.555817883640464406e-04 -2.293758678770653307e-03
1.424606348816268540e-03 6.547556548126004169e-03
-9.078536863181883940e-04 3.415523632510305153e-03
-6.691090097659798883e-03 2.217952502873681096e-03
1.140173651912881024e-02 9.436652179048585221e-03
-3.307242826673359275e-03 1.141115631921663489e-03
-2.587978542180121438e-03 1.179628615561723569e-02
-9.990381891575169163e-03 1.016006722650469700e-03
-2.527020624374127968e-03 -6.167184670819617770e-03
7.098444844127029321e-04 -1.298060556399259491e-02
1.137667019253346288e-03 -3.222687349604792719e-03
-4.648219736339330964e-03 -3.639238008527439106e-03
-5.451241229487529573e-03 -4.704675234054292617e-03
-2.863518226317880028e-03 6.212911022021075716e-03
-3.899801665068411850e-03 -1.575292662690801811e-03
-3.368999012894099976e-03 1.179363581136616893e-02
3.228786306524177550e-03 6.886576724817520395e-03
-4.148965676185580737e-03 -3.611936297587438685e-03
-1.485436497116455774e-03 5.897807246386639959e-05
1.774355672021504880e-03 -9.737641498286379177e-03
-8.200379693047937443e-03 9.306114811769449283e-03
-9.426721300949609736e-03 -1.039023221656801277e-02
6.579360679155896695e-03 -1.079685199739054309e-02
1.225671108990229827e-03 1.028460175498349498e-03
9.326391527869511838e-03 5.998201486184647109e-03
-1.166600432734606931e-02 5.237776573355163237e-04
3.204677669242509460e-04 3.662963337293315656e-03
5.125472774058641677e-03 2.603752838189151309e-03
2.034376599157109410e-04 -3.353895215795371122e-03
5.198500836200100478e-03 7.495037628727409078e-03
1.035220135911565052e-02 5.553550847909756276e-03
1.056703866445538563e-02 6.386524396250383394e-03
1.076795374962333240e-02 -7.543286554677772204e-03
-3.284443535824391538e-03 9.514853160189797390e-03
-3.851552739119408313e-03 1.439116192313149092e-02
-2.367712778831304685e-03 -2.897174433184358799e-04
-1.138593057172758525e-03 7.268672908458066045e-03
4.021206422662177218e-03 1.107609583320458627e-02
-5.195052223531783711e-03 -9.651074524492570840e-04
-5.293657690277723225e-03 -2.092173094693546963e-03
-6.182958966830008965e-03 -4.143792757185607925e-03
-1.110237538810041752e-03 -8.633502916395720955e-03
-7.777602307702821335e-03 -2.087798444108320949e-03
2.187329948772311593e-03 -1.069652222431294666e-02
-1.137092638460292585e-04 1.087000782903644810e-02
-1.217720076233382498e-03 -3.371521587641863275e-03
-6.339744237625067648e-03 5.546557504459955282e-04
7.631546183421264624e-03 -7.694771136967052706e-03
-1.344553291836232331e-03 4.665238912065117378e-05
-2.756833957309285429e-03 -6.360020953725130204e-03
-2.058644657330857379e-03 -8.136228701586163421e-04
3.329116079603134000e-03 1.127860745520224695e-02
-5.714455230282074021e-03 -1.014716716237022698e-02
2.446967567394091759e-03 -4.270242664270382238e-04
3.020303497112940012e-03 -1.091135952965268004e-02
-3.475427742893583138e-03 1.652695375418628942e-03
-3.260462668049403986e-03 -8.871267282088868278e-03
-1.066657016912187991e-02 -3.467604479640039924e-03
-3.536257891195130395e-03 8.259229996007358063e-03
-3.546731498700883556e-03 2.637567301944695325e-05
-5.938169606298065659e-03 -4.591093739714069595e-03
-3.077429493738201381e-03 1.333951914827175705e-03
-8.860538135574004548e-03 -1.122055542065642994e-02
-3.389147959490858199e-03 2.638877812382694945e-03
8.850064528068251821e-03 2.987701097668520132e-03
1.210707858345184094e-02 5.329038203479017841e-03
-7.616697925321855777e-04 1.841157007737554254e-03
-3.346455261062893441e-04 4.288124575133007120e-03
-8.170299868353565059e-03 -3.331095924945042495e-03
-1.348927942422600444e-03 -2.437292228303085829e-03
-7.296772887811671382e-03 -7.950289644012717427e-03
-1.603520411548853362e-03 8.445041284076576851e-03
-7.070663706546870741e-04 8.426488874302726995e-04
1.479082001190196432e-04 1.690598463367685772e-03
2.028564832633982656e-03 1.345083360687332821e-02
-6.217413442110747944e-03 6.009473362105146634e-03
7.685670178663173147e-04 1.121870334481896853e-02
-1.194339608732128931e-02 3.032373641447043584e-03
6.832899340859433478e-03 -6.276263745070169431e-03
4.953711475668157171e-03 7.942338611255870748e-03
-4.015107465744154579e-03 -5.327186127641554692e-03
1.984690557271347883e-03 -3.167636152522654378e-05
-4.834957062325459000e-03 2.339485029971892678e-03
6.789567794899932160e-03 1.026604934521759167e-02
8.068245788939307911e-03 -4.325899893577398944e-03
-1.465958049431139582e-03 -9.454150781391772174e-03
-2.200102243422093901e-05 -1.062786881275785446e-03
-6.551005160793180356e-03 -5.105323827463244778e-03
-7.180668818722542313e-03 3.112554467929242678e-03
1.564691285681745186e-03 -7.757197822095591869e-04
-9.206711076608762104e-03 2.376365961887011088e-04
-8.811235402202285960e-03 -1.065702259953417615e-02
1.620092975973990487e-03 5.536722744475508148e-03
-6.851323981122033752e-03 3.864708342257712308e-04
7.974813241194702099e-03 4.341929728596900274e-03
2.335908647800272013e-03 9.661963091894071320e-03
7.353100616023329136e-03 1.021674661184451133e-02
9.056024762733087818e-03 1.020972161700707537e-02
-3.037674329946676074e-04 -1.038135514589355211e-03
5.456541917992167173e-03 3.142634292626117400e-03
-3.338919188198585710e-03 -8.435749253496843941e-04
1.348927942422600444e-03 2.437292228303085829e-03
-4.871806342851800128e-03 -9.440100791715540229e-03
1.632418659317205929e-03 5.677605949755732025e-03
1.495910104622208501e-03 8.173876250524044276e-03
7.295846849892258928e-03 1.199627520286598859e-02
6.359893184221827173e-03 8.600102248537477151e-03
-2.081571717683129447e-03 2.169575807420012770e-03
2.615152483614315623e-03 -9.386040099240034601e-04
2.154599779823227357e-03 2.721708983117103117e-03
2.820314449863043065e-03 -1.027534137578937912e-03
1.184466285107204503e-02 7.197496922155430417e-03
-9.839695577700634591e-03 -9.431351490543946753e-03
-1.002735894160617508e-02 5.933571068086574904e-04
-4.894861172708737419e-03 4.900034091708710231e-03
5.991974759761958813e-03 -3.718365027586921848e-03
-6.912154129423361999e-03 6.993005454817003558e-03
-8.479495759360522900e-04 8.549745707748485990e-04
-1.285112200413617359e-02 -4.909038931889414710e-03
-6.834623647192231838e-03 3.011298656932234665e-03
8.462252696018936898e-04 -4.119939658913924704e-03
6.737614717276003626e-03 1.048353699481067644e-02
8.442770756526222359e-05 9.078153554671754971e-03
6.607460658509282589e-03 -3.985155410553086093e-03
-3.883899599553575742e-03 -6.261415486979189822e-03
-1.167130501585184749e-02 2.085818598765051129e-03
1.327389938948264972e-02 -6.484874323987213640e-03
-6.814889660499870265e-04 -2.921570260861192526e-03
-7.686947873714870816e-03 1.382328610280843598e-03
-6.098531259264745874e-03 4.934360797486146179e-03
-1.492333722450587402e-03 -1.300088228009265573e-02
-3.907624928321954197e-03 -1.058916745639405105e-02
7.155889682531447506e-03 7.962615327355931569e-03
-1.739901196739404576e-03 -4.156246210032345841e-04
-8.526020378973521441e-03 -4.151743789942455472e-03
5.159543940833331323e-04 2.652129533643961083e-03
1.388555336704674209e-03 2.078921373430919935e-03
6.521053105602111870e-03 6.385598358330971808e-03
1.392131718876295091e-03 -2.748084656137691952e-03
-1.589342652368175421e-03 4.939533716491125185e-04
3.183985993240988875e-03 -2.549947684726400036e-03
3.109233624766732582e-03 -1.070619756340259084e-02
-5.080033613253441376e-04 -4.995190945788836184e-03
1.532088886234385329e-04 1.285575219370082439e-04
-9.333033214193656429e-04 -4.177193425042490839e-03
7.942338611255870748e-03 -4.953711475668157171e-03
-9.398621321594862951e-03 -3.578535629729414323e-03
3.605837340668054287e-03 -9.897875381749753759e-03
-1.479337540198431833e-03 5.807887778026898408e-03
-6.336966123868193780e-03 -1.158330092611496547e-02
2.525296318039969151e-03 2.902219582680541990e-03
-8.548149170911047146e-03 6.142405534628522096e-03
7.537187597753382479e-04 5.019044044059596315e-04
1.862359761757028396e-03 -5.486493973184377974e-03
4.308401291234211124e-03 -1.867532680758361664e-03
5.587622014678081221e-03 1.356534113913410340e-02
1.283004701962136423e-02 -1.997335082396444958e-04
1.206448200312883190e-03 -1.217228338233839607e-02
2.260230241407963723e-03 5.551698772072293994e-03
1.314601236645164062e-03 1.233622141747076940e-03
5.142300877491747489e-04 -6.128355544951149137e-04
6.058105596576793869e-04 -1.188694058960584367e-03
-5.039991259070882544e-03 -8.928521048219936751e-03
-3.435002080196762359e-03 8.605275167538811720e-03
-2.790490164176421227e-03 1.110419581255933305e-02
-1.138465287669454193e-03 -4.088263297388697835e-03
-4.903738243383635662e-03 1.128908106270663965e-02
-6.267642213403020433e-03 9.491926099837526623e-03
-9.587210723420955608e-03 1.049215852647782457e-02
7.870108817529376452e-03 -2.534045619211563929e-03
-5.380991281104306398e-03 1.232456623304378426e-02
-4.643972855257409715e-03 1.020164281474442158e-02
-5.512071377790219578e-03 1.901859386535798046e-03
5.021566618808282270e-03 3.038728137375539418e-03
2.390639839183576754e-03 -2.693481234260193449e-03
7.271451022214939913e-03 -1.099936361938820377e-02
3.333618499692806228e-03 2.405615866779219850e-03
-1.250162821993890637e-02 1.519635433390588257e-03
-1.090088592214644202e-03 5.212550825866102758e-04
-1.292070145361045794e-02 -3.270393546148159594e-03
-5.529697749638072188e-03 3.323017122683749602e-03
4.510114644814620932e-03 -8.486392984691448760e-03
1.343627253918181419e-03 3.999333169733763384e-03
1.542690263247524247e-03 -1.838506663485344741e-03
-4.186868764134638217e-03 1.139964542516431339e-05
6.208408601930043465e-03 1.173650981473976437e-02
-1.002084502478902545e-03 4.772402607691112950e-03
-5.415317986891752785e-04 1.112089614648865141e-03
-5.118447779220064268e-03 -9.008286914807526503e-04
-1.947585737737037200e-03 -1.090261022847972480e-02
2.287659721851268910e-03 -6.304491493928220114e-03
-5.953273403398154535e-03 7.405979731566667522e-03
4.927335802648710218e-03 4.395607112554987192e-03
5.927568229287647275e-03 7.715175622571780051e-03
-3.920876649584581659e-03 -6.684065102821002899e-03
-5.044493679160554772e-03 -5.552945979691008976e-05
4.358630062525341298e-03 -5.349985418489380980e-03
-1.585095771292181505e-04 1.433483419492527456e-03
1.871236832434429627e-03 -1.187554094418252423e-02
-6.886417303920873423e-04 6.732441798274670791e-03
1.086390887211706284e-02 -5.635200441718144632e-03
1.301585830768808155e-02 -2.132470987885702954e-03
-1.531290617822359933e-03 6.025375427619983175e-03
7.644542365674780217e-03 1.111399892115364288e-02
-1.253502888779829162e-02 -3.730020212019835406e-03
3.028925028780087708e-03 5.413465911044280064e-03
-1.435335495324327926e-04 7.933461540585540032e-04
4.304026640647842794e-03 -4.351477298182099100e-03
-7.988064962455968671e-03 -4.368273750227085091e-04
-2.261954547742122974e-03 -8.816663860211369774e-03
1.302818282711666002e-04 3.111756199515637762e-03
8.259485535018314594e-04 -1.917761452050634153e-03
1.105064619810068724e-03 -1.161392348021725611e-03
1.496325064518177865e-04 4.955563551505620321e-03
-5.581650827263362480e-03 3.540504772275692054e-03
5.784162449259661401e-03 -2.848414429217790284e-03
-1.773301864598789829e-03 -5.665280266413658464e-03
4.299524220556809675e-03 4.521514290239786113e-03
6.241937039293874931e-03 5.629229254302063265e-03
-2.860740112559863844e-03 -5.925045654541244433e-03
7.753749209429778091e-03 9.116982680539080855e-03
8.652725825073068894e-03 1.209050601902670469e-02
6.551132930293980831e-04 -6.251612378383300311e-04
1.080665510598735612e-02 -3.855671850695523758e-03
8.428213180642329591e-03 1.033562879469051426e-02
-6.201511376597053718e-03 1.323350537818119080e-03
6.371292829645630595e-03 1.278697101267097479e-02
3.611010259669387556e-03 -1.029801173311661790e-04
2.841517203883658655e-03 -7.275697903296862029e-03
-1.269618880917857719e-02 -1.515516321813330063e-03
-2.129022375218746210e-03 -6.485928131411071440e-03
4.713296765722581327e-03 1.087358421120806704e-02
-1.065769309844447760e-02 -9.856651450638187484e-03
3.448924300369689971e-03 6.157509331728611840e-03
7.391003703972384882e-03 6.593410668831909197e-03
-2.210257009125944985e-03 1.367972090189043324e-02
2.113375848711660648e-03 -1.154182145599542790e-02
5.467047176891479815e-04 8.682805649768580991e-03
-7.326724943002739000e-03 -6.670015113144989530e-03
-4.854307740507251417e-03 4.956776779832710103e-04
-6.965033244968063010e-03 1.125647866326221977e-02
-8.193226928707199319e-03 -3.478972473675550486e-04
-1.831609438145066120e-04 1.151717008930719897e-03
-5.096318987282539431e-03 -1.119497801605173065e-02
-1.254297992055513830e-02 -1.386958799876322063e-03
-2.841389434377852418e-03 -4.081238302550120427e-03
-4.243196492345152789e-03 -2.255057322407990911e-03
-4.341770307702804213e-04 7.207044491743131581e-03
1.465185334917826904e-02 -1.281871067697441802e-03
-1.203484878972534838e-02 -7.748704059935610650e-03
9.587210723420955608e-03 -1.049215852647782457e-02
1.296920591856742973e-02 -3.477024279721935285e-03
7.431684905677174782e-03 -9.167881950740294772e-03
-5.318564595970277920e-04 2.033993290643066471e-03
-1.018574074922958678e-02 -9.330095679545798160e-03
6.401372654351154433e-04 1.497602759542457579e-05
-1.026154692512770000e-02 -2.083423793520592163e-03
3.999333169733763384e-03 -1.343627253918181419e-03
7.130375580593963526e-05 1.626319702398039673e-03
-5.378085397842987184e-03 -1.117032664936530063e-02
-2.778036711328760004e-03 -1.118571880085669767e-04
3.064177772475574785e-03 2.571150438745873745e-03
3.081420835810355034e-04 3.522080132013092647e-03
4.219343394073470435e-03 9.284241558839893133e-03
-8.672332042262828264e-03 8.779559040677059958e-03
-8.227553634483492084e-03 -1.551567333924925261e-03
-1.065564995027872778e-04 1.215995769899224114e-03
2.239953525307901601e-03 7.753876978935584328e-03
3.040452443708555920e-03 -1.756601530667846033e-03
-3.507231873922113472e-03 1.102494102399404451e-02
-9.379398412918658196e-03 9.622207928108693006e-03
-2.790362394671975013e-03 -2.527403932887904194e-04
3.979056453632559380e-03 8.585509529464695894e-04
1.917889221553938268e-03 -1.053098765234493188e-02
1.665021058761843734e-03 3.616310948173806147e-03
-4.154968514999309026e-04 -9.617035009107358437e-03
2.887371324589563248e-03 -1.324209525845298011e-02
-3.586358892981596214e-03 3.847465278927549460e-04
-1.628842277144442732e-04 -1.050461197932570437e-03
-2.028692602139789327e-03 -2.093897401026344456e-03
-6.575656527479610373e-03 -5.387090238023690796e-03
2.830915826873241573e-03 -4.151616020439151573e-03
3.330169887026991366e-03 -4.124314309499150719e-03
-9.148786811556241377e-04 1.712599485800546037e-03
-4.118215352579765454e-03 2.418739818537182090e-03
-3.578407860224749534e-03 -1.958314884250758614e-03
1.007148875597791912e-02 -9.824719550103850479e-03
7.488810902303578466e-03 4.095256640838499697e-04
7.752152672601425945e-03 -5.504918613446978248e-03
4.320726974576283817e-03 -1.726649475476777764e-03
-9.501729208431834717e-03 4.167390316448181010e-03
4.126964653751359798e-03 2.549149416311652806e-03
-9.686614458580501338e-03 2.054142237239825128e-03
-9.588807260240657989e-04 -4.129742767510251799e-04
2.063019307916083827e-03 3.297567487583714235e-03
-1.020509142741502385e-03 -1.117390303153283949e-03
-7.921934125650001088e-03 -8.605402937042115619e-03
2.411842593203050462e-03 -8.941644999976756242e-03
1.010833803650496455e-03 1.954866271577217294e-04
-2.825615138368822981e-03 2.589575079008473585e-03
4.718725223731666009e-03 -2.045392936068230784e-03
-6.859913861410197114e-04 5.951421327560692254e-03
2.240879563225952296e-03 3.707891420081169120e-03
-5.702385085947970014e-03 1.270758845460374063e-02
-1.030982750246113230e-03 -9.350244626142555082e-03
-3.161058932888717241e-03 -4.332509928522295089e-04
-6.487652437742727485e-03 -1.135942712920548579e-03
-2.470820665666917295e-03 7.456208502860300902e-03
-2.829989788954048562e-03 1.056304615833756917e-04
-2.994726092507097107e-03 7.147140381359854029e-03
-7.409683883244096159e-03 1.023066883201744111e-02
1.389813458940156871e-02 -1.783775472104541689e-03
-4.251721905895750747e-04 -1.053893868510177856e-02
-1.901859386544447756e-04 -5.512071377788202095e-04
5.539245319224414196e-03 8.955822759157433532e-03
4.145708135805184491e-04 1.366302056796063133e-02
1.386831030370515609e-03 -1.186043714708155845e-03
-2.697057616431814547e-03 2.436366190385035133e-03
-3.962739428207381941e-05 3.583708548721660568e-04
-1.118080025687105336e-02 -2.854768925144924793e-03
1.342180758960031042e-02 -4.794275860620669100e-03
-5.158202943006583163e-03 1.081447836923953715e-02
7.667597195532858956e-03 -3.226135962271968038e-03
2.427616889213440789e-03 -2.270831618417020782e-03
2.119474805632186494e-03 -5.792911750432615768e-03
-9.700664448257874731e-03 -1.351706056179474529e-03
-1.287497510240785681e-02 2.120145304542487077e-03
1.326926919988379505e-03 1.374505347027300383e-03
8.225829328150476016e-03 -1.713397754215511409e-03
1.294892920246736717e-02 -1.274846072858644951e-03
-2.027671610006233881e-05 2.202178206863290334e-03
2.203104244782701920e-03 -4.025708842753210337e-03
-1.293557903517547972e-04 -7.157741758368909787e-03
-7.101414030157253768e-03 2.395812758183549565e-03
-1.240551018459757487e-04 -8.719782699798445461e-03
-1.650172800670864776e-03 7.100487992239203072e-03
-1.259071776847988126e-04 -6.278115820919003259e-04
-1.286967441390207689e-02 5.581043631129514043e-04
-9.860546674594016479e-05 -1.127065642244289663e-03
1.211515738571313471e-02 -8.370959414512621141e-03
-5.195978261451195297e-03 3.080878106404016242e-03
-7.047736646197805960e-03 5.443290196730682894e-03
-1.694174845538165206e-03 4.974914229686270423e-03
-3.640834545355791253e-03 -9.973681557646727272e-03
5.031369727403734414e-03 -7.396304392477022482e-03
1.024883793326728182e-03 3.601334920578382059e-03
1.237664708017351990e-02 -6.193432574335760825e-03
1.738049120901941861e-03 8.507595738710922034e-03
1.046086547347344423e-03 -2.646828845139542058e-03
5.705035430199035043e-03 -1.348860892531772090e-02
1.322181854235291582e-02 5.089549531452854450e-03
-5.962820972984495677e-03 -4.872860150274515613e-03
-4.232722884840542377e-03 5.977797000581280655e-03
-1.311883842502038940e-02 -1.478539271782324145e-03
8.170427637856868958e-03 -8.025840280901721385e-03
1.048321931697705593e-04 -4.480960858039661002e-03
-7.863211592186159209e-04 1.559390597177107369e-03
-8.452992316838428858e-04 7.395410005950982160e-05
-5.076170040685781641e-03 -2.040220017068257972e-03
-3.743942432192763885e-03 -2.227755611469132372e-03
1.804179957707908576e-03 3.390201766915153583e-04
-1.057498969721337376e-02 -4.043462984105509160e-03
-3.196311676584203884e-03 2.409064479446176594e-03
8.275259831027999974e-03 -1.250680113894023920e-02
4.285474230879436283e-03 1.115665996820486023e-03
-8.668755660091207599e-03 3.952553011108447638e-03
1.836782357151186358e-03 -1.722274824891551533e-03
-3.937704753016326581e-03 2.048043280320439863e-03
-6.260872757577417257e-04 3.390872265823874701e-03
7.169269173297378867e-03 -7.299423232063879594e-03
9.733139078197847530e-03 1.064734726044317195e-02
1.194154401148382616e-02 5.059597476260644516e-03
4.017757809996363658e-03 4.546165656926216131e-03
-2.469894627748866166e-03 3.410222944005886127e-03
-8.893268304523088350e-03 2.197675786773618540e-03
-2.395940527688214354e-03 4.255522175688368665e-03
1.148629199619873725e-02 7.157869527874717759e-03
-3.748317082777989900e-03 -4.711700228894230048e-03
5.742810748644789492e-03 -5.755008662483558288e-03
-4.057512973782882552e-03 7.169141403794074101e-03
-8.258303958089307367e-03 -7.582243450049546037e-03
-6.963181169129239838e-03 3.164507545555673550e-03
3.452500682541311504e-03 1.330503302160000604e-03
-2.243529907479522700e-03 -2.926870949366972008e-03
-4.649018004754076894e-03 -1.095018865551978735e-02
-3.947380092107332511e-03 1.126139604324877860e-03
3.434076042277569782e-03 -4.559289608683036489e-03
-1.236869604741553004e-02 3.850371162190887458e-03
-4.267049590616836877e-03 4.774126914023911310e-03
-2.587978542180121438e-03 1.179628615561723569e-02
-9.788668537994758487e-03 -5.602853581282617179e-03
-1.436932032158341668e-03 -6.688439753407588936e-03
1.230428951694372171e-02 7.583169487967596732e-03
6.162011751819645826e-03 -1.232191588879157432e-02
-7.055559909451348741e-03 -3.570584596972566777e-03
-5.362311101833956879e-04 -4.499513267806706405e-04
1.557666290842948985e-03 -2.478643928920460076e-03
3.467476710135594144e-03 6.903660367262459425e-04
-1.298232987032539240e-02 -3.974809572550638131e-03
-9.537078070240932043e-04 9.381920987666421061e-03
2.941846976962615538e-03 -2.883667172912135479e-03
-3.769232646405724051e-04 5.427515900720511141e-03
1.045288278932597625e-03 -9.957779492131890731e-03
7.855228908050107886e-04 -8.870341244170817582e-03
2.293886448275098654e-03 -1.191251799421217013e-02
4.243068722841849758e-03 1.361199352825475523e-02
6.077328505245271732e-03 1.313802968230417482e-03
3.416705209437246541e-04 -2.585200428423247571e-03
3.660312993042248025e-03 4.605527037897273746e-04
1.201112346095811051e-02 3.420952090519388533e-03
5.000491634292112894e-03 -2.070044302754660802e-03
-1.911662495131249756e-03 4.922961152062342756e-03
-3.384773308904489870e-03 5.122822429806432598e-03
-3.945655785774316443e-03 4.391104692465314964e-03
-4.236969765922464493e-03 -7.863083822690582203e-03
8.180901245362621685e-03 2.070140420861897243e-04
-9.379270643414212849e-03 -1.734728277739432199e-03
-4.268646127447691362e-03 -9.847774379961928351e-03
-2.331533997215045565e-03 -7.178018474468972343e-03
-1.064734726044317195e-02 9.733139078197847530e-03
-1.332665073552268681e-02 -6.085886734131925810e-04
2.499846682939934218e-03 -4.690497474873614459e-03
-6.031602154044031494e-03 4.076735882459088176e-03
9.223539180043009364e-03 -8.969744979330361578e-03
6.815272969011580001e-03 -4.855106008922216790e-03
1.166958070951768997e-02 -5.350783686904127777e-03
1.391205680956883505e-03 1.297900902715581157e-03
1.829757362313750831e-03 -3.425198971601310649e-03
1.156382247842965144e-02 3.176162729987445227e-03
9.656662403389432853e-03 -7.738677063720963631e-04
-8.526818647388268238e-03 -1.146269443693480501e-02
2.341337105810715850e-03 -3.257014055381087219e-03
5.802331550518373491e-04 2.575525089332241641e-03
-8.415216998388812264e-03 8.473141263430182188e-03
-1.308981240774759192e-02 1.287171756201859092e-03
-3.257014055381087219e-03 -2.341337105810715850e-03
2.876769947579146166e-03 -1.011801337559526878e-02
-2.869489413731458188e-03 -1.089293488939008063e-02
-1.127065642244289663e-03 9.860546674594016479e-05
-4.422781053989180075e-03 -5.930346343044522010e-03
1.282209598686451756e-02 2.143327903903870582e-03
-1.053628834085071179e-02 -3.558482801244025953e-04
-1.163432796582220333e-02 2.508468214605721024e-03
-1.229209160310381146e-02 3.914649923159391025e-03
-1.188821828460025036e-04 1.075112564619000672e-03
-1.273846654771286155e-02 -3.761249962258251742e-04
-7.656197550107694642e-03 7.413004726406605821e-03
-9.753543563801213984e-03 2.911767152266882697e-03
-8.373481989258537827e-04 -2.269107312085364737e-03
3.206785284089956178e-03 5.823789843541734949e-03
1.079963011114855841e-02 -5.558595997406424322e-03
-2.243657676982827032e-03 8.430065256479791005e-03
4.784728291034328826e-03 1.142967707759125770e-03
3.023752109778753572e-03 -4.381429353374309034e-03
1.079605372897693774e-02 -7.315899678378137358e-04
-7.094389035319817807e-03 4.098736904893308247e-03
1.091043349173326932e-02 7.066289055966212471e-03
-3.107381548929269433e-03 2.614226445694904036e-03
-1.171980948080996246e-02 8.833236424636506032e-03
2.256653859236343491e-03 1.037870480164090545e-02
-7.686947873721236600e-04 1.382328610280139300e-04
2.276132306922800264e-03 8.655759477839053331e-04
-4.602493385137873018e-03 1.751300842164568890e-03
7.298656615036549188e-04 7.531088640837861961e-03
-2.751661038309312617e-03 3.434874310692316579e-03
2.115898423460565395e-03 -9.659057208640038812e-04
-8.540485328554369045e-04 -4.893935134789325833e-03
6.040351455215626705e-03 8.911533523897471540e-04
6.440872279118771762e-03 1.114832562693108056e-02
-1.163685054056974762e-02 -8.067447520524561114e-03
8.198495965813048549e-04 -7.666671157613447370e-03
-2.165999425248392105e-03 -6.908577747251740467e-03
9.932074318015017469e-04 1.616644363307034177e-03
-4.193893758973434201e-03 -1.691524501285736684e-03
1.945605892396708170e-04 3.035151755203918320e-03
2.295355215600146902e-03 1.406631950562065199e-02
-1.821806329556903501e-03 1.082137559457796872e-03
1.252972819930230249e-03 5.292061153445992705e-04
2.186403910854260463e-03 -6.650536665458532323e-03
1.335676221161334522e-03 6.342394581877277594e-03
-6.101181603516955820e-03 5.715381268201484739e-03
-6.194486381758477177e-03 3.026274684526517305e-03
-5.775828107982673796e-04 -3.356545560046438753e-03
2.280890266023601846e-04 -3.072128805232421898e-03
-6.937731534029205338e-03 1.075722460310982870e-02
1.521487509228050539e-03 4.409657102231218269e-03
-5.451368998992194362e-03 6.652260971791329816e-03
4.251945793516747132e-03 7.222946557256826675e-03
-1.825382711727382935e-03 5.909143589025047869e-03
-4.465027141123539822e-04 7.066161286461548549e-03
1.462190129398605737e-02 -1.596536828351279025e-06
5.294711497701581025e-03 -1.331074867000785027e-02
-3.064976040890321583e-03 -9.882101085738222851e-03
-5.226856354561455927e-03 8.407138196127518504e-03
-4.774254683528576099e-03 7.089886615228784689e-03
-9.854671605294917230e-03 -8.791214225110192959e-03
-1.778602553112296040e-04 -4.103239324985968753e-04
1.035140309070090373e-02 -1.757399799082593264e-03
-3.757194153454029590e-03 1.677346742105059177e-03
-1.282924875120661744e-02 7.510684155231993168e-03
1.344380861203453223e-02 -3.731488979344882786e-03
8.452992316838428858e-04 -7.395410005950982160e-05
7.705468632095862670e-04 -8.230203978735702031e-03
8.232982092496220553e-04 -1.136740981335295593e-03
4.498459460382848822e-03 1.004061066286744165e-02
2.896791124671458176e-03 1.039368082923633127e-02
-7.130440047430052115e-03 -3.698982698006345396e-04
-8.043466652749573995e-03 -6.749269901708918051e-03
9.245540202477716242e-04 -7.906958098063444906e-04
1.193624332297940800e-02 6.621638417691321638e-03
-8.769755932077088643e-04 -1.910736457210696071e-03
1.371934829617228735e-02 1.851886154251275451e-03
-3.913979424250449597e-03 6.375795249735520531e-03
3.125167341662617344e-04 6.006024749438190757e-03
-2.344913487982336949e-03 8.084020084949699106e-03
6.903404828251767655e-03 -1.196089468966583802e-02
1.784829279527258040e-03 -1.504787175298467200e-03
-1.280459738451996884e-02 7.792450565794942392e-03
7.844690833811534224e-04 6.532580520530580082e-03
5.051646443503796102e-03 -9.598482599340311949e-03
2.087383484203485413e-04 -4.915936157223545905e-03
-1.477485464359608661e-03 -2.284083339679647377e-03
3.770445874716657052e-03 -5.582449095678108410e-03
-4.941513561829388376e-03 3.555480799872477466e-03
-1.312943980203080604e-02 1.645542611075387178e-03
-3.188360643827356771e-03 6.600306730266260018e-05
1.287299525706524315e-03 1.732876201901969049e-03
1.326128651573632491e-03 -5.936445299965047856e-03
1.230045759576597723e-03 3.512404792922086717e-03
-3.343293838783811724e-03 -3.327519542774782287e-03
-5.464492950750157035e-03 -7.995728804812427329e-04
-4.289976650970469402e-03 7.757325591601398757e-03
-4.470359481029243486e-03 -3.228914076027481449e-03
5.284078469298524733e-04 -8.563923466922579789e-03
5.512071377788202095e-04 -1.901859386544447756e-04
4.542589274754595466e-03 8.092482195722482292e-04
-5.659851808404573782e-03 -1.114567528267751059e-02
-9.268339493325056591e-03 -4.667794302149180091e-04
-4.869283768102894948e-03 1.135814943415884007e-03
2.064073115339941193e-03 -1.210535427711768169e-02
-6.575656527479610373e-03 -5.387090238023690796e-03
-7.299934310083197077e-04 3.825847565007760038e-03
8.422912492136549675e-03 1.189766973612004994e-02
2.504221333525160232e-03 -2.206552857448516782e-03
-2.103348852487002540e-04 -9.705965136762511464e-03
2.899569238426971587e-03 -1.744275847325772472e-03
-1.197944709943288451e-02 -1.436261533248041518e-03
-1.802455651373750193e-03 2.925944911447560422e-03
-1.310226586058796166e-03 1.250322475676660062e-03
3.713192108586948603e-03 -3.802920504655487970e-03
1.398003972221792748e-02 -3.281537652564212905e-03
5.770112459583648032e-03 -6.254262722635947624e-03
1.679198817942521458e-03 -4.334776964253658077e-03
1.010476165433264045e-02 6.781872301152195616e-03
7.764350586441336188e-03 5.992900797680009509e-03
-4.651668349006287707e-03 -1.016916818480444878e-02
1.277624186615518818e-03 8.109725259064068294e-04
-4.148167407770833939e-03 3.699014349404910421e-03
4.122717772670798572e-03 -1.129173140695906644e-02
2.843241510215315133e-03 -4.010732815157567674e-03
-1.314004117903986441e-02 4.769624493934239082e-03
-3.482452737732379122e-03 -5.022877129227227254e-05
4.745100896751112962e-03 1.501338562632652772e-03
2.698781922763470592e-03 8.285988977542597641e-04
-7.291599968811698571e-03 1.844605620404729789e-03
-1.179641392512168104e-02 8.768957663668001598e-03
6.540403783784122863e-03 8.229405710322096681e-03
-2.358037439740299189e-03 6.321862326771263401e-04
-2.180177184429069395e-03 1.042510165175723324e-03
5.717233344038947021e-03 -1.990789514190732714e-03
-8.390437862197936900e-03 -2.602028531857495264e-03
-1.186043714708155845e-03 -1.386831030370515609e-03
7.622796882249671148e-03 -1.266266037181588977e-02
-5.711804886029863207e-03 -1.092818763308556727e-02
4.518034026181330307e-04 -8.628202227891082488e-03
2.471491164577218312e-03 1.121167834998017254e-02
-1.221191077662047049e-02 -8.480773454407177295e-04
-2.571948707160620542e-03 -4.246772874516774321e-03
3.048403476466544915e-03 -4.099662942812720701e-03
-5.712599662526136879e-05 -9.577407614825504331e-03
-1.101884206707465924e-02 2.241677831642060852e-03
-5.198500836200100478e-03 -7.495037628727409078e-03
-2.601900762351688594e-03 -2.966498343649045990e-03
-8.385137173693298432e-03 -4.164069473285670481e-03
-2.192119559261012686e-04 -3.316918165764365205e-03
8.963262713897199654e-04 3.754543809201820511e-03
-4.064537968620318513e-03 5.466217257084315419e-03
-5.971698043661896257e-03 1.516186820723631513e-03
-2.969020918396809722e-03 -7.974014972781096749e-03
1.796356694454365795e-03 -8.674854617011734312e-03
-6.699041130416645562e-03 4.561013915017194872e-03
-2.538548039302596180e-03 1.002882770892507460e-03
1.038135514589355211e-03 -3.037674329946676074e-04
8.662656703173184092e-03 -9.701462716671480080e-03
8.946019650555616905e-04 4.895787210627444057e-04
3.460451715289508852e-04 -1.012558109981495690e-04
-6.875177079393716972e-03 7.415655070657673452e-03
-1.171067687112731541e-03 -2.026968295805630944e-03
5.889920680347701665e-03 -1.137536084610936415e-02
4.526016710329457474e-03 -1.317251580897983720e-02
5.995838332324883186e-04 4.419332441322224199e-03
1.130642024415910545e-03 -4.925611496314551835e-03
1.113015652566916053e-03 -3.504453760165239171e-03
-6.111655211022707680e-03 -2.517473054786426804e-03
8.495270055367706158e-03 -1.878932326182165737e-03
-8.792012493524939756e-03 2.543720958302568991e-03
-3.532553739518844941e-03 -7.924712239406874956e-03
1.054344110519281341e-02 -9.298163779011459421e-03
4.439736926928092992e-03 -1.415869824594276002e-02
-2.371289161002926218e-03 4.537288586250175573e-03
-6.823224001768428415e-03 7.198167421065731000e-03
1.060771986616131611e-02 -9.374768223323179731e-03
3.790722590816719174e-03 -7.784627302541399611e-03
-2.637951774463283359e-03 -7.435133518344131526e-03
9.870701440315560876e-03 -7.251844805025177941e-03
-4.628869058157319971e-03 -1.795430656536314666e-03
-9.562303817729982764e-04 -1.193994747465003175e-03
1.998612777440897338e-04 1.473110813773240548e-03
-1.761902219173625515e-03 -1.478411502279020247e-03
5.125472774058641677e-03 2.603752838189151309e-03
7.885883113538407624e-03 4.136767762347030516e-03
8.500442974367680704e-03 7.915962938235281479e-03
-1.392131718876295091e-03 2.748084656137691952e-03
3.747646583867688883e-03 -1.395618662394624426e-02
2.912820959689598616e-03 -5.649378200898821922e-03
-5.941618218965020667e-03 -1.112102391599107884e-02
-2.083296024017287831e-03 -1.095389280719063010e-03
-9.228712099042982175e-03 -8.251502850870852043e-04
-7.915835168730617558e-03 -2.856493231477942162e-03
-1.674824167356154213e-03 6.818721581677395296e-03
-1.417287600512343905e-02 3.511350985499372100e-03
1.897612505453876146e-03 -8.328809445481640678e-03
2.500644951353539133e-03 2.620453172120095105e-03
2.225105267216922859e-03 -2.962921961477425325e-03
7.900859141135191735e-03 3.496630496913057280e-03
-2.235706644225979485e-03 6.087003844336277662e-03
-4.618395450651567244e-03 6.437423666451596443e-03
-3.964017123258877298e-04 1.494064475457615102e-02
3.073853111566580282e-03 3.493054114741436181e-03
-2.190778561439486911e-03 4.166592048033434213e-03
-3.157482550717095708e-03 -5.260257022420841179e-03
6.413570568179912355e-03 1.164757968708346990e-02
-5.504120345032230584e-03 -4.412020256090764050e-04
-3.363570554885016162e-03 -1.125341335910131062e-03
5.208176175289744650e-03 8.416941304721828332e-03
8.323508756977003945e-03 3.459653446882050495e-03
-7.118242133591501895e-03 1.112792114132521090e-02
-2.923294567195351343e-03 -2.583476122089089187e-03
5.507568957699187327e-03 6.971132201886086517e-03
-3.170191542572944193e-04 2.866966838983694456e-03
-1.430833075238957270e-03 -9.395300478434151547e-04
-3.582430853688615621e-04 -1.139656360012883743e-02
-1.008633701407004105e-02 -8.920793903077987169e-04
5.225132048227297543e-03 -1.167210328426659602e-02
-6.468301759562075648e-03 7.078646390694339798e-04
1.337065278039112869e-02 2.734162435964763473e-03
5.096574526290288676e-03 -1.151889439564315713e-02
-4.560215646602448075e-03 6.119095165757031107e-04
-2.058644657330857379e-03 -8.136228701586163421e-04
-2.508595984111528128e-03 -2.773917599752206541e-04
7.053420643216704641e-04 -4.107613975570709695e-03
9.430425452625896057e-03 -5.793710018846220250e-03
-3.824921527089709342e-03 -4.775978989862734482e-03
1.065437225527994958e-03 -8.030214931495596080e-04
-5.993699066096117196e-03 4.533999394478456339e-04
-6.633836331528730410e-03 4.384239118522025372e-04
-1.152061870197617320e-02 -8.361539614430726214e-03
-6.316817177271435123e-03 -2.428542927131491919e-03
1.420231698229900861e-03 4.063611930702267817e-03
-9.816098018438062373e-03 6.253336684717896929e-03
5.653848969608588244e-04 -8.141273851080765844e-03
4.131339304336586679e-03 5.033094033736750482e-03
3.816044456413450643e-03 1.116502596085952245e-02
4.185144457800479834e-03 -3.276364733564240527e-03
1.597293685125022750e-03 -2.837014783792625970e-03
4.738874170328423799e-03 7.109365062915242763e-03
7.285501011892313306e-03 -7.593515325968903246e-03
6.731643529859923127e-03 -6.622308916600261330e-03
-7.316251335498128588e-03 1.562839209844282470e-03
-6.061426439730435191e-03 -5.999925792518805492e-03
2.227883380977222589e-04 -1.510087863804246682e-03
-5.313136137964181299e-03 7.420955759163453368e-03
-2.882741134994084350e-03 -6.987832535817030746e-03
4.182494113548269887e-03 -2.495344262848901533e-03
-1.415432359535753401e-02 -1.955792309502995749e-03
-6.292038041081701207e-03 -1.350371272241780718e-02
7.888533457791977593e-03 3.355747291632833838e-03
5.917094621784397754e-03 -5.176787004163496339e-04
1.110684615681040155e-02 2.009469693462442690e-03
1.697623458205121299e-03 1.555015946590739473e-03
1.034357982744850239e-02 -1.077127459278720382e-02
-3.841749630523957036e-03 3.956129393278926855e-03
-3.464028097469780149e-03 5.839564139552124410e-03
-1.351578286675028532e-03 -1.656271757590249824e-03
-6.753516782790839300e-03 -5.797414170522287996e-03
-1.340683156200488460e-02 4.154138595185554415e-03
-1.406009277919796283e-02 -3.312671284682442222e-03
3.516651674004008833e-03 1.261083506369526513e-02
-1.277695033038983574e-07 1.135693620584676475e-02
-3.181335648988779363e-03 1.768927214011061042e-03
1.000232426641439829e-03 3.319568510016574284e-03
-4.612296493732181979e-03 1.218633337201576947e-02
-2.536695963465133898e-03 -7.089088346815179340e-03
2.999899011507070785e-03 2.647754883057593187e-03
-2.881016828661067848e-03 -3.722867447676594076e-03
8.554248127831573859e-03 -3.934958290657090962e-04
8.170714828257916607e-04 4.471285518948655072e-03
-8.974247399420032939e-03 -3.505475916199835701e-04
-8.021593399818657821e-03 5.670453185413631275e-03
-2.822038756197201449e-03 -2.237430950560137868e-03
-5.879191533835341141e-03 -3.105657242596252497e-03
8.375461834602292502e-03 3.242165797290108478e-03
-1.209475290010862680e-02 -5.188154998198794832e-03
-1.300282484059961906e-02 -3.493924770177976331e-03
7.886509875671974049e-03 -1.574066665113384774e-03
9.281289450407967725e-03 -5.731900956792592046e-03
-1.060897833926024471e-02 -8.936735755665533090e-03
-3.840136052365873427e-03 4.009061102006519946e-03
-6.748301324963946329e-03 -2.745719729964799199e-04
6.682554384095448427e-03 -1.226308688419954981e-02
2.310071388389635470e-03 -1.129570731983041768e-02
4.086731080399508146e-04 -4.666463490646034253e-03
-3.127605051527750698e-03 -1.114984543561107350e-02
-9.899060841273813957e-03 -8.439934645121025241e-04
-6.249125049927143488e-03 5.746421392325670903e-04
7.430535263935935004e-03 2.900550944448132985e-03
4.184661190259711958e-04 -1.407531763352353263e-02
-1.333564859284926390e-03 1.104721325930112241e-02
-5.641791384264604678e-03 2.646941946407287052e-03
8.045574192987578824e-03 4.532654407871204369e-03
8.201088265471105643e-03 1.194712467342250520e-02
1.178124166012127147e-02 4.750778724289863968e-03
-6.003924383462119589e-03 8.221318074011281507e-03
-1.118278762029495561e-02 1.313777560262340124e-03
-2.369014133818314084e-03 6.802239867673148463e-03
-1.090094728011131373e-02 -9.841779094528392210e-03
9.158344563051368237e-03 -6.210959708866196048e-03
-5.472469053120251892e-03 -5.208108493467387100e-03
1.754223585033443849e-03 -1.139955564468624234e-02
-5.437607111720169258e-03 2.669414442428505452e-03
-7.819407548400540697e-03 6.077923424872656855e-03
8.455121702349610883e-04 5.078092911013500944e-03
-5.805722692110448085e-03 -6.297514289640216908e-03
1.265414462417533553e-02 -4.902449391425155005e-03
5.590055733204911306e-04 -6.511637163224025249e-03
-4.033042329219681602e-03 -7.433379290990554510e-04
-3.724000968145783040e-03 6.015495901071712948e-03
1.002433292169614947e-03 -4.138266406785127104e-03
1.113631272265774158e-02 1.696273595225447801e-03
9.615244057290297727e-03 4.650357878638993088e-03
-1.070246030707913514e-02 -9.219591314786956121e-03
-1.521154097965670988e-03 -1.354335621950061158e-02
8.474700029410165217e-03 1.182241225169500948e-02
-3.724879512148081598e-04 -7.874787949401163001e-03
6.252307219342763053e-03 2.586238950818689226e-03
6.795672772063170337e-03 1.287552842760402057e-02
1.483098890705761459e-02 2.029206723849528906e-03
-5.559540679198922766e-03 4.757279749726482827e-03
1.713971864107419413e-03 1.153534584511936231e-02
2.628595227878252356e-04 -7.319035284313306182e-03
-1.316717036479706122e-02 -2.613263651714112148e-03
-7.058906574303512073e-03 1.431754378328166464e-03
1.100103963908665057e-02 -5.322849660131959669e-03
3.019197190820886376e-03 -4.365674045224136879e-03
