-1.002882770892507460e-03 -2.538548039302596180e-03
-9.163635069659732679e-03 6.409195917593544893e-03
1.001030695055044745e-03 1.063051915701028471e-02
4.953839245172603385e-03 -3.414597594592254023e-03
5.741756941220931693e-03 9.647913102217839376e-03
-5.732081602130411485e-04 -8.726009426213407515e-04
-1.438911877501611487e-03 1.276046757014708162e-02
3.698216080990163190e-03 -3.162783239221514733e-03
3.280739384149466108e-03 6.669089075225577076e-03
8.503093318621250674e-03 7.134942467521084367e-03
1.342260585801641724e-02 2.516674786372821888e-03
9.982430858818320749e-03 1.327054689493044511e-03
-4.676575254700686413e-03 1.226293781632748978e-02
-1.435335495324327926e-04 7.933461540585540032e-04
-5.565078262834580267e-04 1.752226880082619585e-03
-7.128587971592589834e-03 -8.461869387508320905e-03
7.842807106590517913e-03 -2.034791559059173725e-03
9.911127103012382089e-03 -2.992650129049955962e-04
-4.351477298182099100e-03 -4.304026640647842794e-03
-4.502961880473881073e-03 -1.167619074445556439e-03
1.370357400016211820e-02 -4.818927227305958537e-03
8.178378670613717372e-03 -1.036890169304523560e-02
3.801196198322471902e-03 4.482270204465121487e-04
3.266561624968787950e-03 1.462017698765304130e-02
1.363807851905507809e-04 8.860665905079811652e-03
-7.064309210622943952e-03 -8.538473831821401239e-03
4.808294198911503871e-04 -5.862491199904396912e-03
1.485308727613152309e-03 1.129795813338289705e-02
-5.823789843541734949e-03 3.206785284089956178e-03
-3.333618499692806228e-03 -2.405615866779219850e-03
6.843372948365186205e-03 1.956590577917742112e-03
2.353535019649266070e-03 8.240805355744758656e-03
-1.019104143773536496e-02 -7.768054738116260752e-03
-7.047736646197805960e-03 5.443290196730682894e-03
4.837669545366789225e-05 4.609518379976669002e-03
-8.821964548716006507e-03 3.823995489170297322e-03
3.110830161596226176e-03 3.915703730582106509e-03
-5.028304423240104355e-04 4.799704318629752914e-03
-7.290673930889080131e-04 -2.201379938455128276e-04
-5.601927543363424168e-03 5.742682979138983256e-03
-9.272043645001999288e-04 1.571716280519180713e-03
-2.817664105611975434e-03 2.465136668649598080e-04
-1.998612777442915038e-03 -1.473110813774105438e-02
-2.593151461180094684e-03 2.001390891199788906e-03
-4.476458437948627883e-03 -8.977823781591655339e-03
2.768361372237754074e-03 -8.100464879869952433e-04
-3.427849315853520595e-03 -1.048736891598411620e-03
-1.277695033038983574e-07 1.135693620584676475e-02
-1.952088157828070318e-03 -2.029618640057840456e-03
1.011632072064101804e-03 7.506437274151431943e-03
9.384411642293527013e-04 2.085440338120421455e-03
2.311219936919881729e-03 -1.122358349562397987e-02
5.948307628516284924e-03 -8.167169339661653569e-04
2.196745271351875379e-03 4.908134122046586140e-03
7.597824378947218640e-03 -2.487349846117413790e-03
6.401514317614402302e-03 -1.019277445392320278e-02
4.417980067647257758e-03 -4.456462425924100253e-03
-5.166696479006118760e-03 -1.935833495793189791e-03
8.309454965685490746e-03 1.106972496743758791e-02
-8.999731353758316441e-03 4.515420166427070066e-03
-1.076451509644727779e-02 -4.077412898001203656e-03
-2.672011932638944549e-03 -1.564082386738052449e-03
7.825812064757632983e-03 -3.070028782852607645e-03
-1.076218443202926929e-02 -2.740601673187462433e-03
-3.205795510017151774e-03 -8.244783100523005170e-03
-3.548744437941496813e-03 1.648343613417755803e-04
-7.542218939233272593e-03 -1.271514004820306458e-02
-4.882419201959943382e-03 -2.755162485121301439e-03
-1.457742026072665967e-02 3.462114787351657907e-04
-3.563124867004679726e-04 7.904107137902094751e-03
5.819743064651776605e-03 -8.603141243592517598e-03
-1.446101768975690226e-02 4.506140584298648478e-04
1.221059054903807922e-02 2.880752004583434205e-03
-6.713005989590079339e-03 1.581902839351493196e-04
1.143642742777337303e-02 -4.208341502005455426e-03
-1.303868460609311844e-02 1.832936606263959028e-03
8.718473914474181297e-03 3.578077709600425114e-03
-6.542275677384370124e-03 -3.164968505581679161e-03
-1.499508828033924070e-03 7.673713664788831164e-03
-1.228004456590535420e-02 1.628662199555368879e-03
-1.057293111724870623e-02 -8.116592133487315550e-03
-1.159893449033029197e-02 -5.179919210233577785e-03
-1.484531417008450732e-02 7.164759654755787710e-04
-5.008698377833863818e-03 -1.136901619435091168e-03
-3.707198071037906117e-03 1.348722981624404273e-02
8.942063202682452513e-03 -2.570919487889978053e-03
5.674258945112046516e-03 7.763749045428491175e-03
4.716333905826668518e-03 1.135404642354226508e-02
-3.796013072150937126e-03 -4.177311159436335186e-03
-9.197748014608819744e-03 7.728403500360745901e-03
-1.347253406637450961e-02 2.545809917272300656e-03
-1.461737423854621472e-02 -6.732681582140286622e-04
-1.125008995385143144e-02 -9.197260723206585400e-03
4.568301225769145005e-03 -2.641581179963794351e-03
-2.178539186199056777e-03 1.268600150322571167e-02
5.648171381925479531e-03 1.015216775958650321e-02
7.983143863318538022e-03 8.402375456094556341e-03
4.903107515469554492e-03 4.601324141038894491e-03
1.207753889907317406e-02 -4.539909803928104601e-03
5.858831339226195853e-03 -1.143114991696951924e-02
-5.232910880176026153e-03 -5.595698897825207054e-03
