-1.022233449075089827e-03 -4.382355391293040608e-03
-2.055994313077287410e-03 -1.594643340872813238e-03
5.650304238818233508e-03 -1.133164599163674277e-03
-1.946915238826165458e-03 7.765276624360068630e-03
2.533119581293512800e-03 1.191609437638379253e-02
-4.042073927227072226e-03 4.506011358932893694e-03
-2.499846682939934218e-03 4.690497474873614459e-03
7.630157126542826823e-03 -1.625792798686572643e-03
5.529314441124078688e-04 3.074779149485311856e-03
7.397693449356031008e-03 -1.037608610877426528e-03
3.852095468531409675e-04 1.563366113555530925e-03
-9.908939777719196623e-03 1.541237321616864206e-03
2.380501481132974752e-03 -1.592392130827867836e-03
-7.189290350394477846e-04 -1.321227097276477577e-03
-3.846124281109754208e-03 1.472184775854509190e-03
4.455383453433818530e-03 3.869051341462597000e-03
3.860637289746153382e-03 -8.932926186241735463e-05
-3.850035912735165142e-03 -3.034752620995974197e-03
4.732312194449443329e-03 3.383448136778956488e-03
-7.362903724618208821e-03 2.182859180073696941e-04
1.460473794109723097e-02 -6.034315801076075431e-04
-7.584286598168567609e-04 -1.231979244824993325e-02
1.598219723045005494e-03 -6.883000342646579742e-03
3.789828204279498992e-04 7.171392613838339924e-03
-1.787942642738492901e-03 4.308800425441012931e-03
-2.167851501085854386e-03 1.183393370455946766e-03
1.102275369870086077e-02 2.265259565210245296e-03
-1.135567491847299174e-02 5.287830098061836737e-03
1.102898042512412066e-02 -3.342766935073024706e-03
7.099226704864639893e-03 -3.637785066896098620e-03
-6.698115092497233976e-03 5.150283561639215461e-04
-7.521285532242981409e-03 -9.705166868348227838e-03
-7.466011611455182322e-03 7.964211864184965461e-03
-1.049619792760846972e-02 -2.737211914425136550e-03
7.096911610068152264e-03 6.477178830238797085e-03
7.410817401113422090e-03 6.414225241395826033e-03
4.775978989862734482e-03 -3.824921527089709342e-03
3.634735588436406421e-03 4.224771852082553382e-03
1.999666584866201247e-03 -6.718136269596616502e-04
1.385943323303776530e-02 -5.471390176084289098e-03
-2.509969099643761907e-03 8.563549902217118884e-03
-4.169394842201127292e-03 -2.854262160549426389e-03
5.377484311290090142e-04 -1.118072214103593871e-02
9.241383035582896588e-03 -1.048864634743785877e-02
1.369149041973803617e-03 3.439581731613136975e-03
-8.515157504964512077e-05 8.381516014076693250e-03
6.050570851290487662e-03 5.403549414749501782e-03
-4.935533762609915082e-03 -2.292767691064942926e-03
-1.221373454793949452e-02 -5.679496011463984299e-03
6.513863085740158841e-03 -2.778510247230772299e-04
9.506257201555991243e-03 1.241515476432134956e-03
-2.783980859388764280e-03 8.153255877874604485e-03
8.794408174563759367e-03 7.766043592632568867e-05
1.017979230096799706e-02 -7.457021846190766204e-03
3.019495492368641162e-03 -3.004124323570229581e-03
-1.262722574950899193e-02 -3.767437248302027159e-03
6.985995246084691739e-03 2.078989544940975428e-03
-9.469472836610606358e-04 -1.078531542953514158e-03
-5.366841683610232457e-03 5.957292291967556351e-03
-1.427029503562847034e-03 1.355396734117115393e-02
5.401666715548240731e-03 -4.508021596932290133e-03
4.994230147153042899e-03 -1.293361907606148690e-03
-5.088746471730315295e-03 -1.221336043468670800e-02
1.039735699690033481e-02 -1.990691155530517880e-03
-1.378568519580799720e-02 9.139851530482592584e-04
6.488933580035044415e-04 1.503680044575311401e-03
-7.552059016033329034e-03 8.960073298645001780e-03
5.125812800482304997e-03 -1.031757549729938987e-02
4.589153744909511140e-03 -1.075336263418025760e-02
-1.067159729788900134e-02 2.134774731626974155e-03
-4.751247887905971079e-03 -2.172343486419324714e-03
1.107705441602348934e-02 -4.626989359718426675e-03
7.681465124631850147e-03 -1.682766628805404483e-03
1.825914917530546211e-03 1.450263496522175878e-02
-6.460323612985692174e-03 -7.423573026148610338e-03
-4.535152480121785838e-03 1.044611482730765581e-02
-2.727116387562517150e-03 -1.372657323094114007e-02
-2.892562843610120560e-03 -4.763384019976410998e-03
4.645182483674861642e-04 7.186155047517210279e-03
-1.027311498346515466e-02 -5.324706925293408097e-03
-7.275403592848134898e-03 1.678601408814930094e-03
1.182428646100694555e-03 1.238018106470567536e-02
-6.162047454018485491e-03 3.057417243670223529e-03
1.140570595750747297e-02 -9.113042554262675704e-03
1.846081541831497488e-03 -4.031694321812263199e-03
5.339286934818380202e-03 8.361007592503445773e-03
-2.523763319382290628e-03 1.028362232564797654e-02
-8.537980261109374275e-04 -3.741688066533251089e-04
1.109584197957491289e-02 -7.664957105127579405e-03
-1.654806591908807977e-03 1.444314491182736686e-02
-6.762165270239062567e-03 3.254093764441295315e-04
