-8.144850233252388244e-03 4.261621132607753062e-03
-7.396687700991066289e-04 2.903943889014700373e-03
6.256114798474552222e-03 -2.321858658125400526e-03
5.493550619413574941e-04 7.901785179053242431e-03
-8.623029308891111411e-03 9.343091861799313752e-03
-2.441666878889454158e-03 -1.135016675001136776e-03
8.257633459179005916e-03 -1.108564340279092827e-02
1.160466310103674698e-03 5.151050178664483281e-03
-1.396943834520886912e-02 1.574557697053610011e-04
9.031373396046437491e-03 9.927955206444126143e-03
6.537753439530552893e-03 9.010426181036293794e-03
2.846690122883631900e-03 2.519197361120585187e-03
3.514129099256245534e-03 2.034919328562478057e-03
-2.959441697424855001e-04 7.975739279112752794e-03
-1.293526252130355143e-03 3.875150298381981398e-03
-1.227181488700374891e-02 1.712471716296099823e-03
1.236154328307343016e-02 5.803640896944977159e-03
-1.945989200907543605e-03 3.719291065504972543e-03
1.765350831840800834e-03 8.008341678558532697e-03
6.555507580882852584e-03 -3.767667760959781884e-03
2.261156279327375743e-03 1.505713213219020668e-03
-5.810538122279107487e-03 -6.983170694830932723e-04
9.137259396640284859e-03 -9.955927416294429316e-03
1.342088155168225799e-02 -7.482903017662547590e-04
7.350578041275564536e-03 -3.591691232882735819e-04
-2.385466920183603942e-03 1.248837649867763980e-02
-4.639598204672183701e-03 1.268558743216952056e-02
2.878366484408858769e-03 4.503887918391932636e-03
-1.268332156039917152e-04 3.418173976763875556e-03
-7.966063940021746864e-03 6.259595062530769367e-04
-9.720046777833882788e-04 -7.864808129024739719e-03
8.581677608274877744e-03 -1.224968609506622320e-02
2.366914510415197431e-03 -7.021233203675055108e-03
2.602826800271100180e-03 -1.079487215204226903e-03
5.070997121685807962e-03 -7.754675247349188810e-03
-2.800836002177727307e-03 -8.485594716276701963e-03
-6.292165810585004238e-03 -2.146776516571045033e-03
-3.641760583275202405e-03 -5.927695998793454379e-03
-4.064537968620318513e-03 5.466217257084315419e-03
5.534072400224441385e-03 -8.390725052600123829e-04
3.718365027586921848e-03 5.991974759761958813e-03
3.986081448471136789e-03 2.561475099654868248e-03
4.385005735545930566e-03 -1.803253919789857664e-03
-5.413465911044280064e-03 3.028925028780087708e-03
-1.050461197932570437e-03 1.628842277144442732e-04
-7.243095503852223574e-03 -4.902812205465584099e-03
-1.809480646213688492e-03 1.223020764738020315e-03
2.351140214409373763e-04 -1.369204658524023240e-03
-5.159001211421330828e-03 3.503527722247188475e-03
-4.670220758773551903e-03 -4.702024889803224986e-03
4.556676513237885306e-03 7.746370528695466565e-03
4.035986412187911494e-03 -5.402666415300924271e-03
-5.005505392878578132e-03 -8.965170497769281259e-04
4.318265383217088221e-03 -9.265456256603485027e-03
2.163096101724169655e-04 -1.480757345560012109e-02
-5.954952422798901260e-03 1.753770168370631438e-03
1.248848868740985718e-02 7.004897382283126759e-04
2.525420194173505625e-04 1.685602149374140464e-03
1.354987065910493935e-02 5.690481609619869614e-04
1.046235396891711904e-02 3.347657424826759251e-03
4.096094206754192536e-03 -1.235411991449932544e-02
6.162470001955297656e-03 -1.079831682859076422e-02
5.261059736231893380e-03 7.184667659623951430e-03
-6.854629960367633395e-04 -1.120118374513618016e-02
-1.267634802866781426e-03 -1.423106773005866068e-03
-1.233257268389527546e-02 -8.377121472569904609e-03
-1.595690892160246807e-03 1.369028705416045107e-02
-2.303250961801281155e-03 8.636840781277610110e-03
3.696399146419538772e-03 -2.633944853866376952e-04
1.012450661831119751e-02 -1.031009684631926764e-02
-1.561627748376014698e-03 -7.867667655454223512e-04
-1.966676470249918859e-04 -9.310416359775823894e-03
-6.756346624699493403e-03 -6.259973097937559378e-03
-3.160647139394027506e-03 9.299467256953223085e-03
1.246031019594122423e-03 9.217000018977454523e-03
1.024398751091951110e-02 1.095362139182203855e-02
1.155399063330220504e-03 -2.038927866498203324e-03
1.100411003272244205e-02 -3.466274941603358743e-04
1.350689695356575674e-02 -2.630884974265400994e-03
-9.960278011802293011e-03 -6.152320908690238691e-03
1.086031475365271774e-02 -1.542517175626659243e-03
1.242415118310195681e-02 7.222145522822355848e-03
7.829764001483991223e-03 -9.618701526758326528e-03
6.132889117106301961e-03 8.672237208627028154e-03
6.772985352655283911e-03 -6.154590482941671610e-03
5.878123276984676369e-03 8.952829845827684624e-03
4.218095191689182370e-04 -1.281263229687035210e-02
-1.571081709508254228e-03 4.264992030535590985e-03
2.419322176528300884e-03 2.571763590833484048e-03
8.939169118080939405e-03 4.475470781761589113e-03
-3.068450169857942292e-03 6.561829300229985763e-03
7.117020980161495314e-03 6.619497079552067419e-03
-9.931836984157036557e-03 -3.794651618761048055e-03
-5.216015032484805705e-03 1.032463369216585040e-02
2.795079864900984392e-03 -1.002586901211572658e-02
9.029550440798603250e-03 1.008330863746158788e-02
-8.708473215951384808e-03 -1.031933469180391395e-02
-5.364739622533979541e-03 1.257465291039920260e-02
1.093900515404725923e-02 2.481828552436806095e-03
4.282431805989585574e-03 6.930346749156661608e-03
-7.524418462393209391e-03 -2.230833614357700446e-04
