-1.113813920981663068e-03 -3.806496886827109502e-03
-7.264170488378403822e-04 -1.001158464559490958e-03
6.711366813759860571e-03 -4.420130709736970996e-03
4.596266658716763537e-04 3.856725658121665321e-04
1.144692014092142706e-03 -1.519763202893891938e-03
-4.580492362703652079e-03 2.814087723440354336e-03
3.729094174101785144e-03 -8.489043328943875547e-03
1.124163040517123929e-02 -3.751765695444946210e-03
5.712858693452579559e-03 -4.474734131614469500e-03
3.482452737732379122e-03 5.022877129227227254e-05
1.095376503769140974e-02 -9.476024034322690082e-03
-3.583708548721660568e-04 -3.962739428207381941e-05
5.228580660895614310e-03 -5.142173107988443591e-03
2.152077205076824516e-03 -7.854206752014541645e-03
8.619995656122842343e-04 2.550873722645811623e-03
3.570456827467901988e-03 4.301376296394272825e-03
-9.817694555266414519e-03 -8.368564609268160440e-03
2.897174433184358799e-04 -2.367712778831304685e-03
-2.678505206663408036e-03 -3.030777104617549990e-03
3.119835001776930655e-03 -1.383027944626280537e-02
2.884593210832689381e-03 -1.104138581892017811e-03
3.285465691857634984e-04 -1.003703428069582099e-02
3.822271182838642145e-03 5.556999460576712152e-03
1.217148511392365101e-02 -6.104502446679465483e-03
5.691655939433105417e-03 1.773429634102093727e-03
1.202079880004911644e-02 4.342855766514950103e-03
-1.193716936089745870e-02 -2.575652858836906429e-03
9.795693532832194447e-03 7.305777727992375861e-03
6.262213755393937487e-03 3.427051047438772931e-03
3.066828116729145189e-03 1.790129968031677066e-03
8.028937236437532626e-04 1.242237343137497785e-02
4.748677278922733627e-03 -3.325667466935959115e-03
7.062712673794591806e-03 -6.083427462164656997e-03
1.109439270396436620e-03 1.322552269402011609e-03
-2.809713072853986873e-03 -2.096547745279914859e-03
4.698448507631603453e-03 1.567852707950595503e-04
1.237996792333444836e-03 1.169343380778572940e-03
-4.438523698612859177e-04 6.285140815747570012e-03
7.546447976947499425e-04 -3.544081154447313586e-03
-1.184293854473788751e-02 -3.932531834016353769e-03
3.170191542572944193e-04 -2.866966838983694456e-03
8.349086161581703233e-03 -3.045657014094146214e-04
1.001030695055044745e-03 1.063051915701028471e-02
3.262314743886866701e-03 7.792961643811801772e-04
6.608258926922887938e-03 3.325795236440624338e-03
-6.565981188388605311e-03 -4.465186562028129226e-03
-1.284649181454096227e-03 -2.513896672614805271e-03
-4.628869058157319971e-03 -1.795430656536314666e-03
-9.641814145298453894e-04 1.149066664678510602e-03
-2.160826506248418859e-03 2.886317517165705882e-03
5.091601399287249384e-03 -1.961437139390997779e-03
3.807606025788497803e-04 5.144205598775164652e-03
-4.150978190940382041e-03 5.519099077350093962e-04
-4.764035647417376451e-03 1.412789877849712078e-02
3.786778243151910257e-03 -3.816574893698393921e-04
7.870973068612860044e-03 1.080729901836603377e-02
9.703622303196334647e-03 1.138799398810201244e-03
-7.263198325480716170e-04 5.928091421550677094e-03
2.915499330129649527e-03 -9.693971496003336505e-03
-6.271222687215499258e-04 6.149947552272366953e-03
3.618411296080338829e-03 -5.030572972046653754e-03
1.049424706747407315e-04 9.783231895561408757e-04
-4.145730603255429365e-03 4.942889008824710717e-03
4.370429868148156989e-03 -4.940994101845199576e-03
7.709535565798652720e-03 -1.220340233839872085e-02
-1.202391615803800363e-02 7.231505430600698378e-03
4.334830526788247158e-03 1.086895170006165617e-02
-8.320786183454588480e-03 -3.358567509437099512e-03
8.278944621994219905e-03 2.993841929460306587e-04
4.668088456028988802e-03 -2.390616756390972781e-03
-1.612681930331648665e-03 9.744725179112296264e-04
5.851336942845709117e-05 1.340854189967785950e-02
-1.387559615695951485e-03 4.279719619968676628e-03
-1.717025077524303662e-03 -6.170729827074136840e-04
9.583417629750718911e-03 1.099240187552091332e-02
-8.335965986923201884e-03 1.094537579048784209e-02
-9.366725794703061395e-03 -9.398087709853067233e-04
1.379529320435301208e-02 3.557331827700950262e-03
-2.934564453209500927e-03 -2.137719313546964598e-03
1.269092386755637722e-02 -3.479349227870875451e-03
-1.293176577732031880e-02 4.428896177715094251e-03
1.022602327835369328e-02 -3.245641440749293463e-03
1.096685520138838445e-02 -5.592882309951013181e-03
-9.330218766822230211e-03 -8.513055810090245160e-03
3.323262367191795203e-03 -9.483077311989001820e-03
2.819884314643735478e-03 -1.872126450967458199e-04
1.282284376325552172e-02 -2.935981234044381365e-03
3.424474901472770831e-03 1.313643280848470797e-02
-9.917310882274551088e-04 3.175882817701387167e-03
3.015447268014903766e-03 -1.014707869378219003e-02
1.122999430884715627e-02 -5.182620882542158906e-03
3.605147967047814175e-03 1.229619082534896997e-02
6.440540842908698375e-03 1.242573636678738665e-02
-4.064174191524123209e-03 1.112737412436918399e-02
-1.147171103750394688e-02 -6.792737175240738667e-03
6.155987667472011607e-03 -1.021610270381083894e-02
7.996702139504457962e-03 8.022221447882907364e-03
-4.268815347406818179e-03 8.476148713521234473e-03
8.221884343042917473e-03 -5.064670053526092695e-03
-1.419314443694611079e-02 -2.237400277570197361e-03
1.356329434114931370e-02 -2.550768125361261001e-03
