1.144228995133688082e-03 5.032295765326352203e-04
1.767330677182709329e-03 -1.144056564499727931e-02
-6.222586361111292347e-03 -3.785421902311620138e-03
-5.017654987181510880e-03 1.468209259476085634e-03
1.883897765232223553e-03 -2.400714312481384925e-03
-4.079849245671683493e-03 -3.227588903902628079e-03
2.402502503567195691e-03 -5.296052495520822819e-04
-1.201019742304370534e-03 -7.466937649372223842e-04
-4.498124210927127373e-03 -7.066672364478847248e-04
2.110134715995760565e-03 2.619127999992738962e-03
9.650100427510452383e-03 -4.499784632508383071e-03
1.182796251714303415e-02 4.572669099450789310e-03
1.864419317546337287e-03 7.112414541374934528e-03
5.161986805128690632e-03 5.049395233457709686e-03
-4.331328351585912034e-03 4.850731358336310764e-03
6.687513715488177350e-03 2.609053526694930791e-03
1.339252603332384464e-03 1.515388552309345936e-03
2.766509296400291359e-03 7.281924629720692640e-03
-1.008322365085744660e-02 -3.696092640449202566e-03
-1.086908179111703565e-02 -4.159694822699303018e-03
4.569243975691217666e-03 -1.220856973886490400e-02
-2.344598497273854294e-03 -6.296980813951628085e-03
-1.403986137359766045e-02 -1.856614980072011098e-03
-3.613113060872327840e-03 1.263860929354524744e-02
1.331682852290472056e-02 -7.288451540433325522e-04
-1.852578100866203101e-03 -8.333600153684388168e-03
9.847235428407659363e-03 9.570767290741919245e-03
-4.209810217108269324e-03 7.256547725076937204e-03
1.250156961103729251e-02 6.099435951488840248e-03
9.000852754158825825e-03 9.537901842901428881e-03
1.066555713833253725e-02 -3.638618451998869904e-03
3.212995805127263210e-03 -7.315472158348072448e-03
1.313420357265261164e-02 -6.852507403952591732e-03
-7.936130909670595368e-03 -1.056739395302072441e-02
-9.893508838241936443e-03 -2.874798459485758493e-03
-5.656872084575419006e-03 6.913769579058622397e-03
8.686040985879403195e-03 -3.296163231178069267e-03
-1.315654474992718551e-02 5.176180488564922737e-03
-7.946856596720435623e-03 -9.165115194947113728e-03
-1.018377663594789879e-02 -7.301681578367425103e-03
-8.553489813725431712e-03 -6.518664331007690844e-04
4.480411077069972048e-03 1.502294788325213640e-03
3.389462958162366060e-03 -3.556671121231261105e-03
-6.480391901089405625e-03 -8.305877845039544988e-03
-8.628796308389584044e-03 -5.876764747771062551e-03
1.057575774610411586e-02 1.864408578834159547e-03
-7.869702893386879353e-03 9.662519931661938191e-03
-1.266189176037469570e-03 6.955025025093756162e-03
-4.710369848473556012e-03 1.028440511011524672e-02
1.123924867017715018e-02 1.127966231125920697e-03
-1.360284957630317031e-02 2.472929500415963454e-03
2.613916890269155253e-03 1.269437869103951649e-02
-1.097667891914212365e-02 -2.031776174938082578e-03
6.407403302360560084e-03 -3.342705361019556332e-03
1.770933725965381268e-03 1.319820506487980917e-02
-1.142795811101553032e-02 1.174878819555738672e-03
-5.409494552077511245e-03 1.354039584947278226e-02
-5.329491169396915334e-03 -9.779461660037125359e-03
5.328753110962110469e-03 1.504928441816584181e-03
-8.856288458565031788e-03 1.138088309668031269e-02
7.130895848390962459e-03 6.863061942843217723e-03
7.801558841098088851e-03 3.458365463759037819e-03
-7.744778198934443476e-03 1.064275823447427376e-02
1.018191906413750888e-02 -2.024717666002948200e-03
1.360243311477963993e-03 -6.539760513051520036e-03
5.845718833133510713e-03 4.865654589026813075e-03
-1.103978503566474534e-02 -3.551544409553997281e-03
-1.308010850775810120e-02 1.111394997533697712e-03
1.118563141249539344e-02 8.112761646034756524e-03
6.063880206157792885e-03 -5.234123783375895650e-03
-1.098230046381501283e-02 5.680425722483388451e-03
