-8.533173143316193782e-03 5.502268269194087423e-03
2.675982631915644304e-03 -7.545138630515235353e-03
8.473269032933486086e-03 -2.941719207457950749e-03
5.671043973877321412e-03 -5.358335585454172649e-03
-5.082732016564761243e-03 -5.766136943204543813e-03
1.105926772977090800e-02 4.710901960478803240e-03
-2.464929188698236542e-03 -7.485761423843886701e-03
-3.942414653057845636e-03 -9.769844763523532344e-03
-4.455766761948735770e-04 3.020175727607813353e-03
6.132394946083156474e-03 -1.707697931502929686e-03
1.648320724831470879e-03 9.914831254680238088e-04
5.953736422357750607e-03 -9.428972510994556439e-03
7.929086889992671694e-03 -1.048609122094427710e-03
-7.922524914114261949e-03 4.774526048231393996e-03
-9.972468329335088671e-04 5.233354445687642999e-03
-2.431991539799808685e-03 -2.131129990067164373e-04
-2.901756563720155752e-03 5.023035386139038626e-04
1.423934209138569620e-02 -2.345983121099901210e-03
8.707792265909591878e-03 9.069005119292216505e-03
-4.992540601543211682e-04 -2.730171093932013847e-05
1.266224541190925446e-03 -3.375896238228911616e-03
-3.728838635092674575e-03 -1.422482908274986906e-02
-1.441769701703735779e-03 -7.149391591404118985e-03
4.033532106006753118e-03 1.121697903848595246e-02
2.865705551610492601e-03 -4.970938713308527962e-03
5.287430963850029818e-04 7.700199594976573671e-04
-3.258067862804944585e-03 1.306158465889068095e-02
5.397228596074292797e-03 -7.676745630911935986e-03
1.300088228008765105e-03 -1.492333722450150035e-04
1.088843246929904751e-02 6.003502174690426157e-03
4.064537968620318513e-03 -5.466217257084315419e-03
-4.041610908268046878e-03 2.483018579505686090e-03
5.289746058651522559e-03 -2.414764302158758751e-03
-1.457208748264066361e-04 -4.486261546551368793e-04
8.128485148777737923e-03 2.447494471106020659e-03
-9.597556561420901231e-03 -9.097632002357070730e-03
-1.179944757789561181e-03 4.362078675191836605e-03
-1.359992338392043091e-03 2.709782433981832231e-03
6.437423666451596443e-03 4.618395450651567244e-03
1.095420932101472990e-04 7.336927185805673830e-03
6.133320984001207170e-03 -5.753683490357344027e-03
-5.210491270087594037e-03 1.698022592411923973e-03
7.152764342671473485e-06 -9.654012059136542895e-03
-4.647293698419919378e-03 -7.685223567380711565e-03
1.150968207551060496e-02 2.151678070868200815e-03
-8.527872454816647595e-04 3.940227327758162113e-04
1.413669722351490465e-03 3.376950045653012060e-04
-1.767202907678834057e-03 8.362943914983519793e-05
-7.464031766112483660e-03 -1.148469545936902508e-02
7.353691404487589130e-03 -3.163182373428997420e-03
-2.921570260861192526e-03 6.814889660499870265e-04
1.314729006150400226e-03 -1.012331406409922550e-02
-3.374634950854459026e-03 4.021733326374786997e-03
-1.168926663715542241e-02 -5.826967091506553807e-03
8.144211385790252767e-05 5.252305989668561593e-04
5.504583363991255932e-03 -1.581790753818130765e-03
-2.483018579505686090e-03 -4.041610908268046878e-03
6.633373312569704194e-03 1.584568867575004633e-03
-5.800064514773926351e-03 7.534537253505498716e-03
-1.021898199619939536e-03 4.951588035127196114e-03
4.977436804435175603e-03 1.227009058066958966e-02
-3.613197584962571721e-03 -1.138992191380702431e-03
6.341468543958655307e-03 2.710309337693761131e-03
-5.656866214696644121e-03 -2.592752326973292009e-03
1.114612189396410082e-03 1.111744753381945817e-02
9.373427225508019307e-04 -2.672805383951506325e-03
-9.496684058940172649e-04 2.531922178671282882e-03
-6.256242567973554873e-04 1.367879486397809196e-03
8.032993045244393726e-03 -1.483584421279673937e-03
-7.139652367561460239e-03 -3.314794725224084592e-03
3.118781194353072855e-03 1.572642318438592516e-03
-8.131135493030735434e-03 -1.666474000392503992e-03
6.775517805225061106e-03 6.860201051798073442e-03
3.185247280616121477e-03 2.738010182839883781e-03
7.217055080287926479e-03 1.069002413318493813e-02
1.984227538311751377e-03 1.991316417902661180e-03
1.325223361650358124e-02 1.786282221157237636e-03
-9.401271665848432921e-03 -2.797515159015216777e-03
1.613531000095009367e-03 1.810805818339222091e-03
-6.255651779514956150e-03 2.988658786975124763e-04
-6.015827858033642034e-03 1.074754926401882277e-02
-4.975377248647227385e-03 3.288179338885809620e-04
-1.042270684650798557e-02 1.310800966859131805e-04
1.442952803003957202e-02 -1.794775983320400989e-03
1.096698627153832456e-04 -4.020009020040628614e-03
1.104521774009410706e-02 1.305053667058822704e-03
-1.962226515877530438e-03 -9.285295366268757344e-04
-9.544805215380865876e-03 -2.004169004956662774e-03
3.421335399027502187e-04 -4.608193207850455608e-03
2.537158982424159680e-03 5.066095567387973037e-03
1.361153050929515829e-02 -2.220075943413961708e-03
6.856161650666854970e-03 7.448100377143839629e-05
-5.211752557461366182e-03 -3.589935275153218180e-03
1.532088886238467621e-03 1.285575219373507813e-03
4.471620768403234206e-03 8.516871943595126157e-03
4.329013256789423537e-03 5.264232538798584507e-03
2.995205519163899287e-05 -1.280274530868408559e-03
-2.098272051612141628e-03 -4.552520152846281209e-04
9.612197339561964760e-03 -8.764486894964600844e-04
-3.921802687502061631e-03 -2.638079543967267702e-03
-2.923294567195351343e-03 -2.583476122089089187e-03
-6.722766459187966108e-04 2.332619455975464603e-05
-1.054285031672912154e-02 -4.081765206261368448e-03
8.673465560132726654e-03 7.865335032735527171e-03
1.545675856954884051e-03 6.714416292219553203e-03
-5.358958607282453962e-04 8.883992099639565973e-03
-1.421157736147951557e-03 -1.762637184785293461e-05
6.722638689679789371e-03 1.112367426024396880e-02
9.883953161577616747e-03 -1.115694715859754868e-02
5.388351525397462941e-03 -1.287698659914468871e-03
-1.787016604820441988e-03 2.628148665865985903e-04
3.515390386630807412e-03 7.322877196129441019e-03
2.415482278154724993e-04 1.371364847346038737e-02
-3.472442149185652176e-03 1.020561833112284579e-02
1.357627776559888061e-02 6.222395288826227180e-04
-2.914417496520234309e-04 -8.972523093084515400e-04
5.802124070563235460e-03 5.064371261053813786e-03
-7.366815356244981079e-03 -4.288651478844255141e-03
2.879292522326909465e-03 4.579023595375178619e-04
-7.746724214592342131e-03 -7.414058533829322173e-03
3.948769148986340169e-03 -7.195117942606038368e-03
-1.359194069977296727e-03 1.002073308097418090e-02
-8.038628983203389283e-03 -6.288318063710566543e-03
1.184916527116114740e-02 -1.675494666266916233e-03
-4.760204693851773430e-03 1.049573490864876522e-02
5.744870304433527877e-03 6.843899852076434226e-03
-1.048605956955843931e-02 -3.838301017856782151e-03
-1.962689534837126944e-03 1.094463242801012098e-03
-6.543181897540207431e-03 3.908550966240686639e-03
4.955563551506191045e-03 -1.496325064524977981e-04
5.017990236637232329e-03 7.865734166943470426e-03
7.161318140540531320e-03 -4.956361819920367118e-03
-5.586951515767780638e-03 5.102545713706370042e-03
-2.442129897849839963e-03 8.879761044249286214e-04
2.881479847619522472e-03 1.699874668250066700e-03
1.392762362563361098e-02 -1.041057223545063283e-03
2.539809326676368759e-03 4.285075096672634476e-03
-1.218103268350998955e-02 -6.174337435161717652e-03
-8.485403643997430773e-04 1.423490355604767853e-02
-6.591893842449595906e-03 -1.003491084015553994e-02
-4.780513061342765192e-04 -6.275465476656564082e-03
1.400881020047889218e-03 2.219804578711143377e-03
7.814579357732467230e-03 2.510448059948991277e-03
-1.208865394318924154e-02 5.607547073653799258e-04
1.302275553301949053e-03 1.092738936466853715e-03
-1.975015218179771229e-03 9.535800375201085354e-04
2.813033916014213206e-04 1.998341412740777152e-03
-2.086744636684463583e-03 -7.625319456998575461e-03
-5.019379293515669263e-03 -1.796755828662990363e-03
3.877800642634191344e-03 5.125057814150161487e-04
-6.049100756387221049e-03 -5.859042587238582483e-03
3.380941387721036638e-04 2.241805601145364316e-03
-5.205190581582385713e-03 1.359816509830685284e-04
4.133319149679855198e-03 -1.441581328981791921e-02
2.957158254013191219e-03 5.810138988072985691e-03
3.326130485896345353e-03 2.725684499496668339e-03
-6.286402103120770565e-03 -5.731810237427107865e-03
-4.460556372433792209e-03 -1.366394660588004378e-02
-7.034820174392261705e-03 -7.795755583263064281e-03
-7.775079732955058470e-03 8.488117291024464828e-03
-4.174501256054446476e-03 1.245036273421834018e-02
5.392368404383871688e-03 2.144687007107235963e-04
-8.300836063444248791e-03 2.572850019505587039e-03
1.020081450905353966e-02 5.648981237466691244e-03
1.128930800700027326e-03 -3.353479049745646326e-04
-1.272209298771793387e-03 7.868419981780649594e-03
-9.056172530240522850e-03 -1.021428063955856502e-02
-3.738117624057039987e-03 -1.318206031149707531e-02
4.015036234686553650e-03 -4.643029631654178521e-03
6.701329990452164521e-03 -7.540069232103643534e-03
-4.967610746513976411e-03 3.147597792934562003e-03
2.151008174790865635e-03 -9.151215503283979466e-03
-3.661408876708597757e-03 -4.978750444884206400e-03
9.209850643510415422e-03 1.030754098741941405e-02
-9.995205486775408238e-03 4.319021164657921123e-03
-8.391865435168208631e-04 -5.368021367926145010e-03
-1.171104076460928282e-02 -1.621827598472928280e-03
1.121555700695841228e-02 8.404435227810222106e-04
1.141003973280226708e-02 4.463974315876157589e-03
-6.743027146764883628e-03 -5.257124418438050006e-03
6.367825422880845493e-03 -1.177932129422010719e-02
-2.751442931879133531e-03 -7.849827767150584570e-03
-1.470893018735217397e-02 -2.264800446251559549e-03
-8.364162197936951190e-03 3.912824787944847033e-03
-8.363948132955446521e-03 -1.105117511071917677e-02
7.384634892491462625e-04 4.314810130931976719e-03
1.042115357712405932e-02 -4.101051878157294583e-04
8.657754079477577441e-03 -7.162076824584992160e-03
-4.777641584623751325e-03 1.048039312187850312e-02
6.961575959909466378e-03 8.999944197692214334e-03
3.175252104043687663e-03 1.122947077711854147e-02
-4.381933722432960858e-03 1.390437497989511183e-02
8.289263214829695539e-03 8.770712122882783762e-03
-9.627733567898859313e-03 -6.473882497343751499e-03
-8.466066398699175627e-03 8.319803062107250513e-03
-1.323156539462566270e-02 6.238524019874927724e-03
3.835627985014054137e-03 -3.951493971633752988e-03
-5.988102771285272984e-03 6.451888745429688703e-03
1.130611917321827121e-03 7.515511830513608299e-03
-8.639799277769016211e-03 1.169617661375414730e-02
-1.309745395058980327e-02 5.929856461289382402e-03
5.312253265920628253e-04 -2.256176740427216863e-03
4.698795722242538747e-03 1.351081544837741573e-02
-1.469963861833398179e-03 7.214238979075928392e-03
7.986585022790431906e-03 -5.466841463713058465e-03
-1.164044953676691974e-02 5.368783303344935344e-03
6.557043271248508276e-03 -9.538964564281356487e-03
5.358249435322278049e-03 1.087097370637426022e-02
-1.323548807646224811e-02 1.267297315983129981e-03
-6.835645614684741043e-03 -7.951710032084556221e-03
6.915335643511278871e-03 -1.165168501587169302e-02
