1.124163040517123929e-02 -3.751765695444946210e-03
7.185043469308911510e-03 -6.286098505055054582e-04
1.200582277245233059e-02 4.982993031948924206e-03
5.969334889802785891e-04 5.200352912037563627e-03
-2.557100449069642234e-03 6.470026065896234031e-03
1.681849162202238908e-04 -5.115797434969653447e-04
2.615152483614315623e-03 -9.386040099240034601e-04
-8.356238925928371726e-04 9.958577760550719332e-04
8.814939553877212258e-03 -5.526919635881198320e-03
-5.000491634292112894e-03 2.070044302754660802e-03
1.106099203610449652e-02 7.975867048618559899e-03
-1.420455236664980650e-02 1.526660428229383373e-03
-4.032989376600195752e-04 1.880784402019628019e-03
-5.269932361510486218e-03 2.235578874722675587e-03
1.459859092513116508e-03 3.705241075828741033e-03
4.871934112355104027e-03 -1.916835414131222567e-03
-1.002882770892507460e-03 -2.538548039302596180e-03
-7.372451294205339262e-03 -1.206055396383563794e-02
4.784728291034328826e-03 1.142967707759125770e-03
1.874557675596938856e-03 6.011325437942608915e-03
-1.256246879941880570e-02 5.397709731030263768e-03
-9.495753884315760382e-03 -2.317840899820041226e-03
5.606696742974386430e-03 3.436295571848959479e-03
1.279646349038195108e-04 9.250073466936264976e-03
-6.054547517602044959e-03 9.073411508153942512e-03
5.666535088415719512e-03 -7.888896135379154344e-04
-3.765285579508876376e-03 1.071586285908129356e-02
6.197935473688116412e-03 -3.037298167156669056e-03
-5.402667264003763181e-03 -6.543863783399469017e-03
-7.436262793744324515e-03 -1.225280496034931652e-02
5.753332386328524617e-03 -1.288523681381903256e-02
1.070689984239394515e-02 -1.063756549142651827e-03
8.457961662663980931e-03 6.898711624070475931e-03
1.373460401837426140e-02 5.136655775307793180e-03
-1.465425536393381162e-02 -1.011755925935684496e-03
-6.201907396510289655e-04 -1.488635549080247547e-02
-7.325710476472272262e-03 1.144571705334658518e-02
6.303173882022509306e-03 8.754856482698514936e-03
-5.804763408866381834e-03 -1.922298479999143316e-03
-5.168167399444867360e-03 1.312360101098037843e-02
1.299519573787444142e-02 5.641490196353204402e-03
1.153319215886069657e-02 -6.453036875196962313e-03
-1.326200338432737685e-02 -1.238402475834814685e-03
-5.775031668723494245e-04 -1.363249214913234489e-02
-4.119425857705472094e-03 2.968660253001752930e-03
1.187418928278559252e-03 1.456651948426300990e-02
1.126967277269685496e-03 6.497437221603611333e-03
4.752055343261971619e-03 4.714563524161747600e-03
3.810560582564500708e-04 -1.104415096987390252e-02
-1.297684735053470251e-03 2.826653170918555936e-03
-1.134632941207761730e-02 -2.674093343925675482e-03
1.501132057082487465e-03 -4.895185793416466889e-03
9.131726499722568613e-03 8.436834432123755875e-03
2.546728002614611058e-03 -9.601545369247255560e-04
3.846397381479959264e-03 -4.303450460685851776e-03
-5.860222736087372913e-04 1.888128269448457021e-03
-1.327991873205687382e-03 -1.281759049386195330e-02
4.647640010293110739e-03 -7.972136485135518022e-03
5.826833790904731476e-03 6.328471134851011877e-03
8.710185476409368181e-04 -7.278141729912653880e-03
-7.004649411632401720e-03 -1.285622742324693708e-02
6.659162917069096597e-03 -6.940494024624424205e-03
-1.089869639974420934e-02 -8.334969629169656710e-03
3.625690970641175064e-03 -9.158405703566034964e-03
-1.029212276142137464e-02 7.954825827976068353e-03
2.869372505973288683e-03 1.359849450855753379e-02
1.568595074583768517e-03 -2.918674821493828699e-03
2.277008584482469872e-03 7.495641807715722367e-03
-1.338224101781975046e-02 -2.608847520120629367e-04
2.856473243457890998e-03 7.747571640802810959e-03
8.841941856962669960e-03 -4.374626799023033016e-03
