2.374737773668740212e-03 1.992641590028194996e-03
-1.082163113358277848e-02 4.495809116130639743e-03
6.682213026982397434e-03 4.171094468124466464e-03
-2.692682965845446651e-03 4.920310807808771919e-03
4.443057770090603521e-03 3.728168136182373558e-03
8.104296801050903110e-03 1.427352811176861580e-04
-8.999026535613412810e-04 1.072462220366791376e-03
2.797515159015216777e-03 -9.401271665848432921e-03
1.569065936268113082e-03 1.708224835214178141e-03
2.756961726813950651e-03 -4.996915252120491362e-03
-6.049100756387221049e-03 -5.859042587238582483e-03
-4.796127936458131381e-03 -5.329836471892622322e-03
-5.036670415908372014e-03 8.958345333905198132e-03
-1.589342652368175421e-03 4.939533716491125185e-04
-6.675315801649407688e-03 8.888765884433416989e-03
-3.539706503862087138e-03 1.729299819730347951e-03
7.493983821303551278e-03 1.020442092850129719e-02
-6.668163037306166357e-03 -7.652461747038063512e-04
-4.185144457800479834e-03 3.276364733564240527e-03
7.197369152652126519e-03 -4.877266452252820156e-04
-4.873658418689263278e-03 -1.348129674007853647e-03
8.098070074627072498e-03 5.750761781401637039e-03
-7.140243156025721967e-03 1.006513426004942459e-02
5.818489155037097349e-03 -1.644744342661781395e-03
9.072852866165975055e-03 1.477613233864273883e-03
-7.245745848105793543e-03 -4.121791734751386986e-03
-8.505999201871199209e-04 1.635995041488826594e-03
8.648478943991146778e-03 -1.750374804245157304e-03
6.281692203079252378e-03 -6.086077806416866076e-03
1.006261168530166172e-02 -3.435672579107063376e-03
4.903610473880330896e-03 6.785514314012553241e-05
-4.510912913230729487e-03 1.175442337697957338e-03
-6.793271946577359929e-03 5.917892890198002236e-03
-1.897484735949210924e-03 -3.028126760363980020e-03
-5.855338435551143842e-04 -1.013484147902924976e-03
-3.292139029573269531e-03 -1.085595783935907471e-02
-6.642713402204989542e-03 6.827470882848988773e-03
-1.972492643431436772e-03 1.152949577265221376e-02
9.596886062511961538e-03 -9.570254850482263001e-03
-3.047477438547133329e-03 5.367738395944737437e-05
-1.405836847286380357e-02 -4.770619654336730880e-05
3.047477438547133329e-03 -5.367738395944737437e-05
3.915703730582106509e-03 -3.110830161596226176e-03
9.868977133981403360e-03 -1.051680989316425459e-02
4.588315625957195727e-03 6.199787070262895335e-03
-1.117297699361751058e-02 6.159105868558324010e-03
-3.942207173107359700e-03 1.092103486874232594e-02
1.338326565413543601e-03 5.561374111161938166e-03
8.047457994812155443e-04 4.330402313667290615e-03
1.116065131027429470e-02 -6.299989073838548753e-03
6.665384923550652513e-03 1.290320285126591096e-02
-2.909244577517977517e-03 8.223721713302102523e-04
-1.131386019889773359e-02 6.171431551901539886e-03
5.547324121485925665e-03 -4.744174858831700509e-03
-4.074085538208020545e-03 -6.812622624758010031e-03
1.226836627433657359e-02 -8.242401892575614009e-03
4.772274838186449028e-03 1.235902070832452411e-02
-4.082962608882918787e-03 -4.235756537600819140e-04
-4.023984536419051954e-03 1.061860843356373860e-03
-4.858682391093838322e-03 -1.988266939442968981e-03
7.452759890191984135e-03 -4.059109510611235566e-03
1.258963230967579013e-02 2.731512091712554394e-03
7.862030015266722668e-03 1.116595199877893317e-02
8.427414912227582794e-03 3.024678147698165592e-03
2.829989788954048562e-03 -1.056304615833756917e-04
6.190622809189453082e-04 -5.093796412534775699e-03
-1.111961845144200135e-03 -1.189846800453479847e-02
2.180177184429069395e-03 -1.042510165175723324e-03
4.177991693458598527e-03 6.377647325574125128e-03
2.499718913434127113e-03 6.666438730973368865e-03
9.631212768289397486e-03 -8.366584763926253679e-03
-6.465651415309866569e-03 -7.315583164590501453e-05
-8.666903584253746184e-03 -4.139418106599239595e-03
2.100124127450394076e-03 -7.636719102421236569e-03
-1.748650497910998703e-03 -5.383513855852069263e-03
-1.130642024415910545e-03 4.925611496314551835e-03
1.327852957907791091e-03 -2.671480211825972510e-03
3.691989354567474894e-03 2.445243261061074824e-03
3.801196198322471902e-03 4.482270204465121487e-04
-7.576814992040462222e-03 -4.660673189186992187e-03
-3.456077064711790721e-03 3.496502727407250610e-03
-7.103138336491412151e-03 -8.691523299555262150e-04
2.063945345834134523e-03 -7.484180712707006475e-04
-1.488086841370025743e-03 8.399985431780632953e-04
-8.419591648974038278e-03 5.989196646005084078e-03
-1.745201885245184058e-03 1.146416320426301089e-03
1.510886132218993913e-03 7.533738985090071040e-03
-2.800165503267426723e-03 1.018229213656377148e-02
1.410109747860301133e-04 -1.136926188919019920e-02
4.618267681148263346e-03 4.919512539395167437e-03
2.277856613256959081e-03 4.130541035922981330e-03
-3.943803709936853294e-03 -3.700866425242373137e-03
-6.201511376597053718e-03 1.323350537818119080e-03
-5.708484042867352677e-03 6.958678749039567610e-03
-7.415782840163480556e-03 4.481759126453266351e-03
2.975407065719786609e-04 6.646162014871944551e-03
8.844763839564975111e-03 4.549742039097836796e-03
3.992308174893825952e-03 -3.046551400627721742e-03
7.840955030753056498e-03 6.057179558648513942e-03
-1.319103656736197398e-03 7.639369446674807405e-03
9.632553766104339117e-04 2.896918894174762074e-03
3.432670577743605640e-05 1.203670086556008888e-03
-2.288457990266015273e-03 -1.006459153064128559e-03
1.049586267815274913e-02 -6.596731511994420594e-03
-8.272609486774430004e-03 1.172578066822604209e-02
1.112089614648777494e-02 5.415317986881742346e-03
-5.731411103219624312e-03 9.941877426618197372e-03
-5.994625104014167892e-03 4.499385498302260408e-03
-1.232696103829026245e-03 -2.731384322209250495e-03
1.326128651573632491e-03 -5.936445299965047856e-03
-1.268332156039917152e-04 3.418173976763875556e-03
3.111756199515637762e-03 -1.302818282711666002e-04
-6.930163809784550214e-04 4.248497180850932704e-03
9.888327812162757326e-04 -8.673002541180637164e-04
2.859941844146258495e-03 -1.385904992452464696e-03
-1.120040647406854136e-03 1.801529613455699281e-03
5.873890845329561225e-03 4.667698184025788170e-03
-5.537648782394920602e-03 5.666078534827263813e-03
1.129715986496499175e-03 -8.796259374612790507e-04
-1.601668335711390646e-03 3.530701663688889675e-04
-1.014410185822117770e-03 4.631519402410889941e-03
6.963372241409662017e-04 1.363836920127420131e-02
-1.170141649193319738e-03 -6.072953854658903403e-03
-6.937731534029205338e-03 1.075722460310982870e-02
-5.299756647198249938e-03 -7.841082800256360397e-03
1.083395681692599435e-02 -4.354925910850415867e-03
-1.198739813218973119e-02 9.067998788954735601e-04
9.420750113534890127e-03 -6.715613694841782687e-03
1.246372513198984976e-02 2.103700509622014742e-03
1.808426838789831126e-03 1.417990099996337822e-02
8.769755932077088643e-04 1.910736457210696071e-03
-1.437858070078895569e-03 -2.642454194552955153e-03
-8.390437862197936900e-03 -2.602028531857495264e-03
-1.186043714708155845e-03 -1.386831030370515609e-03
-8.060166986678015885e-03 -9.374097724414238303e-03
-9.412543541762129727e-04 -1.834132012898976845e-03
1.796356694454365795e-03 -8.674854617011734312e-03
3.758790690283742193e-03 1.294455455188214116e-02
-2.009150851668053267e-04 1.392981095092679644e-02
6.885522917394804911e-03 1.217413545817585922e-02
1.465357765550992508e-02 1.983094020441854288e-03
1.591992996621745607e-03 -1.274973842363309306e-03
-2.873991833822490873e-03 -2.019943300968195417e-03
-2.073620684926282334e-03 -1.734856047235010072e-04
1.124865540001117846e-02 -2.048841548735406103e-03
8.126968322392047559e-04 1.987340901522415514e-03
-6.132730195538877924e-03 -7.626245494916627024e-03
4.475660169533881086e-03 1.666873134599306232e-03
5.842342253310140593e-03 -8.673928579092542168e-03
4.219343394073470435e-03 9.284241558839893133e-03
-1.868458718676412793e-03 -2.624157323797960241e-04
-1.021818489175612635e-04 3.699940387324322007e-03
-2.324636771880913937e-03 5.881841878087550220e-03
8.216026219555023005e-03 8.721634775637050058e-03
-7.862285554275833671e-03 1.154792041291481317e-02
-4.005208239031450568e-04 -1.025717227454133254e-02
-1.111997010856836422e-02 -9.461303545735015239e-03
2.878366484408858769e-03 4.503887918391932636e-03
-7.316251335498128588e-03 1.562839209844282470e-03
-3.507104104418809574e-03 -3.319951818527191578e-04
-1.310892270192005014e-02 -3.373597835444437469e-03
-4.621555311345775831e-03 -7.222324452002698743e-03
-5.520984515805884597e-03 1.317442546555040554e-02
-1.286205719867280009e-02 -4.664417903395192549e-03
-2.101293540262192793e-03 1.290448502959987923e-03
8.637534875482594937e-03 1.156771458435251797e-03
-1.360017209361311270e-02 3.334978404784500784e-03
-3.963674328473507980e-04 1.128890854420438843e-02
6.622064869418502024e-03 -1.161961280385449824e-02
5.289647535698651856e-03 -2.073710592531233157e-03
8.459705881152379883e-03 3.135527416894236512e-03
4.711579577120574881e-03 -6.998110743266942012e-03
6.632559853795893905e-03 -9.404746961847770120e-03
-1.648289266350206912e-03 -9.050770332056246731e-03
6.221051189236017492e-03 3.646018237432218853e-03
1.437762235597950938e-02 -1.713939341953280623e-03
2.399456639905389425e-03 -1.385598239776550909e-02
1.207230128198797173e-02 -2.091966099913137450e-03
4.978880344065014958e-03 -7.336469047547935184e-03
-3.938590355132155080e-03 1.228790837507320183e-02
-1.670874745542936341e-03 1.056356082336422711e-02
1.560336934931057977e-03 6.871551038428275367e-03
8.611245543131088725e-03 -3.048345451857940001e-03
5.622990375446752998e-05 1.399927969358902465e-02
-9.789098342841385039e-03 8.914343586671313879e-03
-4.026088210170628880e-03 8.566395157934612523e-03
5.637171130757038726e-03 1.044622146885259249e-02
-4.548818421106748042e-03 -8.753011428455506962e-03
7.951634811704064165e-03 -1.129784516271072244e-02
-8.587963093510272983e-03 6.440970407888955106e-03
4.905591779945922895e-03 -4.926534595550883557e-03
-1.136166499263823701e-04 6.357008882209778250e-03
1.327817457852582816e-02 -5.576351847882089416e-03
6.423904366716816014e-03 1.232688311192661583e-02
7.629587965798559357e-03 -7.809131622162740136e-03
-4.752177998795973669e-03 1.229811877212413918e-02
2.650084813353302711e-03 -6.978271717614063091e-03
2.390512835306334103e-03 -1.457590763392862913e-02
-3.463693806466938262e-03 -6.415914964917669196e-03
-5.680851488771875187e-03 -5.721704381487421713e-03
-2.356721843891864364e-03 -7.562056750495656232e-03
-5.497884679594717931e-04 -1.355335754502912972e-02
-6.590326964700164887e-03 -8.588489155254922999e-03
1.079731717721326735e-02 -1.647032907493479331e-03
-1.014664671255376127e-02 -2.975716546177654097e-03
5.664679550274279857e-03 -5.139071850348752614e-03
-7.431274471182209435e-03 -2.326142670739330027e-04
-5.224077665803670591e-03 4.944690623162474596e-03
1.006152116697753632e-03 1.405102742966904579e-02
5.516676708864675163e-03 -4.624236819275383097e-03
6.540793647746204371e-03 -1.108977924917291594e-02
