2.111523772874197499e-03 -3.449850338287741534e-03
1.413669722350968140e-02 3.376950045650946655e-03
6.453197962461987638e-03 1.128920883221130184e-02
2.506871677777369745e-03 -2.987573328163855343e-03
8.196803310876316778e-03 -4.479108782200837829e-03
9.294842935848949758e-03 -7.343425276932323206e-03
1.770779289849884648e-03 -4.910635468717766856e-03
-2.344785718477672594e-03 -3.272916120895923327e-03
2.091374826277438842e-03 -1.260460833727121421e-02
1.314256375378762727e-02 5.806291241198547129e-03
9.585230878077687089e-03 8.956748797076845986e-03
-9.844197997790307686e-03 -5.583599021209209590e-04
6.698115092497233976e-03 -5.150283561639215461e-04
2.214503890206505343e-03 1.611599213802857814e-04
-1.513536476470061110e-03 -6.752718514376093370e-03
2.121997380379949793e-03 4.783003984700169575e-03
7.795228679550455370e-03 6.666407079578664033e-04
-1.944935393484828121e-03 -1.168363069919506336e-02
-2.262880585660173235e-03 -4.770678301356954566e-03
2.367712778831304685e-03 2.897174433184358799e-04
1.123489260072668564e-03 4.728400562822671072e-03
-1.458134786178957908e-03 -4.402759876896649273e-04
1.848852501486652122e-04 2.113248079208355883e-03
-2.667903829661640285e-04 -6.154858987473243179e-04
2.594875767514253501e-03 1.263574196939286874e-03
-5.659053539989827852e-03 -3.834724635685160619e-03
5.178064699207958477e-04 -5.439841584063727017e-03
-1.247672131424450766e-03 -2.091247056774134944e-03
-3.105529473091807151e-03 -5.477744672012783630e-03
-2.494545994434154302e-03 3.128456533444078785e-03
-5.983225458590364469e-03 8.686254262435756310e-03
-1.217400768867255532e-02 -4.471413288451958970e-03
-4.543515312674006185e-03 3.236737339281024230e-03
-8.366712533430699025e-03 1.725723437558726852e-03
-5.242758420076293335e-03 1.309326102041590695e-02
-4.966037159013218143e-04 -8.083221816528366431e-04
1.408832052805487206e-02 -1.232568334324361456e-03
1.056624039604178028e-02 -9.244262507433261694e-04
4.470487250533908274e-03 -8.128022129818140984e-03
2.607201450857468510e-03 1.404457402219510317e-03
5.494828314460224999e-04 -3.455151026792379135e-03
6.120532281698966813e-03 -3.871573916210360733e-03
1.905307999202754572e-03 1.204200155406722969e-02
1.034610240219626699e-02 -1.953588576544176142e-04
-1.130140674605007237e-02 -5.044621448666361876e-03
2.137899445894786334e-03 9.688116041178178144e-05
1.657197795508300519e-03 -5.397563845529443523e-03
1.208507756101762087e-02 4.266251322203231527e-03
2.025243989471472560e-03 -4.436032775251807538e-03
-1.826180980142129732e-03 -1.401807057967301021e-03
7.302201345820755196e-03 -4.968687503263581259e-03
2.110597734956146370e-03 5.961352205666736737e-04
7.321552024002766189e-03 -3.124880151272457253e-03
-8.627978340272504740e-05 -9.861824369640664369e-04
-3.855927389704634761e-03 1.190721730570639195e-02
8.164009839154908604e-04 -1.419660133389181837e-02
-6.961329093291776689e-03 -4.927463572152014984e-03
-1.680923124275538177e-03 1.069811876113221190e-03
-1.046233424079005998e-02 4.894509515580795084e-04
1.121777730689955781e-02 3.277418540986956012e-03
5.744535054977805560e-03 -2.490043574343122051e-03
-6.446172967624551678e-03 -9.586284685501544889e-03
-1.483712190784799729e-03 3.323943160603161188e-03
-9.227786061123571457e-03 -4.871135843940358097e-03
4.515478636090220280e-04 1.408567018380266211e-02
8.430991294399201724e-03 -1.802327881870446295e-03
7.417379376991832703e-03 1.014014216753279275e-02
-9.933352013073082007e-04 9.740291842539949146e-03
-4.887804526491393818e-04 8.205552612049270278e-03
2.852916849307462512e-03 -3.088829139163365260e-03
4.021206422662177218e-03 1.107609583320458627e-02
1.035485170335785025e-03 4.772530377195292883e-04
6.588908248742237836e-03 1.481987884450641346e-03
5.151976216583895735e-03 -5.206451868956948024e-03
-1.277636963566191816e-02 3.247210946786777824e-03
1.557538521338502988e-03 8.878292276927664262e-03
-7.581317412130133583e-03 4.212318399236034475e-03
8.854439178655981041e-03 5.471645715093399233e-03
-3.671201560451211286e-04 -5.007516629132050326e-03
2.427489119708776000e-03 9.086104587428599916e-03
4.238821841759926774e-03 -2.288872950171067649e-04
2.496398070271617885e-03 -1.122042765115176602e-02
-4.206219442316650077e-03 -1.832407706565960127e-03
1.265170733767639021e-03 1.202702552647180560e-02
6.935879458191741322e-03 -2.665253485402142332e-03
3.838971516767082735e-03 8.181827283282034138e-03
6.905001365080119802e-03 2.661006604320219349e-03
-7.639241677170143484e-03 -1.267603986258181853e-02
-4.002781782399577812e-03 -5.186302922360189367e-03
-1.749576535830410506e-03 -1.337528296998796804e-03
1.404339244526837949e-02 6.878434619784828605e-04
-5.313934406378928096e-03 1.100051121711046950e-04
-1.267498605515910391e-02 -7.763680087529893289e-03
2.483657427035644051e-04 -5.274307012097072256e-03
-1.049662929517823206e-03 7.473834874706793488e-03
5.401938496114669537e-03 4.141142412933398846e-03
-2.180177184429069395e-03 1.042510165175723324e-03
-1.294892920246736717e-02 1.274846072858644951e-03
-5.414264179457884546e-03 -4.282025618213621855e-03
-8.722305274547351508e-03 -1.045186063328545044e-02
-1.178283754232874528e-04 -1.432780920008103545e-02
-2.449617911646301271e-03 1.208044737142376784e-03
3.383847270985078717e-03 -1.076836870953159272e-03
3.954277317441464573e-03 1.193372074823164514e-02
1.433483419491983143e-02 1.585095771287613545e-03
-7.933461540585540032e-04 -1.435335495324327926e-04
-8.676706692849197461e-03 6.295614423253322739e-03
2.597526111766462580e-03 4.825537262239483136e-04
3.595235963658997228e-03 -6.773793498890902723e-03
3.924453031755060876e-03 1.857059073253751469e-03
9.201793696614036198e-04 -3.274640427230081710e-03
1.250194706172214065e-03 1.266716279190692115e-02
6.137104846124103938e-03 1.011019011234172427e-02
-6.145183648385397698e-03 3.589807505649913414e-03
-1.396321161878504025e-02 -5.450570730578589013e-03
3.917428036916264025e-03 1.541349265428502546e-04
9.330893947960543222e-03 -2.874790102237237670e-03
2.919047686113429227e-03 -1.125740470118277367e-02
3.727242098262961972e-03 -3.970722112373308455e-04
7.942210841750063643e-03 6.403224730178825284e-03
2.341879835215257902e-04 2.676780900329249653e-03
-2.387989494931367241e-03 1.912460763544854671e-03
5.449644692659178294e-03 -9.917226059931767354e-03
-2.261284048831821089e-03 9.851222992629103670e-03
7.140913654932644827e-04 8.602752592781256341e-04
1.207552999142991884e-02 -8.012588559639093055e-03
-1.313675198727113583e-03 -5.279607700601492148e-03
1.835856319233135229e-03 2.323710733962863241e-03
5.851889822895340286e-03 3.604911302750002725e-03
-9.747827915389021235e-04 4.273148547537363590e-03
-1.227618953759011637e-02 -7.714729011276373963e-04
1.077060409387575919e-02 -8.324307025390607559e-03
-8.303232040870575821e-04 -5.661831653744637399e-04
1.315674151296830456e-02 -2.144796671228917963e-03
4.021334192167984323e-03 -2.808403726423959728e-04
-1.365085546949972115e-04 2.496270300768313119e-03
8.633502916395720955e-03 -1.110237538810041752e-03
3.398823298581863696e-03 -1.716974136387132942e-03
3.869977379382008153e-03 -8.501369012287091423e-03
-1.317781649748447567e-02 -2.963975768901282691e-03
-1.497602759542457579e-05 6.401372654351154433e-04
3.417247938844463102e-03 4.172818774457263957e-03
-1.089960822709979196e-03 -1.083568112325901042e-02
-4.724824180651050406e-03 -3.703516769495943106e-03
2.839792897549500705e-03 -1.054066299143593781e-02
2.897046663680568311e-03 -1.232019158245741680e-02
7.017656821500493653e-04 7.193920539979021915e-04
5.855338435551143842e-04 1.013484147902924976e-03
-5.246877531652408347e-03 -1.210455600870293663e-02
-1.453827185483554281e-02 1.768799444507757578e-03
3.411148981923937257e-03 -1.576090931105548609e-03
-9.546529521715025127e-03 -5.269134093095739421e-03
7.446405394263489602e-03 1.290585319551833601e-02
-3.759972267211608189e-04 1.381530341867238465e-03
-1.008898735832110954e-02 -1.110589195938201795e-04
8.437888519733333786e-03 1.125753247068607757e-02
-8.312109111553200522e-03 7.272153172514454061e-04
-6.647886321206103802e-03 -2.967424381567096685e-03
4.100716750236578501e-03 -1.235451828823485101e-02
-5.676807681342126675e-03 8.943369306310915492e-03
1.570640375297630096e-03 -6.316212800074686058e-03
-6.528613464540958602e-03 4.917301421178433933e-03
-4.605794413818862718e-03 -1.293786151872280618e-02
9.227772568440902393e-03 -3.085099020788553497e-04
-7.045788595244313786e-03 3.748129280371687347e-04
-1.050462032377664189e-02 7.080813470381595691e-03
5.435650128233837164e-04 -1.421068777177792244e-02
1.007083523501996897e-02 -1.038709035839924071e-02
7.068836055295105517e-03 -5.259307553813058304e-03
-6.214792260225387695e-04 5.321858012893350073e-03
-2.352342282530495848e-03 -9.627656443373029324e-03
-1.147416175314099410e-02 -2.357337024810395639e-03
-7.985895128865053844e-03 -5.890279912493589370e-03
1.244056343444900452e-02 -5.012005897827079975e-03
-1.199116551274240390e-02 -4.856310621840987524e-03
6.652398523595837165e-03 -8.320557022842236042e-03
1.326538212443705012e-02 6.740930174941778307e-04
1.297369929761479565e-02 -1.570246295942896676e-03
1.307494862143903681e-02 -5.697514917837053633e-03
5.142650542758421886e-03 -6.768643374313410531e-03
7.154079147282056163e-03 1.057701243538194773e-02
3.838191675711279376e-03 1.420730306039054078e-02
-1.431126972089381659e-03 -6.677792398611193635e-03
1.349333185135069687e-03 -7.299865593310742549e-03
-3.996201596751234805e-03 -3.284630746547309403e-03
1.086957987133319210e-02 1.098079151209889080e-03
-1.079139129703711106e-02 2.670211920937069685e-03
2.814479390402900918e-03 -1.589553381464752857e-03
3.328366992623969269e-03 1.127804382886492089e-02
4.328060623321418679e-03 -1.178767980571897300e-02
4.243448406410717938e-03 -3.037917175358823604e-03
-8.425528896882800503e-03 -1.031531654905220967e-02
-1.099985383066711016e-02 -2.520190359542066969e-03
-3.949454012998115417e-03 1.240909954140561981e-02
-7.287032548327572294e-03 -2.553148881099658388e-03
-1.062876772242585949e-02 3.859936125566545018e-03
-8.024551410910267177e-03 -3.644217706778619947e-04
1.227745609136886252e-03 5.976202384019602479e-03
-8.481770157506276706e-03 -9.046676707577007426e-03
2.409539548173013029e-05 7.011397390528752507e-03
5.800840465496583803e-03 7.565326504079235639e-03
-2.240690822967598191e-03 7.461765805713464240e-03
5.540721289675247518e-03 5.732382796444879941e-03
1.246839142612255445e-02 -4.000441564257046882e-03
-2.850063832445601936e-03 -8.325611471334724845e-03
-4.264512516066039545e-03 -7.695755725494206681e-03
-1.431775268000567113e-02 -4.356766709977230416e-03
-1.078681183002017270e-02 -3.202482054867322476e-03
1.287340845960897005e-02 4.151299931886506117e-03
7.523294046027915669e-03 -4.385011102923940494e-03
-7.061398366352499532e-03 2.170039457514365115e-04
