5.040582047533782514e-03 -4.451407937054714312e-03
6.555970599843808679e-03 -5.790660540386528485e-03
2.014977861917566226e-03 8.021992534027282823e-03
-5.722534032544155345e-03 3.552830455619587074e-03
-8.534769680145114917e-03 -9.119633024791290801e-03
-6.233187738121709863e-03 -6.613400194539088145e-04
3.305183270885411924e-03 -1.374002414647983519e-02
-3.060729159809189200e-03 3.958779737531816813e-03
5.049794367666333821e-03 -1.506511481632625800e-03
-2.993927824088705439e-04 1.445809102835062237e-03
-4.219008144618318842e-03 4.970186758034358943e-05
-6.476252792315764263e-04 3.050926051220236414e-04
8.741783722233237991e-03 9.387317794291301191e-04
3.093666808708188214e-03 3.313868687304672572e-03
-8.760336131999712020e-03 4.528411515573916440e-03
2.004376484907148710e-03 1.114607441688499241e-02
9.952478803627253998e-03 2.607329220360771974e-03
9.262783265813592836e-04 2.474269278333412168e-03
-7.139987617017182556e-03 -1.264873815164364000e-02
4.714222803640633758e-03 6.827598652353653562e-03
-3.570919846427717068e-03 -2.278383516968887548e-03
-5.527845673800609906e-03 -4.768953995023938498e-03
-2.414365167951384918e-03 -1.634270735155348656e-03
4.837669544822492630e-06 4.609518379972101692e-04
2.839537358536307790e-04 1.217320942025438158e-03
2.453529543273643820e-03 3.298892659708567605e-03
-5.084456322898349770e-03 -9.031102031344299605e-03
-1.011169053105647614e-03 -9.529430053577958235e-03
-4.897048498001921150e-03 3.658061782996840754e-03
-7.098300666945229175e-03 -4.082004919571747062e-04
1.730225857644754426e-04 -5.062790549907478449e-05
-3.622872924052216326e-03 -2.060895867375122335e-03
2.001390891199788906e-03 2.593151461180094684e-03
4.898309785375122571e-03 1.629896084568980543e-03
-6.636023656821914141e-03 -8.035483968596660725e-04
-1.919821007838011864e-03 -1.342485706806068393e-02
7.647192709926990163e-03 1.033297845043830605e-02
6.019148701196152564e-03 7.139317118106310381e-03
-1.060599555982601498e-03 1.263973331146089549e-03
4.946814250334596701e-03 -5.117521741301332694e-03
3.655938342455880563e-03 -2.023391913634009845e-03
-6.931840057059163694e-03 -4.184745323593215723e-03
-6.117291148983067597e-03 -1.028937553977780743e-02
-4.038034526096426213e-03 -2.343987450062925797e-03
2.160363487287461463e-03 -8.633247377389598231e-04
-3.390201766915153583e-04 1.804179957707908576e-03
2.416887742699719809e-03 1.221018647028745269e-02
-1.148158209615835965e-02 4.660018515970617073e-03
-1.073787392492781684e-02 -5.093924182038080464e-03
-1.186378964162735847e-03 -1.072077445679143343e-02
4.761801230680695433e-03 4.126166385336613868e-03
-1.393776198368364312e-02 2.142146326976708016e-03
2.948903623261359087e-05 7.427182485587988277e-04
-6.946816084655948673e-03 -3.544608058159242486e-03
-2.444444992646327593e-03 1.100294000155982443e-02
7.079285238219728930e-03 7.898336566387428870e-03
-8.276393348897327640e-03 -4.138092934473025335e-03
-2.325898059255476248e-03 5.938840105205863903e-04
-2.572874745080032128e-03 -2.007873156635014283e-04
8.018352267102757738e-03 8.490496270574536888e-03
-1.272740215174341695e-02 -5.523199658510742800e-03
-6.969743145008221175e-03 -5.614093805806131578e-04
-2.251017921276554732e-03 -2.606802316648843942e-03
7.928831350989574978e-04 2.166526328960320571e-03
-5.427978919679537356e-03 1.646069514786634765e-03
7.184915699803674262e-03 1.072832635534079655e-02
3.195385638666153189e-03 1.636921079408238397e-03
-5.193790936158581423e-03 4.322850415116563996e-03
-2.438633226119605625e-04 -3.598684576325492102e-03
1.685760793820931637e-03 -6.088600381166912488e-04
-5.921932291328649116e-03 5.672686241845956157e-05
-8.747882679145248079e-04 -6.687641484988274612e-04
1.213808444606039949e-03 -1.135415809209081332e-03
-6.828732170224121809e-03 -1.193067126977127163e-02
-2.693481234260193449e-03 -2.390639839183576754e-03
2.151614186115867987e-03 -5.831213972587795044e-03
1.154539783816647958e-02 -2.713630180856271661e-03
-3.102671648888321969e-03 1.443211448953955756e-02
-1.167283824991195013e-03 1.383690530689229634e-02
7.433281442506668377e-03 5.454019343244404308e-03
7.243686292316485302e-03 -8.477116779807924649e-03
6.344917156625040459e-03 9.240239513971451255e-03
1.449818144159387145e-02 6.125641897922967996e-04
-1.563302228803308252e-03 -5.293258556070921418e-03
-1.294787539503556564e-03 -1.412807569183840550e-03
1.306469802210270467e-02 4.540546126642211813e-04
-1.028447398548076180e-02 8.997748840562152725e-04
7.818155739904087895e-03 -2.316557969619621044e-03
1.015856680779539216e-02 -1.527586466147434936e-03
-2.571150438745873745e-04 3.064177772475574569e-04
-5.827238456209480125e-03 -3.323144892188875828e-03
-2.765711027986115719e-03 2.902601727233669431e-05
3.821009895463508242e-03 2.690415930104292017e-04
4.330274544162624958e-03 1.055219040636440689e-02
2.786322993541328133e-03 7.102739202284609477e-03
-1.223298576113585057e-02 -5.956849785569096056e-03
4.259098557859989330e-03 -2.431065501880397099e-03
1.361716644725630750e-03 5.551826541579242113e-04
-7.783701264617685911e-04 -7.836708149664062999e-04
-7.219497944589650489e-03 1.078187596979626045e-02
-5.361385063914545293e-03 -8.545498826659978647e-03
-1.404201863211979864e-04 -2.010667096083992161e-03
3.546731498700883556e-03 -2.637567301944695325e-05
6.592356861408622121e-03 8.011918060728331903e-03
-4.811231733558221126e-03 6.667236999388114795e-03
4.420002940232525867e-04 1.806830301960798534e-03
-8.169836849393969855e-03 -5.354088704372929677e-03
8.246904312664712910e-03 3.395374685914227374e-03
8.851788834402411071e-03 6.252666185807596345e-03
9.566934007314527918e-04 -8.289980319615237667e-04
3.429318083182869657e-04 2.702757439143716259e-03
1.290526240705464588e-02 5.933523591009340001e-03
8.606536454912014009e-03 8.722959947762584307e-03
-6.966166762837960533e-03 -5.388415410150366493e-03
-1.282461856160912062e-03 -1.271924363902936662e-03
8.848212452231359396e-03 1.107967221537552865e-02
1.975015218179771229e-03 -9.535800375201085354e-04
5.873427826370535877e-03 6.690690963452995341e-03
2.980548333325849092e-03 8.039475310682908573e-04
-6.911643051332660103e-05 -3.843473936854909434e-04
-3.794634222443490565e-03 3.277689905689773909e-03
-7.046347589321299773e-03 -6.256881415502590395e-04
-1.053052463338590566e-02 -3.940882000981145439e-03
-1.348464923463003938e-03 -4.460285007730973444e-03
-7.860305708934495900e-03 -7.900986910640318828e-03
-6.819519850084414334e-04 -8.985774814346655839e-04
5.457930974871176566e-03 -2.926344045655043108e-03
-8.631650840558830265e-03 -6.981733578896965470e-03
5.445477522023295901e-03 8.289708954910355448e-03
-2.305621343155414126e-03 -1.608294196342703944e-03
-3.073390092607554934e-03 -5.516046894168643785e-03
-7.896021471589008758e-03 -3.035678658914704904e-03
-2.999899011507070785e-03 -2.647754883057593187e-03
-4.010732815156996083e-03 -2.843241510215995579e-03
1.395117312583655112e-03 5.804838299567205775e-03
1.405383440138921903e-03 -6.653187009710741402e-03
1.076530340537112246e-02 -6.762266083962433644e-03
-3.170734271978933004e-03 -1.355154668845969185e-03
-1.129126838800061268e-02 -6.145710552097326598e-03
-4.491530583664951094e-04 7.847181757176425673e-03
2.006691579704997664e-03 1.031110519751239239e-03
7.343680815946876037e-04 -1.341902947584023035e-03
-3.210361666261006552e-03 -9.967838139738032909e-04
1.513201227015481543e-03 -2.581224912044823797e-03
1.308039260766183376e-03 -2.492294784389208900e-03
-9.439046984292254888e-03 -1.053111542184891579e-02
-2.180177184429069395e-03 1.042510165175723324e-03
-2.292706035363252515e-05 2.983198677577487447e-03
-5.152311466038474001e-03 -4.127491557463969576e-03
1.466682937677312240e-02 -1.922008333131876474e-03
-5.305520354661912887e-03 -4.256049079400977576e-03
-1.939762474484284151e-03 -1.888735434778297459e-03
4.891747809496141235e-03 -2.096020841567305514e-03
1.139391325587504888e-03 4.227773853428316939e-05
-3.060266140848802961e-03 1.935786958105751090e-03
-5.034355321110523494e-03 -1.156618563228555474e-03
-1.097113587052650670e-03 -1.181669064122468395e-03
-4.070173906580677563e-03 -2.305685227907066075e-03
-7.378166942610731895e-04 -5.188027228693667739e-03
3.751893464950182156e-03 -1.153058006750618501e-04
2.186866929812715087e-03 -8.673529444885058615e-03
9.175290254097652649e-04 -2.493619956515423161e-03
8.479367989853442075e-03 2.807190498105543129e-03
-6.911643051332660103e-05 -3.843473936854909434e-04
-9.167418931781268557e-03 -9.454677685104382820e-03
2.213114833327497685e-03 6.230138259661446506e-03
1.185572724704148963e-02 2.050422259870511923e-03
4.473009825282242731e-03 2.447893605313965215e-03
5.983225458592867892e-04 -8.686254262435975319e-04
-3.698551330445884640e-03 -6.171160187198041110e-03
-4.307012234355202598e-03 -4.201445657522798194e-03
-1.012095091025058766e-03 -5.483444494724685342e-03
-5.223615221844985120e-03 -5.753811259861328804e-03
5.900059038398302799e-03 -1.247644994954168890e-02
6.524629487777596198e-04 1.558592328763283553e-04
7.396895180939923320e-03 -8.348559257870917516e-03
-3.361255460087956941e-03 -1.124030523304570678e-02
-9.568993563107700689e-03 -4.308928194944997708e-03
-4.682546442116766912e-03 -4.842908095083447995e-03
7.461972210324534574e-03 -1.114213055189145971e-03
1.086689446582385192e-02 2.917722513987434409e-03
-2.391438107597752827e-03 -4.617469412732835669e-03
-2.300320654650204934e-03 -3.170335137771559605e-03
-8.153934783879704037e-03 -1.004021152866063984e-02
7.986675905578891760e-03 6.505805713304331321e-03
1.569065936267542358e-03 1.708224835214858369e-03
9.314065844526297697e-03 5.857318280904423233e-03
-2.173024420085827198e-03 -8.611501893961500884e-03
2.827211675197745418e-03 1.203232621497690377e-02
-5.940356931591249390e-03 -5.833066048425938205e-03
-2.277393594296002119e-03 -6.153533815349727931e-03
3.513458600347304757e-04 -1.663296752427685351e-03
4.078923207752271907e-03 7.273574462755900971e-03
1.247672131424450766e-03 2.091247056774134944e-03
-3.132831184029875957e-03 -4.978490611858571967e-03
3.014412020142898802e-03 4.030610397050365251e-03
4.935622084860708490e-03 1.138648912683170970e-02
9.039915217267546765e-03 -5.795035190972895947e-03
-4.793477592205922302e-03 -6.110856942607961750e-03
6.304826743383370839e-03 1.162160314827150563e-02
2.133524795308418438e-03 -2.387063457011955655e-03
6.808710993132599532e-03 -8.581022935058501763e-03
1.105862888224815738e-03 6.149558298970623713e-03
-4.426692685615381609e-03 -1.043728373989682642e-02
-7.814116338773441015e-03 -4.533440839376198447e-03
6.734501354063978165e-03 1.328755024495139984e-02
2.805801441227785773e-03 -2.410389651572390421e-03
1.060136537023576150e-03 7.590194482811179469e-04
-4.000131438147939457e-03 -5.967323393074847916e-03
-4.680949905287054742e-03 9.778993198903752557e-03
9.853075068466566819e-03 -5.830687068875866144e-03
6.683937333316555818e-03 7.436059556263543112e-03
-1.040322839882210082e-02 -9.382048757170404971e-03
7.363701993032384027e-03 7.092664728985660291e-03
3.728966404596549197e-03 2.867892876902425597e-03
1.077922562554405050e-02 8.000518415304989917e-03
9.013076525288503740e-03 -7.318773910245892321e-03
-5.462640874912123162e-03 -8.891543998189610845e-03
-1.774690921475866089e-03 4.036980718679638062e-04
-1.679534067397671967e-03 -4.999166462166578645e-03
2.763060683732545750e-03 7.519944534418600930e-04
-3.046934709146503512e-04 3.007850044264598344e-03
3.153570919090895042e-03 7.533196255685358986e-04
-1.017060530073756342e-03 5.412539873125548490e-03
-4.252871831436729443e-03 -3.176960998402872469e-03
-2.720910714694410094e-04 9.465550426819924548e-04
3.912590367371442807e-03 -3.068169114543600230e-04
8.792810761939114095e-03 4.767229688690460127e-03
1.088843246929904751e-02 6.003502174690426157e-03
9.352894970394194304e-03 -1.812003220960771346e-03
2.099996357954816853e-04 3.720217103427372082e-04
1.636458060448642109e-03 -1.172392859238265139e-03
2.127298068885158985e-03 3.220963043271314347e-03
1.009907765731875035e-03 4.241472186012817600e-03
8.301970753502597652e-03 3.738737861808802063e-04
-9.985081203072814458e-04 -5.460342187749839520e-05
5.220166609178599967e-03 -7.761189164163617531e-04
9.509089452724992994e-03 6.869477256681134382e-03
-2.347436062729310949e-03 -2.491895650181264778e-03
2.964183248851197036e-03 7.513063134782064362e-03
-7.918022494023228830e-03 -4.098465540190490350e-03
-3.679200652263873647e-03 -4.327352835206917103e-03
-9.199558312266091498e-03 -9.416375462947842653e-03
-6.248499015172284676e-03 -9.355146180439029985e-03
6.105093235143726343e-03 -1.208443871349859904e-03
1.786585237254058670e-04 7.721274579491626752e-03
-3.108642836303041578e-03 -2.673731421870237466e-03
9.906624682920778246e-03 8.573726575517569629e-03
-2.593151461180094684e-03 2.001390891199788906e-03
1.136084783747296455e-02 4.507065166355609179e-03
4.840129981326002535e-03 7.455410234444874093e-03
-6.995783568573877426e-03 5.225802547137598127e-03
-3.022363052900316639e-03 -1.687548984906171463e-03
-2.615152483614315623e-03 9.386040099240034601e-04
1.672046053599279261e-03 5.319235094883565697e-03
1.960837458999093504e-03 6.997507874907355797e-03
-3.551569168245706076e-03 -4.345761649777631075e-04
-3.430036641146133169e-03 -2.290709200310960675e-03
-3.442825343449734850e-03 -4.085996261651188288e-04
2.944369551710160262e-03 7.692248562218147526e-03
4.541663236836543036e-03 4.855233778426663004e-03
1.183393370455946766e-03 2.167851501085854386e-03
-5.532348093890282134e-03 4.104037593399088163e-03
-5.490198124856362615e-04 1.432158247366313412e-03
-5.301943972490862945e-03 -9.083055108968909885e-03
1.035485170336355966e-03 4.772530377188488973e-04
-6.389382220452509420e-03 -9.342820497095814108e-03
-1.052707602071815962e-02 2.589048175297687000e-03
2.726546652662496361e-03 -1.693647941826697959e-03
-3.863622883453513620e-03 -8.463593693842480156e-03
1.949900832534886153e-03 7.876463313459718465e-04
-2.958547310892198877e-03 2.588393502081748170e-04
-5.865141544157966881e-03 3.001910508230467255e-04
-7.747650252511752850e-03 -3.368072974976048413e-03
3.482324968221348874e-04 1.140716497713718932e-03
-3.313804802553129911e-03 -2.584801294216445330e-03
7.629310799073187217e-04 3.446800859828728913e-03
-3.939301289846611209e-03 -1.257385801366607894e-02
1.043688460569002462e-02 -8.082168009112235957e-03
1.479209770693195886e-03 5.549048427819404036e-03
-2.725540904298274104e-04 2.969547822108058177e-03
1.330372367516848356e-02 3.591787350991360907e-03
-1.803716938748883229e-03 -2.362012956118722529e-03
-9.402660722726871589e-03 3.271463179265263286e-03
7.829555385327320594e-03 1.870310794514556171e-03
-2.603162049726822063e-03 -8.254456211215330241e-03
3.930679758178891488e-03 -3.750967427030199412e-03
-3.935852677178864299e-03 -6.043927837387247370e-03
2.185940891893303935e-03 -4.627543886031785722e-03
-6.448360292917162950e-03 -1.082825699421409438e-02
-5.387888506438437593e-03 -7.352941195127387329e-04
4.512174200603930908e-03 4.112515529867863742e-03
3.221920732578379548e-04 6.927928425433072315e-03
7.461173941908998478e-03 -8.425163702183317838e-03
-2.504556582980882115e-03 -7.127390568971039495e-03
-2.546163822604864159e-03 1.267988760945693710e-02
4.641194741500534980e-03 1.936313861816537892e-03
-1.025140856707709887e-02 -3.184512896952917775e-03
1.329577264241378750e-03 5.934848763137838242e-04
-1.559390597176536428e-03 -7.863211592192962578e-04
-1.424606348815697383e-03 -6.547556548126685048e-03
-5.150587159704887209e-03 -8.625264693242129174e-04
-3.123954113354406557e-03 -1.136753758285717966e-02
-1.028124926043198772e-03 1.055961453541046612e-02
-6.264225252128920174e-04 -5.943071160596362021e-03
6.181362430003235634e-04 -1.047810853679680696e-03
-4.601104328258864493e-03 -4.317677496116592052e-03
-2.866040801072009653e-04 -4.363004713112413166e-04
5.379554165169833473e-04 3.714916414920426974e-03
-2.520458648495147065e-03 -2.441267744683331929e-03
2.313572375912260806e-03 -7.347672158008097245e-04
-2.430730252424675650e-03 5.074844868559567380e-03
1.438321089037349976e-03 6.194614151264283197e-04
-1.219693474902618785e-02 -1.488214610874472391e-03
3.369206492845375645e-03 8.897243820901512557e-03
-5.352172743782564711e-03 -5.600602371237209907e-03
-4.702360139258374844e-03 -4.663722667646684819e-03
1.082322767041113062e-02 1.012609217785541936e-02
1.421860235632603844e-02 1.879187865191276306e-03
2.253796035033428600e-03 -9.531154359912117485e-03
-9.020899788539542882e-04 -1.695100883457576792e-04
-1.091349879588416564e-03 -4.766702784978531227e-03
3.514256868761480614e-03 -9.322016877283824388e-03
-6.467375721642664062e-03 -3.338120919783838913e-03
5.308761487378383694e-03 -9.904900376587869731e-03
1.256889257461477061e-02 6.956683078002590462e-03
-4.391902960879490170e-03 -1.125660643276734513e-02
-2.980420563821184303e-03 -1.216088373691391264e-02
6.811696586839959336e-03 -2.809997935360577029e-05
3.643740428616539309e-03 -1.352121132476167761e-02
6.846023292620116198e-04 1.175570107204686882e-04
1.819155985304693988e-03 -3.011170887424583116e-04
9.121692580580599910e-03 4.064138834414196717e-03
3.190547969119969778e-03 1.175969241409886238e-03
2.585663447382272918e-03 -1.681322258483482733e-03
5.475892596174750625e-03 4.986441644616560961e-03
-9.433411046332685138e-03 -2.759212936859357056e-03
-1.947250488281315967e-03 -1.568666802060168742e-03
1.274510823403494225e-03 3.614985776047130450e-03
-3.856725658121665321e-04 4.596266658716763537e-04
1.529566311490133165e-03 -9.290340515758596651e-03
4.319800936657442955e-03 2.319336083375814900e-03
-1.151253989971694550e-03 -2.206153723241714108e-03
-2.523572011706381926e-03 3.627455054592142354e-04
4.471157749442847967e-03 1.053986472302119101e-02
-3.225465463361667021e-03 1.100028965730761449e-02
-1.167706872331608289e-02 5.670852319621114829e-03
-3.054837682839719147e-03 -1.098319018917054760e-02
-4.868357730183483362e-03 -2.910170615437389103e-03
1.647857705872445531e-03 3.014475904895230762e-03
-4.147704388811808592e-03 1.676021569977703034e-03
7.568528709827321635e-03 -2.330208825088369434e-03
-8.470235380174304368e-04 -3.191010988080246295e-03
-3.316918165764365205e-03 2.192119559261012686e-04
-4.558491340268860416e-03 3.876874604715459770e-03
9.040250466722696623e-03 3.538908235447340775e-03
1.326591670534019163e-03 -7.959438079391114446e-03
6.714480176972456756e-03 -7.224143959878375279e-03
-4.477640014874865841e-04 1.778203418895264298e-03
8.585924489356229136e-03 1.591194728206318798e-03
-2.520586417999022121e-03 8.915668461164111963e-03
5.380065243184894812e-03 -8.278580674190511371e-03
-1.914185069879013271e-03 -5.652954583070442587e-03
-2.908318539599926388e-03 -3.223613387524204305e-03
-1.042973184134177731e-03 -1.571844050025425076e-04
3.779322945392915318e-03 -1.197149606667489638e-02
3.432670577743605640e-05 1.203670086556008888e-03
-8.410714578298570179e-03 -3.998503249935253523e-04
2.775195294798856599e-04 -1.386553218995715056e-02
-1.092068437549967904e-04 1.997016240614562892e-03
-8.760495552896578435e-04 -5.956722016065110412e-03
-3.815709206958299918e-03 -1.831082534439284430e-03
4.237560554386155497e-03 -5.516845162582248267e-03
-3.452500682540740780e-03 -1.330503302160680832e-03
-1.458711156924880764e-02 -8.177261560410242422e-04
1.655345719670267297e-03 2.694407272178924589e-03
4.633706727703502948e-03 2.256382494534667042e-03
1.123202069675923245e-04 -4.801029490755967175e-03
5.766536077412598091e-03 -1.427256693068016617e-03
-4.019019097369564211e-03 -9.834123524492036778e-03
1.323478307321994136e-03 -5.155424829250390174e-03
-2.518734342161559406e-03 8.236973434564245130e-04
5.079155634393141446e-03 1.059314297277315527e-02
2.561012080695842900e-03 -1.963088669043929185e-03
7.184580450347953680e-03 1.394382928921240709e-03
-1.386368011412060985e-03 -8.369490647183708797e-04
-9.475225765908514008e-03 -3.642814390698380193e-03
6.517013704471465857e-03 1.323559716732678956e-02
-1.539576900035499437e-03 -9.655065866553790965e-04
9.155556267397649620e-03 7.290801700396270894e-03
-1.628842277144442732e-04 -1.050461197932570437e-03
-3.027663741405525397e-03 -1.255080434773158012e-04
-2.943108264336388117e-03 -2.404290694653006023e-03
-2.850266505054682275e-03 2.307808668447346254e-03
-4.771013550812676016e-03 -7.071062840759382608e-03
4.517474889109139233e-03 2.550474588439008948e-03
6.254262722636518348e-03 5.770112459582968020e-03
-1.007308529280684373e-02 -4.797181743881528612e-03
-3.260925687008429334e-03 -6.848274502661660240e-03
-8.822299798171728824e-03 -5.509947937249259388e-03
-2.212651814368472337e-03 -8.253131039088652809e-03
-3.940690346724257109e-03 -6.504879675383777420e-03
7.210493104408946009e-03 6.964107207048651424e-03
-1.220004811223685155e-02 1.315798639267394196e-03
-2.329266961477534283e-04 2.611176967235891849e-03
1.685760793820931637e-03 -6.088600381166912488e-04
5.257734447671935998e-03 -1.373339828584851929e-02
-3.200686327170000622e-03 -7.488013797824107087e-05
7.486160558051369387e-03 1.190546134799188530e-03
-1.897947754909026221e-03 -1.005133980938594960e-03
-1.163116654355313487e-03 -4.370029707949824732e-03
-2.647754883057593187e-03 2.999899011507070785e-03
1.923732639470577014e-04 1.793179446491369265e-03
-2.287196702892243128e-03 4.281498714501012944e-03
-3.696364005152700909e-03 -4.929187878486172500e-03
-1.107033212574092332e-02 4.361727018067952655e-04
8.968020672996774786e-03 5.958574091903253572e-03
1.565154304640770967e-03 -2.798712561636766682e-03
-1.565154304640770967e-03 2.798712561636766682e-03
-2.475195316252143309e-03 4.972263885435202792e-03
7.145543844536507211e-04 -1.162717520147939871e-03
2.046446743491517860e-03 -1.068419654096905078e-02
9.965927416922659016e-05 -1.427585612245642691e-02
8.070768363687641500e-03 6.250015841554706388e-03
2.110597734956146370e-03 5.961352205666736737e-04
7.019844146796046583e-03 8.435892848696358373e-03
-1.161484951813688757e-02 -7.004660639249918851e-03
1.212828133746995593e-02 -9.191255622386877017e-04
7.092536959478711305e-04 3.993234212815958560e-04
8.192588081189756087e-04 5.713257827660523681e-03
6.635560637862888793e-03 2.826541176286874110e-03
4.385804003959535048e-03 5.507696727203852116e-03
3.727560940046895782e-04 1.277941911412160993e-02
-5.078357365978965372e-03 -3.282192325780126149e-03
6.675778820609224069e-03 -1.091175866385880183e-02
1.004624660082779897e-02 3.273443024608532238e-03
-4.218672895163168984e-03 9.383645294000580311e-03
-4.075346825581222833e-03 -1.210058049232383068e-02
-2.241805601145364316e-03 3.380941387721036638e-04
-1.296032884789117059e-02 -2.912022691274851818e-03
-3.287301360028447444e-03 -1.039500600136186378e-02
1.333725211253174343e-02 -2.515493209445660190e-03
7.136203754893714196e-03 -3.215135451054747847e-03
3.511143505548885296e-03 -6.518003627142419237e-03
-1.461711168350007849e-03 4.386730041878266623e-03
3.001623317840658445e-03 5.912719971197349413e-03
-9.599743886713515972e-03 -1.033960431106961848e-02
-2.053806987784674402e-03 -3.526710321602642912e-04
-9.095779926523469942e-04 1.505585443712291558e-04
9.707433904082554601e-04 2.576850261458455901e-03
-9.229973386416184464e-03 -6.113108152652906718e-03
-6.282746010503547328e-04 2.148899957111325646e-03
-7.217981118207338065e-03 -6.644038574331664372e-03
1.992513820524319940e-03 8.982198432178702813e-03
9.360814351762401613e-04 -7.960763251518470154e-03
5.594439529565601969e-03 -5.422614346422676215e-03
6.299989073845133330e-04 1.116065131027750134e-03
-1.113726123096106524e-02 1.293797616833173257e-03
-4.628869058157319971e-03 -1.795430656536314666e-03
5.580261770384924679e-03 2.528473566004788009e-03
-4.508773647000823351e-04 4.582216669036668147e-03
-1.099300912345834618e-03 -2.423641372834337004e-03
4.618139911648604101e-04 1.627644874524035142e-03
7.442956781597673439e-03 6.375923019239966745e-03
3.126269208151465778e-03 1.252573685721605681e-03
-1.036372877404469206e-02 1.616516593803049399e-03
-6.423373676774223051e-03 -1.212547157232268021e-03
-1.142504688799529699e-03 2.761735511606440777e-03
-1.715249830053545282e-03 -1.338582104421074705e-04
-6.249552822595570885e-03 6.047775584261686800e-03
2.172689170632037363e-03 -7.224415324575946071e-04
1.650508050125444777e-03 2.233455434181714529e-03
2.511709347322192264e-03 -2.526621490166644848e-03
6.446172967624551678e-03 9.586284685501544889e-03
6.942776683525302660e-03 1.039460686715506024e-02
1.759714893880441567e-03 2.364391935671515286e-04
-1.276841860290450076e-02 9.041495346425827348e-04
-5.819750442411088069e-03 -3.643213524905862446e-03
-2.903480870053743411e-03 -2.762661549525852363e-03
1.451109791339590767e-03 -1.262648159020555516e-03
-2.480959023716377415e-03 8.557297606291265624e-03
-1.464482835433890059e-02 2.984795214407661053e-03
-1.235716863248706270e-02 -3.319696279521239073e-03
-4.542589274754595466e-03 -8.092482195722482292e-04
-1.398230675795679922e-03 -3.000825049426482372e-03
1.252581656766631191e-02 7.851237565970666660e-04
5.872757327460234426e-03 -1.197719588938747810e-02
-7.700534844431286378e-03 -4.046512462565201793e-03
-4.837669544822492630e-06 -4.609518379972101692e-04
-2.049432337198877230e-03 2.131273585264153048e-03
-5.507441188192238124e-04 -1.832806840773442813e-03
2.829526769994233481e-03 1.917362317842009585e-03
-1.167925604860926836e-02 4.428880010909246219e-03
-1.482786152864817202e-03 -7.220423982507920410e-04
-3.669988332132683231e-03 -1.382456379785969606e-03
1.578741275358547854e-03 2.630128511210420589e-03
9.334470330131594898e-03 -7.701796131805168678e-03
-9.379605892869933431e-03 -1.106867170415898848e-02
1.388004519859354843e-02 1.660375043471977279e-03
-7.792115316339220943e-03 -3.470653958100413002e-03
6.598583587833242031e-03 2.403891560446203349e-03
3.503862971702339200e-03 1.449294463784156842e-02
-2.059570695248908508e-03 3.232362688695798215e-03
1.916372395171626278e-03 6.894926891782992076e-03
5.237665211521787788e-03 9.159659553281308472e-03
9.688674014369810447e-03 1.054476627731948737e-02
3.676885557466814426e-03 1.444231673234249239e-02
-1.186506733667971360e-03 6.361617490548695597e-04
-1.230844027990203073e-03 -1.082335543991579802e-02
1.123952279031694129e-03 2.705407783395463901e-03
-1.539576900035499437e-03 -9.655065866553790965e-04
1.930550154352303786e-03 -1.056161020644472148e-03
1.633472466734697294e-04 -9.725315814946369503e-04
6.555044561924397092e-03 -1.744674981533255592e-03
2.335908647800842737e-03 9.661963091893391309e-03
1.071553765303844691e-02 -5.302806125657941703e-03
-8.816663860210797315e-03 2.261954547741442095e-03
5.315993962167665614e-03 1.248890340238888869e-02
1.218162347197425041e-02 -7.205591550111790228e-03
2.642917213512770667e-03 -3.460850849504280846e-03
-1.264835484313849186e-03 -2.693082100052710329e-03
-2.191576829853662985e-03 -3.144358598959595338e-03
-5.226728585057581304e-03 -2.949798009719924521e-03
9.485364123958544419e-03 2.541725287266734593e-03
9.655401116015661575e-03 -6.061825573937237865e-03
6.829322958687811945e-03 -1.449257715501557110e-03
1.604909468427290729e-03 -1.451401962235705778e-02
-4.483738971795174846e-03 1.203312448339233232e-02
-1.976739524513929612e-03 -2.311385050618967353e-03
8.381560791521677767e-03 8.991075502854281934e-03
-7.930938965830705567e-03 9.140580239802794521e-03
-3.107924278340347488e-04 -2.741059661299575546e-03
8.626350152053048614e-03 8.543774520326501143e-03
4.471157749442847967e-03 1.053986472302119101e-02
-6.722303440224638646e-03 -1.789730833823732943e-03
-7.704446476058058636e-03 -8.553449859416827061e-03
2.485668923757896037e-03 3.260590437552707884e-03
-5.922395310287674464e-03 2.079719641845666732e-03
-1.014889146870438623e-02 2.449490142142997373e-03
-3.404922255501248961e-03 -4.031935569177040948e-03
-2.171300113753600429e-03 -5.346536805822885673e-03
1.457789924911818621e-02 -2.127170299380603050e-03
1.133164599164245001e-03 5.650304238817552629e-03
4.172355755498239477e-03 -1.394255159417256366e-03
3.563894851588920651e-03 5.754593702579865501e-04
4.395942362010137050e-03 4.406607623771526504e-03
6.623697973478698264e-03 6.626651915794426299e-04
3.522878400427839011e-03 7.002808563411313386e-03
-1.146866562435088464e-02 -8.579027264022667798e-03
-1.047558596205325904e-02 4.394553305131809404e-03
-5.219575820714338239e-03 -1.260381006885714916e-02
1.952551176786524942e-03 6.625860631313405975e-06
5.474296059345037588e-03 -9.635459649370639590e-03
2.361949071366499855e-03 3.874751164175178723e-03
-4.244585549224161314e-03 3.813921015873170031e-03
-6.173283627739002168e-03 -3.221889081190045488e-03
-2.430650541977844893e-04 3.712266070667537450e-03
-6.396199735340029301e-03 9.645134988460963774e-03
9.492389118795980379e-03 4.244649433976493275e-03
-1.077312666862466697e-02 -2.251608709740815159e-03
-6.050362043760993194e-03 -1.114700045480372485e-02
-1.176057039296193353e-02 -7.453286793903913035e-03
7.534315693851758797e-05 -5.223679106597317948e-03
-4.003707820318989398e-03 -1.140317363506916691e-03
-6.156918543265141146e-03 -9.931004684905641103e-03
-2.145515229196483589e-03 1.158012367815196807e-02
1.658459082882862831e-03 -1.096059779624796934e-04
-3.165561352982690715e-04 8.439740595564868518e-04
-3.265763356553251853e-03 -7.309226340658871168e-03
7.158156718268520336e-04 4.125240347417881426e-03
1.154009714966263214e-02 -1.151589239426274551e-03
-1.005373461462619189e-02 -2.953374391891545620e-03
-7.542025267302640036e-03 -5.479995882057048587e-03
1.680460105315723096e-03 9.531809033121640875e-04
-8.041742346415987203e-03 -3.484304813569161392e-03
-4.359428330939517371e-03 -1.960965228503648572e-03
6.623570203974822775e-03 1.201960139742688609e-02
2.899904487882692602e-03 7.589667579093783804e-03
4.458959835604869339e-03 -9.579546881053344412e-04
2.141348058561961653e-03 6.626811336691294449e-03
5.224541259764396706e-03 1.707825701008055912e-03
4.438683119504806783e-03 1.244223518757956110e-03
2.153210722946151314e-03 8.790687321398725496e-03
-1.377037533587952695e-02 -5.680384063513747341e-03
-3.264502069179479275e-03 -2.021268473093729232e-03
4.402632107393783176e-03 -3.224411655937809221e-03
3.131569896656674103e-03 -3.094672557072497641e-04
4.557900551806531170e-03 9.503054380558512149e-03
5.833465182625013771e-04 -2.284881608096239974e-04
2.303897036821255309e-03 -1.656670891796371836e-03
6.145981916799572904e-03 3.721143141343115704e-03
7.782439977248215013e-03 2.548750282104850565e-03
-3.852558487483498731e-03 -1.361066835612807953e-02
1.370138667486950346e-02 -6.060899536018507158e-03
-5.129688003759733279e-04 5.900793422060937078e-03
1.594180321914358614e-03 -3.300153365076035922e-05
-1.757064549628802996e-03 -1.017459664281809969e-03
1.153618551803585988e-02 -5.658526636277898952e-03
-6.824150039688276718e-04 1.124415297991399922e-03
-2.851064773469428638e-03 -5.003141978545002852e-03
-1.663759771386710698e-03 1.671646919392476803e-03
-7.510684155232564760e-03 -1.282924875120593743e-02
1.484906428266957734e-02 9.722602167918188362e-04
1.391205680956883505e-03 1.297900902715581157e-03
-2.840926415419398228e-03 -6.104231081976647585e-03
3.335933594491225472e-03 -7.709348030355212683e-03
-3.321292816350161943e-03 -2.264732661498316396e-03
6.691632827067718007e-04 2.780687055580969083e-03
-5.527973443304485396e-03 6.587982210823506261e-03
-4.883174336881824194e-04 6.182559832622525411e-03
-8.682262920361148457e-04 3.057152777638138825e-03
2.620788421573884940e-03 6.833298475065555273e-03
-9.576194386508643779e-04 4.874983590814796659e-03
1.128954408166645343e-02 2.880745463958249951e-03
-1.635995041488255653e-03 -8.505999201878002578e-04
1.591066958701763297e-03 2.771011716490644032e-03
-7.450907814354521853e-03 -4.032861607096453402e-03
4.510912913230729487e-03 -1.175442337697957338e-03
-1.203207067596983541e-03 -1.988666073649771222e-03
2.605477144523310126e-03 -1.860507685919565463e-03
-1.389056878436933928e-06 6.068978338280480930e-03
-5.048868329746351510e-03 -2.539474077221327321e-03
-5.380400492640044670e-03 -1.055362752229725351e-03
5.566211780708122010e-03 -8.773747274151916589e-04
4.837144387618643598e-03 -1.097512721260024285e-03
9.525789786655365632e-03 9.494305079386918672e-03
4.291237938344241547e-03 -2.469367724036257254e-03
-8.285605669027947331e-03 -7.082989389894653494e-03
-5.248729607491801376e-03 -4.012584890995709967e-03
9.042773041471383446e-04 1.411482397057626289e-03
-6.113044267900573890e-03 3.551505283493373247e-03
4.920773826769728881e-03 6.696901864187009175e-04
-9.505944438120677437e-04 6.577907737525697657e-03
9.223411410537774718e-03 2.387191226515939565e-03
4.623568369652111647e-03 3.357471597965170328e-03
4.082627359429128952e-03 -8.910367772659012059e-03
3.148270230585686717e-03 2.315360566997391126e-03
-1.521024490269024323e-03 -6.432649881658425439e-03
7.288949624558128601e-03 -1.063585149690532243e-03
-8.221789927019829136e-03 -5.136601054780308082e-03
8.583609394558379749e-03 1.170615862534007089e-02
9.641814145298453894e-04 -1.149066664678510602e-03
-7.832077960079520014e-04 -1.244622652964758351e-03
9.698812372419842592e-03 9.443677173887842641e-03
6.212911022021646440e-03 2.863518226317199582e-03
4.302174564809019622e-03 3.740493819524447119e-03
-4.895787210633153466e-04 8.946019650562420274e-04
-1.280758297822811795e-02 -7.604723899117780961e-04
-1.837580625567293829e-03 -5.588675822101939021e-03
-3.105529473091807151e-03 -5.477744672012783630e-03
1.707761816255152576e-03 4.539268431590941970e-04
1.190083115839592458e-03 -5.463167778623481338e-03
2.192039848812688332e-03 1.121365819532387951e-03
5.480730265719572711e-03 5.447393482613771022e-03
1.077106711283535613e-02 -1.034729980481849734e-02
5.261055290835016385e-03 4.153468096275933844e-03
-3.671712638466841615e-03 -4.647421467925045603e-03
4.085149934177462541e-03 1.665547962473092405e-03
-1.966601166463327610e-03 -3.412474154051292966e-03
-6.066088280718556769e-04 -6.122256588032445185e-03
8.019278305022739181e-03 4.444510711720583117e-03
1.207540222192661494e-02 3.344347646207669091e-03
-2.343061412143513777e-03 -7.951032756847112998e-06
-1.149066664678510602e-03 -9.641814145298453894e-04
7.263372219954217744e-03 2.700633998602755201e-03
-9.735454172993766170e-03 -5.323833633089566919e-04
3.736454418394370963e-03 2.547824244186118990e-03
5.481656303638985164e-03 1.401407923760498346e-03
1.965467648594000812e-03 -1.323241991936197244e-02
-4.336166021132095011e-03 4.389779520337958388e-03
-9.293916897933839853e-04 3.297439718073121029e-04
1.119114609486871609e-03 2.244455945398253841e-03
5.979186057458356698e-03 -1.836255453441079568e-03
-8.155323840758140971e-03 -3.971233190380158047e-03
5.190677572939972687e-04 -1.518837164979047174e-04
7.041046900815520725e-03 2.187729082979794279e-03
-3.589009237235166617e-03 1.165766998606951842e-03
5.190549803442682207e-03 9.838099040871604167e-03
-3.978593434672743866e-03 -2.881543732371855300e-03
2.453529543273643820e-03 3.298892659708567605e-03
4.876308762940901632e-03 5.671092032931948808e-04
-3.712266070667537450e-03 -2.430650541977844893e-04
-8.338021765612260369e-03 -4.842508960875503872e-03
1.349390961382235590e-02 4.142994488770861128e-03
-3.807885943706118027e-03 7.182792259262824226e-03
3.092740770788205036e-03 7.359854246158625476e-03
-4.268438647495844535e-03 1.084310525230507138e-02
-3.268541470310126155e-03 4.828730335902089825e-03
1.188821828465029713e-03 -1.075112564619044517e-02
1.424271099360547091e-03 -2.786386878293551674e-03
-1.763291276052062449e-03 4.590566836001459816e-03
1.201377380520974973e-02 2.639931619804729984e-03
4.442594751130217283e-03 5.751160915608438846e-03
-8.188852278119470099e-03 2.136047370057323619e-03
-1.246279909407236978e-02 -6.149686068475749071e-03
2.301246692569616954e-03 -8.756504210817135040e-04
1.008011028764621043e-02 6.500105890591748731e-03
-6.969280126052268456e-04 -2.584402160006920766e-04
-1.087102998506494014e-03 9.074178038293330764e-03
1.021818489175612635e-04 -3.699940387324322007e-03
-1.880321383060602671e-03 -2.426291717087226962e-03
-3.207248303048981959e-03 -3.800797064114527345e-03
9.832798352366504263e-03 -3.628508862012575810e-03
-2.257707666660200424e-03 5.024216963060491349e-03
3.000362030467456590e-03 6.247621036315276818e-04
8.570022423841963319e-03 6.277317552494025496e-03
-7.429369810879896119e-03 -9.470819463927799067e-04
2.823763062529999809e-03 5.502396038698072200e-03
7.286634529761640104e-03 9.051378747444362161e-03
-1.583578944903370374e-03 -3.091080349207630650e-03
1.004094591232259151e-02 4.835483966037387900e-03
-3.257684554288885464e-04 -2.100922395865140874e-03
7.392855779809276440e-03 -1.498560448875098459e-03
2.099996357945729288e-03 3.720217103424384129e-03
-5.451081808602255448e-04 5.939095644216796366e-03
7.205655434864123923e-03 6.503155369051440496e-03
2.051156643532464890e-03 1.133691502875603177e-03
1.078995477205698175e-02 -6.480499673401306747e-03
-3.569195540094129843e-03 9.865815711708688946e-04
1.189926627294954527e-02 6.198988801848149405e-03
-2.140677559651659768e-03 1.204107551614917726e-02
7.457932809192527671e-03 5.735785753805531205e-03
3.542484617618961440e-03 -1.386725649629130808e-02
1.118576569591917848e-02 -8.041215442704627292e-03
6.857422938040627983e-03 5.362438871336579899e-03
6.449286330835215381e-03 6.782271435359678302e-03
6.540403783784122863e-03 8.229405710322096681e-03
-9.173182639246072953e-03 -5.869643964247639109e-03
3.244688372038442500e-03 2.200453900529812396e-03
-6.744304462658860452e-03 -2.852517715099517522e-03
-1.023159486993140740e-03 -3.363698324386255089e-04
1.197023477930169409e-02 -1.508634922172906630e-03
-1.634270735156028885e-03 2.414365167950814194e-03
-1.716511117426746703e-03 -5.421816078007929418e-03
7.236070509014787613e-03 3.199888058755825417e-03
-1.348927942422029503e-03 -2.437292228303766274e-03
-4.508725587936183998e-03 2.417414646410967830e-03
-5.491922431192890197e-03 1.105661738551859223e-02
7.798214273259175197e-03 9.219563663663906880e-03
-3.296976699119452507e-03 -1.131690967735742709e-02
-1.105064619810068724e-03 1.161392348021725611e-03
8.828670701771790252e-04 -1.303123346949166921e-02
-2.927669217781148081e-03 -5.067420739513506418e-03
1.370593715401099717e-03 -5.833864316840685002e-03
5.610676844535589236e-03 -7.747937442908279376e-04
7.414058533829322173e-03 -7.746724214592342131e-03
-1.785292298486283388e-03 3.527779954725674370e-03
3.176370209939292054e-03 9.127057153837350029e-03
-3.906826659907208267e-03 -3.278216809401702809e-03
8.881277870635024066e-03 6.995384434366394739e-03
-3.521617113054066866e-03 -1.714850695846171884e-03
-1.979852887725954205e-03 4.926281995217564845e-04
-5.107974171714883133e-03 7.332025631507838037e-03
-5.286967944895437990e-03 -9.723192374404023702e-03
-3.738641743687554694e-03 -3.789796552897987600e-03
6.123182625951175892e-03 -4.652594386925699294e-03
1.835393300274109664e-03 4.346703513390070411e-03
1.011237743763433727e-02 -4.895132537411554449e-03
2.888169593003738888e-03 -5.931144611459948819e-03
2.464130920284060902e-03 1.748107768508569328e-04
1.920874815261298073e-03 -1.978064696640034151e-03
-3.612734566002185482e-03 -3.161984970806767936e-03
-1.186841983123692809e-03 -8.697781677364686825e-03
3.522543150974049610e-03 -2.331134863007781454e-03
1.665021058761843734e-03 3.616310948173806147e-03
-2.030879927432402768e-03 -3.335869709738893511e-03
6.439147972785184103e-03 7.883360538791323036e-03
4.871008074437053331e-03 2.129150144723192424e-03
1.313004699816241842e-03 -1.338827915223830128e-02
-4.771252682148644994e-04 -1.032145103550983697e-02
7.366943125748855702e-03 -7.068284727003189619e-03
-4.539907279113171955e-04 7.386229919179214745e-03
8.628074458387209600e-03 1.180873960846557692e-02
2.096643863397596938e-04 -8.961921716076818797e-03
1.589805671327200985e-03 -2.516946151076319797e-03
5.479005959385985051e-03 2.182428394474014797e-03
-5.871240501076561979e-03 -5.448718654739305271e-03
3.675831750047174173e-04 2.984523849704163144e-03
6.284214777828157558e-03 4.489837928714558377e-03
2.883667172912706203e-03 2.941846976961935093e-03
3.110031893181478945e-03 -3.395246916410242597e-03
-1.349390961382415524e-03 -4.142994488777008229e-04
-2.977897989072849846e-03 -1.584968001781807308e-03
1.087173213537060562e-02 3.378674351985105472e-03
-8.701230290031182132e-03 -5.343088193155248918e-03
-4.015107465744154579e-03 -5.327186127641554692e-03
2.453992562234029624e-03 1.275899880282502317e-03
3.940866175280392097e-04 -4.825680857442397192e-03
3.722867447676594076e-03 -2.881016828661067848e-03
1.194869677582649850e-02 -4.594414582875899246e-03
-8.315557724219015817e-03 -5.802714859026925596e-03
-1.331743841539013637e-02 2.336307782008897015e-03
4.115437238822320862e-03 9.719216858024459782e-03
-6.321862326771263401e-04 -2.358037439740299189e-03
-5.417249773165243483e-03 -1.283494857391851915e-02
-4.780353640448532088e-03 1.340976909665291678e-03
1.460473794109723097e-02 -6.034315801076075431e-04
5.828834993034759208e-04 1.794504618617583308e-03
3.686225647102669631e-03 6.030276981917818968e-03
4.870545055476667093e-03 4.152142924149257279e-03
1.408832052802233884e-04 -1.232568334321514449e-05
2.025116219970889793e-04 6.920903430597239890e-04
-3.041713731082328499e-03 -3.531356336897295903e-03
-1.014410185821546613e-03 4.631519402410209929e-03
1.840358739322807240e-03 -6.549280854460163420e-03
2.818925392985176855e-03 5.041444200700862140e-03
-2.536823732969008954e-03 4.267847859032263685e-03
5.476355615133775973e-03 2.963448865189353791e-03
-1.925249465847095245e-03 -5.058799207843831880e-04
-6.781281512689294778e-03 -3.275167330942010610e-03
5.908345320608939747e-04 -5.485567935266108053e-04
1.182004313576938241e-03 8.236829839367014461e-03
-4.602493385137301427e-03 1.751300842163888444e-03
-2.750735000389330307e-03 -6.111112481616367588e-04
-3.879524948967778136e-03 -3.777470869554772591e-03
2.700969248056654323e-03 2.070571206466128699e-03
-1.342365966543619107e-03 1.288624697833200229e-03
-2.117159710835127707e-03 -4.322052146702959514e-03
-1.378939076460502719e-02 1.809752010916505956e-03
-5.362311101833956879e-04 -4.499513267806706405e-04
-1.125037970634340523e-02 -1.216123539403208241e-03
-1.313116410836439457e-02 -1.619422477064369481e-03
-1.521950528188436343e-03 -2.386664322805152980e-03
1.178627556707107990e-02 -7.667868560235677720e-03
-3.321292816350161943e-03 -2.264732661498316396e-03
2.884561559446637349e-04 -7.655670646396446621e-03
9.216849434658794249e-03 -1.338725699620345842e-03
2.149762110278404838e-03 2.260757145119893056e-03
-7.360923879269143724e-04 -1.923062140554591525e-03
8.149560133293907299e-03 7.556266911236220879e-03
4.437294062626368982e-03 7.313201857038435956e-03
9.236279823291498794e-04 3.255289749048750729e-03
-7.353100616023329136e-03 -1.021674661184451133e-02
-5.971235024700939295e-03 -5.068059587031146541e-04
-1.604318679964389892e-03 1.134090637082405418e-03
-3.912255117916292081e-03 9.640760337874596311e-03
-1.307921103073853356e-02 -1.836910126656992812e-03
-7.712397508815476907e-03 -6.210388447272632839e-03
-2.463667901323675097e-03 -2.197803556276922438e-03
-9.325465489951461143e-03 -1.004418704503906232e-02
1.589805671327200985e-03 -2.516946151076319797e-03
-3.180409611069938500e-03 -2.277058344841531405e-03
-6.966166762837960533e-03 -5.388415410150366493e-03
4.796926204872308322e-03 1.264078711888565187e-02
-5.716307306119536302e-03 -2.055196044662540612e-03
-3.227397249645169025e-03 -1.295555506309868134e-02
9.247264508809457939e-03 -4.641993009915962656e-03
8.858478579786627921e-03 -1.378353093902420258e-03
-1.142041669840504134e-03 7.387427321792333895e-04
-1.974552199220745881e-03 -1.069412741907098960e-03
1.107861840795349231e-02 6.554709312469248102e-03
5.679074717068235674e-05 2.434641884045871639e-04
-4.252999600940604932e-03 8.179975207444570989e-03
6.862260607586810959e-03 5.823390709334931407e-03
-3.150585325383534804e-03 7.799603330136362263e-03
-2.544646996223779703e-04 -4.746026934677813206e-04
2.546036053099628212e-03 -1.322951403610635960e-03
-3.003475393678120726e-03 2.179251146510338254e-03
-1.300399564330446261e-02 4.296346972593814012e-03
5.658479159193130145e-04 -1.016426663050729387e-02
2.978696257487025920e-03 8.895918648774836859e-03
-3.981371548429618601e-03 9.256412944189105693e-03
-2.405280617324641150e-03 1.266756192611372470e-02
2.415482278154724993e-04 1.371364847346038737e-02
-7.614142535269387800e-05 -2.087271540395711604e-03
4.665383089227368926e-03 4.241073051804872610e-03
9.003273416693621453e-03 3.116258619605990002e-03
-1.165010226183180349e-02 -4.162345166952192109e-03
-1.060008767518339987e-03 -1.211595565412742007e-02
7.265559545246830751e-03 3.942606307315303822e-03
-7.706761570854547133e-03 1.561514037718068210e-03
4.388869308106571610e-04 4.610843552102202383e-03
-4.223255025700240958e-03 -1.379117895569151840e-02
-2.395940527688785512e-03 4.255522175689048676e-03
6.836220184021944007e-03 1.161060263705496545e-02
-1.127515884253450090e-02 9.859046255881968174e-03
-7.236661297479049341e-03 1.018004092651768333e-02
4.746026934665300429e-04 -2.544646996222684658e-04
8.939314661532068995e-05 -1.817830813177337846e-03
-1.312413911351980331e-03 8.350166964791560890e-06
-1.338582104427878073e-04 1.715249830052974342e-03
-4.293888282597811516e-03 3.250388194750453933e-03
-1.184823923324309497e-02 -2.370490892587498108e-03
2.248830595983370567e-03 1.364830007936974898e-03
-6.648349340164558426e-03 -9.444316021405703941e-04
-1.217009605704578307e-02 3.552410839966629874e-05
-4.468172155736058887e-03 -1.986941767315612839e-03
-2.917658629235782026e-03 5.188426362900469546e-03
4.266123552699356905e-03 -7.281413551701765470e-04
-1.376229653361458983e-03 -1.938038168150696492e-03
-7.058545503159279269e-03 -1.212350755267678493e-02
-4.257709500981552396e-03 -3.637912836400082964e-03
-7.484180712701297066e-04 -2.063945345834814968e-03
5.786685024007424266e-03 7.727501305914995060e-03
-4.529800572452354242e-03 -2.691357793719232391e-03
-7.145543844536507211e-04 1.162717520147939871e-03
1.129703209546484635e-02 2.560676831241263766e-03
8.299320409249598407e-03 1.154894256894396874e-03
-5.638776823889194573e-03 -6.036902842549131398e-03
1.092772461412654106e-02 -3.688812106602656470e-03
3.012224694849714637e-03 2.788638088338496641e-03
3.011889445395925236e-03 -6.545305338080597765e-03
-1.384180686118877037e-03 4.050232439934976216e-04
1.012297881464339563e-02 -8.019214420270407220e-03
-8.419463879470163656e-03 -5.367739559842359814e-03
9.204349086695904486e-05 -2.598851283891996395e-03
-4.844169382456649416e-03 -6.054114254490546021e-04
-4.546037887422340641e-03 -7.339178395851081102e-03
1.050818836149653573e-02 -6.455848306714875862e-03
4.043335214601634538e-03 7.819465086340699183e-04
-6.581420234943844046e-03 -1.802056517167627964e-03
-5.230640216684352695e-03 -7.456735406571548923e-03
-8.881868659099284927e-03 6.384544550907114008e-03
5.098171063120001713e-03 3.103006898344043418e-03
-3.391670534238621498e-03 -7.937037922750090832e-03
1.115475983330425393e-02 8.641980852864496535e-03
5.651565526191435797e-03 4.154793268402147237e-03
-4.237895803839944464e-03 -3.817098263836846573e-03
-1.781715916314662506e-03 -1.299226074842937083e-03
6.844745597567765405e-04 1.147449321656677027e-02
-1.652695375418628942e-03 -3.475427742893583138e-03
3.735656149980195323e-03 -4.763126402806909694e-03
-7.243095503852223574e-03 -4.902812205465584099e-03
5.199937952134088548e-04 -4.197869275351177529e-03
1.445809102835742682e-03 2.993927824094414847e-04
4.443520789049628869e-03 1.705175356755165954e-03
-5.600538486485557958e-03 -3.262953591408172295e-04
-4.609055361016282763e-03 -1.974616083972397830e-03
8.052008473971253993e-03 -8.973720495708787520e-03
4.177193425043061563e-03 -9.333033214200460882e-04
-1.154838343187520114e-02 -5.839292774849768816e-03
-1.981369714112919157e-04 1.791854274364693567e-03
-9.761957615519019360e-03 7.277821343837143075e-03
-3.470127054387803656e-03 9.065443398909305180e-05
4.959012164172576197e-03 6.380297669825192759e-03
-1.855206997414356922e-03 -4.167518085952164920e-03
-8.098996112546483217e-03 -1.704776222548363713e-03
2.914880515478907291e-03 6.949530313660490580e-03
1.624132377105426666e-03 -1.313276064518488582e-03
6.546502740703728437e-04 1.397831541588877248e-03
6.246982188793047917e-04 2.678106072456605362e-03
2.081108698724104100e-03 -1.465830279928054909e-04
4.244122530265135966e-03 -1.790928236445962210e-03
2.361949071366499855e-03 3.874751164175178723e-03
-7.746724214592342131e-03 -7.414058533829322173e-03
2.589575079009044309e-03 2.825615138368142536e-03
-5.265892960379840206e-03 -4.614419934273143037e-03
-1.353765611968212480e-03 -2.898244066302118650e-03
3.658588686705587087e-04 -2.804412384349129614e-04
-1.198335873105908431e-02 -5.943198930100345931e-03
3.850834181151272829e-03 1.034570326798946518e-02
3.491792827366873436e-03 -8.361810979133544111e-03
5.031704976858885139e-03 1.937639033943213589e-03
-4.045059520934432898e-03 -4.046911596772004467e-03
-4.410742561038408921e-04 -5.852815860814071861e-03
4.769417013982393122e-03 -7.550838453227137065e-03
-5.913518239612205497e-03 -4.309327329152942698e-03
-2.867765107398440819e-03 -7.627969801249643092e-03
-6.630722968317494248e-03 -2.365589338290344061e-03
-1.072163660995783044e-02 -4.461035799062313192e-04
-8.972523093091318768e-04 2.914417496514524900e-04
1.184916527116114740e-02 -1.675494666266916233e-03
6.687002637471755120e-04 4.803679835008857132e-03
9.536854182623448473e-03 4.347230417100857863e-03
-5.610213825576563888e-03 -1.248199035136379666e-03
-1.423808080401521743e-03 7.633940988663440695e-04
-7.345740371730170859e-03 8.201209612848036311e-04
1.031084965850078035e-02 2.646956614643988272e-03
-5.025941269394079876e-03 -5.522672754799956216e-03
-2.563199405989026632e-03 7.211163603320609001e-04
-7.701796131805848690e-03 -9.334470330132165622e-03
5.973965079398750946e-04 3.177360132609675578e-03
-8.398388894955925027e-03 -2.589671197126205970e-04
5.322811477055186362e-03 -6.499052083167891798e-03
7.768389987571412345e-03 -8.570980113151295370e-04
4.979751899233024991e-03 2.155126683535836703e-03
9.012485736824241145e-03 6.061155075027618161e-03
-1.619294707559243473e-03 1.774227902516840524e-03
1.183856389414972114e-03 1.448587216586469991e-04
5.679074717068235674e-05 2.434641884045871639e-04
1.353618735235721099e-02 3.003603163182676228e-03
-6.349419576716074445e-03 -3.672479255495669087e-04
-3.946917073148877887e-03 -8.968531751016488654e-04
1.070089687489874340e-02 4.671274566196729691e-03
1.111513243902354127e-02 9.000351707737804310e-03
-7.507331660679779015e-04 8.051018551298937120e-03
4.986313875112005460e-03 5.881043609672123411e-03
5.307244660996071270e-03 7.521014167540053356e-03
1.913386801464837198e-03 -1.657996063922586097e-03
-4.132137572752694367e-03 -1.234404468073024147e-02
-1.489811147704184560e-03 -2.424966544961012702e-03
9.329041872122511084e-03 5.217181015471130875e-03
9.043028580480141215e-03 -8.599048441114301097e-03
1.116363690398108378e-02 2.252933881867029420e-03
-9.571308657906119066e-03 5.806035702189435259e-03
3.687151685020720760e-03 1.984291423063403326e-03
-3.258962249341242762e-04 9.256013809981162438e-03
1.816042622092098454e-03 2.502896161398945971e-03
-5.087569686109585064e-03 -6.227088781201754741e-03
-4.609981398935694349e-03 2.071369474880875063e-03
-9.549210353334463067e-05 -3.931078892385694162e-03
2.295610754608686747e-03 -8.647552906072414336e-03
1.120503666365879700e-03 -3.824522392882906668e-03
7.704909495017083984e-03 6.530457079989619024e-03
-1.570790242601700958e-03 -4.973189923353934366e-03
-2.599713437059075587e-03 -1.724526034936497152e-03
2.022928894674984931e-03 5.678931121883087733e-03
1.319438906191347472e-03 1.694573979745429100e-03
8.496531342740908446e-03 3.409025541383656210e-03
-6.944964008817914800e-03 -1.163657917586760973e-02
-2.895529837296896298e-03 -5.105722961669365706e-03
-1.198024536784705885e-02 -8.747212180241069335e-03
7.368076643618182500e-03 9.576609346410077522e-03
8.127559110859687228e-03 6.493480029960435433e-03
-8.078256377486036158e-03 -5.929947208837719336e-03
3.216125373725811816e-03 -2.588249906882939769e-03
-1.890922760070230021e-03 6.977901657723062541e-04
1.262185140060278999e-03 3.474102570766907441e-03
-3.086178794909795291e-03 -3.633937320021659624e-03
-7.622541343241130869e-03 -1.005121203987717829e-02
-3.705704094788556113e-03 3.482851871938501785e-03
-9.382687604688531684e-04 6.718790942805920666e-03
-7.894169395751545609e-03 -1.112764977662239300e-02
2.076734048138306928e-03 -2.630527645417222830e-03
-1.136257214380712206e-02 -7.772030254494684959e-03
9.364629865273147585e-03 1.170880896959296084e-02
-1.880784402019628019e-03 -4.032989376600195752e-04
-1.121903859427332908e-02 -8.565376408552097948e-03
3.165896602434110484e-03 8.942028308487591243e-04
5.126861830937078611e-03 -3.465225500091328320e-03
-2.854178136681453665e-03 -2.199128728404278581e-03
8.894290460555887706e-04 -9.305316543354702485e-03
4.339486864294605541e-03 1.349708686178717476e-02
-2.317484007539032630e-03 -3.772170181050815436e-03
7.509885886818387819e-03 5.518298104212907874e-03
-8.102109475757719378e-03 1.099237027594182452e-03
-1.064099276451546498e-02 -7.231823627933545509e-03
4.599715271380427559e-03 1.038665583439707212e-02
8.232982092496220553e-04 -1.136740981335295593e-03
6.843372948365186205e-03 1.956590577917742112e-03
7.783366015167626599e-03 -1.497235276748422328e-03
-2.882070636083784200e-03 1.168005431702344270e-02
5.318772075924540349e-03 3.509467258279281264e-04
1.347363289772229508e-02 6.345172695634152329e-03
-6.459424688885245791e-03 -5.681182331928032701e-03
-7.563691040281138658e-03 2.791160663086722244e-03
5.410687797282182077e-04 9.109031647778808097e-04
4.045985558853843617e-03 9.260379187311408578e-07
-1.562503960389132179e-03 2.017692090922108133e-03
7.467608148283533601e-03 6.657689429801093642e-03
-3.741755106899579721e-03 -9.857833027572637623e-04
-8.324562564399720296e-03 1.194326831781798541e-02
-3.286503091613700214e-03 -3.084055354369514678e-03
9.663687398224585050e-04 9.290564403403839917e-05
-5.456541917992738765e-03 -3.142634292625436955e-03
-2.406877154152992429e-03 -1.954339367872335274e-03
5.776211416502242263e-03 -5.053530170735964951e-04
7.507235542566177873e-03 6.299318574928247302e-03
-3.879987967926803918e-03 -1.754478090127564987e-03
-8.518532365175128518e-03 -4.471812422659442524e-03
-3.534996603820569384e-03 1.354718786357432189e-02
-4.296746106800374693e-04 -1.665947096680575092e-03
4.495936885634514366e-03 -5.353050722646641134e-04
-3.490276000984561446e-03 -9.064103564994379844e-03
8.770346720545869543e-03 5.727435586841881851e-03
-2.028229583180192822e-03 -4.116890180454232939e-03
1.207758954721922795e-02 4.586319954920217712e-03
-2.242731639065347060e-03 4.384079697626056676e-03
-8.179975207444132972e-04 -4.252999600935599605e-04
-2.337297704679279671e-03 -3.592984753612909511e-03
-3.558482801244025953e-04 1.053628834085071179e-02
-2.280043938549572088e-03 -5.372513344635529951e-03
4.053936591611261887e-03 -2.342135374225463081e-03
2.555248373231608361e-03 1.621945051812133214e-03
5.084919341857375118e-03 7.008109251917092435e-03
-8.335962209824883742e-03 7.756399553683348061e-03
9.122953867954371188e-03 9.352096701979338220e-03
9.893963750122412512e-03 -9.011000561828909697e-04
-4.975297538201625680e-04 3.237663377199755804e-03
-2.466318245576674343e-03 -1.416783085563405771e-03
1.063712919195197466e-03 -4.067986581287493832e-03
3.309893170926358520e-03 -1.922136102635179939e-03
-4.354718430898569040e-03 9.856922815341005381e-03
-1.191159195629218868e-02 -6.339872007129052425e-03
-6.775517805225061106e-03 -6.860201051798073442e-03
2.439016534637244212e-03 1.916037145716475770e-03
1.355825167750146845e-04 1.549715258085640219e-03
-1.664606098860652635e-04 3.776544831636041450e-03
1.267418778674435711e-02 4.527294405375446168e-04
9.041176504642107342e-03 -5.070773234059321177e-04
5.512071377782492686e-04 -1.901859386537643846e-04
4.730587888115855670e-03 1.184830486391998290e-04
9.447461036010058530e-03 6.165061230278656712e-03
1.259199546352918978e-03 -5.078820384937990720e-03
-3.657327399334317497e-03 8.092370251914490775e-03
-3.486955157825210715e-04 8.822762817123464647e-04
5.519224142132891052e-03 -1.155587144567234159e-02
2.539809326676368759e-03 4.285075096672634476e-03
8.997748840574660081e-04 1.028447398548065425e-02
-4.579103305824644421e-03 -3.254890614840806173e-03
3.055300701800105385e-03 8.960197409744482741e-03
-1.203278923393661173e-02 4.850204454624382731e-03
-3.173384616231932250e-03 -5.741341981324527347e-04
-7.649044785765813335e-03 -2.241007332731759401e-03
-8.254855345422350624e-04 -1.052313273772535708e-04
4.314500248153024797e-03 3.881377024806492455e-03
-3.614123622880622416e-03 2.906993367473712560e-03
1.108513232477814983e-03 5.368537828257106612e-03
-2.416552493243998359e-03 -2.876243043867897278e-03
2.726881902117647086e-03 7.640295484593538980e-03
1.012285104513951928e-02 3.337721785577036672e-03
-2.263343604620559908e-03 -2.747685521930889278e-03
8.458628254792422557e-03 7.032361484395579197e-03
1.259539601714002380e-02 -8.535216291435084382e-04
1.200098510290750764e-02 4.522041193951715013e-03
-3.770318105212781129e-03 -5.774487110169335483e-03
2.650660766320054283e-04 -2.649479189391751571e-03
6.031602154041092005e-04 -4.076735882463874711e-04
8.897642955107392792e-04 2.862688306553429077e-05
1.489352934649704543e-02 1.074841199916182558e-03
-7.048534914613912780e-03 -1.867660450262808094e-03
-7.349188984396556878e-03 -5.709809214992886926e-03
-5.984821995418716616e-03 -5.935647031550301059e-03
-7.464159535617147581e-03 -1.277592535234035181e-04
-7.273973596963273502e-03 4.234478842560975703e-04
-4.728400562822671072e-03 1.123489260072668564e-03
-4.630189590255646276e-07 2.022992779427207170e-03
-3.247673965745802305e-03 -1.075337685623471012e-02
-7.435596537304516897e-03 4.660944553889348647e-03
6.739466793114037499e-03 2.391565877102308328e-03
-3.499616090620417085e-03 -6.520638145697057759e-04
1.131903311789112182e-03 3.623463712512700044e-04
9.400936416393283063e-03 -6.536428267405019511e-03
-3.547322287163784393e-03 1.340630465829409888e-02
-1.216075596740992873e-02 -8.376515642025007119e-03
3.412873288258095640e-03 1.688874157033527171e-03
5.743145998099368627e-03 3.578934763937358880e-03
-2.866040801072009653e-04 -4.363004713112413166e-04
7.534315693851758797e-05 -5.223679106597317948e-03
1.175447143604197928e-02 1.704377088340419157e-03
-4.594542352380454747e-03 -5.917605699796253324e-04
1.853482691081559212e-03 9.025529978142310221e-04
-4.895196422163887277e-03 -4.433909334711526491e-03
-1.677346742104488236e-03 -3.757194153454710035e-03
4.465058792524824460e-03 4.790955017458158570e-03
1.032881127980299352e-02 1.055974230491445003e-02
5.926769960873471202e-03 4.042249755787504992e-04
1.825254942222718146e-03 5.447792616820573697e-03
-1.435335495324327926e-04 7.933461540585540032e-04
-1.299162190090714410e-03 -3.896752186609399662e-03
-3.153443149585658661e-03 -1.211025583141483834e-02
1.057326539087921624e-02 7.784978959664333800e-04
8.703880634284752102e-03 4.562067722441052672e-03
-1.187415188730408903e-02 -7.940215170714907955e-03
4.043798233560659885e-03 -1.241046270793137035e-03
-4.439146138463832131e-03 7.787692606692514941e-04
-1.271865285057182347e-02 -5.553104236619083381e-04
3.648322559154183308e-03 9.653612924929739353e-03
-4.299524220556809675e-03 -4.521514290239786113e-03
-1.312022748189825561e-02 4.590439066497475906e-03
-1.055782634432533666e-02 -3.441627940828076090e-03
8.698116926819945971e-03 8.147101443297794648e-03
-2.765248009025729481e-03 -1.993966762153728811e-03
-3.245614409957854087e-03 1.845531658323460930e-03
9.765070978730605068e-04 -1.008183459398287159e-03
6.975842101927604705e-03 6.310319086144786614e-03
8.333184096067439151e-03 4.381557122878293811e-03
-3.664687643627474040e-03 -2.944497321214825051e-03
2.093897401026344456e-03 -2.028692602139789327e-03
1.055955065065756170e-02 6.706593028966690434e-03
9.681776789035678385e-03 -2.515094075237034755e-03
-5.297697091408370106e-03 4.757825714302272094e-03
-1.428182730987318915e-03 -1.720550518558073595e-03
5.402401515074265609e-03 2.118149633505510797e-03
-5.219575820714338239e-03 -1.260381006885714916e-02
3.739376709332121670e-04 -1.398043885642540757e-02
8.609314568668887876e-03 -3.414996728798376253e-03
-1.336488907292632256e-02 -6.319196156821506316e-03
6.654911316044899786e-03 4.670348528277997249e-03
4.280780738516853229e-04 -1.295595419730548314e-02
8.686254262436327034e-03 5.983225458589684458e-03
-1.048559655059805307e-02 -5.861293797282847440e-03
-9.204349086695904486e-05 2.598851283891996395e-03
2.966498343649045990e-03 -2.601900762351688594e-03
-1.535537498904852773e-03 -7.815505395651197937e-03
5.984949764922591238e-03 -5.421289174297142834e-03
3.045290113253949597e-03 -1.295649692671315984e-03
-6.010990188488819080e-03 1.120850110201603370e-02
8.010065984890188742e-03 1.499614256298493955e-03
-5.736456252715723368e-03 -1.120995404364669330e-02
3.803718773070235201e-03 1.102414275557929771e-02
-1.697623458205121299e-03 -1.555015946590739473e-03
-1.171888344289134104e-02 4.787250865781411679e-03
-8.608388530749475423e-03 -6.309888300548962062e-04
-1.270136172817697053e-03 -1.131041158622713436e-03
-2.579436720958442307e-03 -3.926704241800468148e-03
8.337718167548040585e-04 7.096113341653295312e-03
-6.840722604111616235e-03 -2.737611048631938791e-03
7.343090027476600889e-03 -3.910049057060651853e-05
-3.970722112367599047e-04 -3.727242098263642417e-03
-1.625984452943460539e-03 9.405247182226857128e-03
-5.701331278524111347e-03 -2.695333310097655730e-03
4.479699570664527966e-03 -5.183125674396511957e-03
2.584737409464222223e-03 2.364663300370932041e-03
1.404027908205635403e-02 3.491856712119206264e-03
5.898079193056965895e-03 6.972457374013442226e-03
-2.153338492450026370e-03 2.566248884448718830e-03
-7.294585562519057508e-03 -6.708317335300168806e-03
1.024736916594645199e-02 1.003451170594873640e-02
-2.901756563720155752e-03 5.023035386139038626e-04
5.930218573540779227e-04 6.934155151852578044e-04
6.372346637068345213e-03 -2.615950752029062853e-03
-6.802021247748382682e-03 9.500036553484868945e-04
-8.011694173115264939e-04 -9.157408343236361770e-03
4.621508813864162561e-03 -9.241436916592999859e-03
1.669858728306666470e-03 4.077262786171017075e-03
-2.728861747460345315e-03 1.180861183896044983e-02
-4.203233848609289405e-03 6.720515249138937601e-03
-2.967296612063792353e-03 -4.709049884640660079e-03
1.579187886643863489e-04 1.194644556578166282e-02
-6.611707539590633981e-03 -9.855725412719455042e-03
4.177656444003447801e-03 -2.956296100846111594e-03
-1.606506005257002899e-03 -1.078816716301433118e-04
-3.901190721946849217e-03 4.493685675589677818e-03
-8.977153282681573331e-04 2.314434529078659986e-03
-1.072773556687778816e-02 -6.195013285469724330e-03
7.250583517650616497e-03 4.582743572748597047e-03
3.103342147799194144e-03 4.235772363300235009e-03
-6.941978415111126587e-03 -3.083656220162032426e-03
8.178123131606537116e-03 1.234497071864897218e-02
-1.332674219785261877e-04 -1.166467915522053506e-02
-5.474168289841162098e-03 -1.721476556476804519e-03
-3.166822640353522070e-03 3.151782728004513551e-03
-2.478516159414652538e-03 -1.291460249668993296e-02
-2.932969906286356839e-03 -3.505379798084650757e-03
-2.761208607895083034e-03 -8.843965571149548302e-03
3.081420835804645625e-04 3.522080132013772659e-03
-3.671377389011691323e-03 4.686521958495190252e-03
-2.058644657330857379e-03 -8.136228701586163421e-04
1.038341470168049202e-02 9.561234184607168146e-03
-8.787174823978756780e-03 3.004672796300921801e-03
5.046217985494713155e-03 3.320494547935985870e-03
-1.559390597176536428e-03 -7.863211592192962578e-04
-1.297437883757126750e-03 -6.317870984696434371e-04
-8.982996700592988173e-03 -5.318436826469961215e-03
9.306529771671563471e-04 4.958213895757829399e-03
-1.306907267268850315e-02 -2.937999230088638412e-03
-4.864781348012433421e-03 -7.737176645005320111e-03
9.105040305703981235e-04 -4.196544103225643280e-03
3.833798597765749033e-03 -1.613067981136554960e-03
-9.869807053782420764e-04 -7.224670863590304179e-03
3.371058568682837493e-03 8.052727031938248896e-04
-1.687948119114115585e-03 -6.331122705951773609e-04
-2.851527792428454420e-03 -2.980149199117794814e-03
-1.047651199997130973e-02 8.440538863986223744e-03
-1.015799242699983763e-03 1.070049774069068912e-02
7.955334793511670104e-04 1.385505858244981793e-03
8.066856732062231000e-03 1.743078444704223434e-03
1.729762838689373515e-03 1.516713724434879968e-03
-1.531753636783316896e-03 8.048368207046728909e-03
-5.388814544357849179e-03 3.310691439340534593e-03
-9.142895334599283885e-03 2.184024931304189270e-03
5.119836836099072794e-03 -5.168149646800407858e-03
-1.214624295877352912e-02 -6.993660128032917235e-03
2.535769925545721878e-03 1.113507390566845223e-02
4.154968514993601786e-04 9.617035009108040183e-03
6.488578475662708928e-03 -2.910042845933404326e-03
-2.690367871047597698e-03 -5.194653089324981037e-03
2.265993948872768986e-03 1.966665051215550283e-03
2.521847705372794266e-03 -3.627710593598970894e-03
4.231669077416685444e-03 9.425124764120116141e-03
-1.051878973850559063e-02 9.579930189573728633e-03
-1.766276869759422470e-03 -3.962356119703437478e-03
-5.051055655039535242e-03 -3.781446385933196798e-03
-1.347666655048827865e-03 2.850665639262055674e-03
-9.443677173886590170e-03 9.698812372419731570e-03
1.065689483003030152e-02 2.545700803645158366e-03
6.888301031151677911e-03 3.617878161489822969e-05
-5.414040291847299321e-05 -1.024484659119925941e-03
6.426822289441969094e-03 7.742477333511100027e-03
9.401762029857688510e-03 -2.376438235981801188e-03
9.959271446696947236e-03 -7.056994709398889919e-03
-2.366472688596361028e-03 8.357030086337950345e-03
1.989523766503850232e-04 -2.018026994558809462e-03
1.986939566828597147e-03 2.111146502477622387e-03
6.420971184688420083e-03 -1.283999450358802412e-02
-9.465241008394110599e-04 1.012329070965442036e-02
1.245945441618256239e-02 3.559891065553483572e-03
2.370972469746959483e-03 1.438284578798233097e-04
1.680145807063898860e-03 -3.269310351339718267e-03
-3.582164293875204539e-04 1.162037798855522670e-02
1.360201232107758826e-02 -6.288327804198968508e-03
-1.398320422556760707e-02 1.547337948859032119e-03
-9.634854304968921632e-03 -2.343703345721190757e-03
-1.067877328193544972e-02 -1.942347141569411876e-03
-4.542794656321862481e-03 -1.408852197022851353e-02
2.772837976935014440e-03 5.229504677533967569e-03
-2.446971787548014692e-03 7.164733655282822314e-03
-6.750019972818348778e-03 -4.833744140410297166e-03
7.198861350063296034e-03 4.774888087049149708e-03
5.841715472077868045e-03 -1.280570261300659554e-02
7.339499459303620507e-03 9.127706607640178813e-03
-3.053016463256707710e-03 1.213216400762771874e-02
-1.259272354016151632e-02 2.519907901230817454e-03
-1.075691250651638481e-02 2.343057126588263695e-03
5.222585743423463055e-04 2.959963512348979132e-03
6.240533156782699167e-03 -1.222897505935465444e-02
1.642292224198755321e-03 -1.401340675093047314e-02
-6.360026809952825690e-03 -4.715502260984156483e-04
-3.632144021434290885e-03 4.090631023167586727e-03
3.238548839764932453e-03 -4.002130461962852097e-03
1.006326798023686117e-02 -3.389958910362917202e-03
-8.089773470515239373e-03 1.128609535983599206e-02
3.831020678650135739e-03 -3.499166525232574182e-03
-9.501932351291274975e-03 -2.030524224437917167e-03
-6.548268650310189697e-03 -1.166343430241476150e-03
-1.006372998946416034e-02 4.043237419995003926e-03
-9.806288259558518586e-03 4.592385418064256868e-03
9.024760048727795830e-03 1.191116260757418659e-02
-1.292194088002342721e-02 5.743112400107055864e-03
1.322723864329205688e-03 1.250739974560769949e-02
8.358092314980669277e-03 -2.240952187570799707e-04
-4.395713266828395194e-03 1.413805770373599384e-02
2.342149230767859650e-03 -9.507231558765101564e-03
2.718603825999354410e-03 -6.934799978309342562e-03
-1.112189358331347466e-02 -2.317777161816600082e-03
-1.186019320033017584e-02 -8.704540074807027086e-03
-1.058842089597967226e-03 1.161582710154780707e-02
4.974340924834577682e-03 -1.274269587290256453e-02
1.602841723699632587e-03 7.734248778375716303e-03
-1.301135387496462660e-02 4.786023727617678058e-04
