2.713885719864701784e-03 -1.116847457352783748e-02
-9.704240830429495396e-03 3.475299973389136925e-03
-1.074927357035298202e-02 -9.280792946172717814e-03
1.426458424653731256e-03 -1.544414569581682630e-03
-6.029877847709873978e-03 7.341700970598163956e-03
1.120545162355634020e-02 3.136535335706732135e-03
2.299985405194483919e-03 -6.163608288647996238e-03
-1.157084747326844569e-02 -4.879086876698346224e-03
1.398230675795679922e-03 3.000825049426482372e-03
-4.612168724228878081e-03 8.293971661690066697e-04
7.773227657116235298e-03 -3.961461733179186089e-04
9.505976089513758567e-03 9.673490506823680113e-03
-1.329312229815885621e-02 -6.715869233850894557e-03
-6.504480541176974745e-03 7.596165670221112325e-03
-8.329607713896389209e-03 -9.208563152446225253e-03
5.384312124266816060e-03 5.562300149081349752e-03
2.958547310892198877e-03 -2.588393502081748170e-04
-8.665977546335693754e-03 -8.185403665453654803e-03
1.060586779032385296e-02 -1.282797105615491630e-03
3.128456533444078785e-03 2.494545994434154302e-03
-1.253898857848281378e-03 3.516779443509815504e-03
-4.991614563617213784e-03 -4.319002668243267749e-03
5.387888506438437593e-03 7.352941195127387329e-04
1.008806132040305885e-02 4.157044478448234520e-03
1.332320212285437004e-02 -5.921341502864959846e-03
-3.713192108586948603e-03 3.802920504655487970e-03
1.864084068091186779e-03 -2.221528885045301761e-03
1.040785858841564724e-03 -1.084787903710006385e-03
1.301540587665015944e-04 1.446869240536126019e-02
1.884360784191249118e-03 -4.423707091908592529e-03
-1.570790242601130017e-03 -4.973189923354614378e-03
-3.662037299375265394e-03 -3.725517791930164045e-03
-1.414132741310516030e-03 1.685297774861906290e-03
-6.676912338479120725e-03 -5.733135409553783562e-03
2.841389434377852418e-03 4.081238302550120427e-03
-5.024089193557188318e-03 -1.361464387250696517e-02
2.887243555083756578e-03 -1.885159052605996132e-03
1.804978226122655374e-03 7.649970823683864898e-03
-2.246308021235036544e-03 9.211085727195129566e-03
1.209302859377446929e-02 1.923189910059718184e-03
-4.391902960878919446e-03 -1.125660643276802514e-02
3.627582824093163356e-03 1.387878391121977716e-02
6.143331572547934549e-03 4.502163612057774253e-03
-9.744794262629620507e-03 7.879656387115718461e-03
-5.345068038492370877e-04 2.815013761358405031e-03
9.158047190850461083e-05 -5.758585044654694531e-04
-3.734394862605062287e-03 1.005108427037319438e-02
4.059492819122288709e-04 -2.661804872734967013e-03
-3.183985993240988875e-03 2.549947684726400036e-03
-6.814346931092169282e-03 8.091204500689443309e-04
-5.605503925535045701e-03 1.056968900870759384e-02
6.694538710325613311e-03 4.311977673404690341e-03
-5.320161132802977283e-03 5.718031612452552370e-03
9.095779926519605846e-03 -1.505585443713214431e-03
7.586490331130106395e-03 5.582576865181412308e-03
6.931377038100709070e-03 6.207738103019742014e-03
-5.284908389106129749e-03 2.875716140155288800e-03
-3.085380526495048494e-03 3.677013326970689482e-03
8.648478943991146778e-03 -1.750374804245157304e-03
1.392929987291042322e-03 4.562865990854657154e-03
2.276132306922800264e-03 8.655759477839053331e-04
7.716101660490973062e-03 -9.973553788143423374e-03
8.382742368439048035e-04 -1.776878246769050037e-03
-2.287659721851268910e-03 6.304491493928220114e-03
1.294017990129577370e-02 -6.242735307707480280e-03
7.766458201289707730e-04 -2.481294273171527707e-03
-2.122125149884614582e-03 6.573932221145451990e-03
3.528306858438283716e-03 -5.916168583863843852e-03
8.749301171593910215e-06 4.967889234848834462e-03
9.191607279508674094e-03 1.175943687509203688e-02
8.113046102222496586e-03 5.110624515966521487e-03
-2.592225423260683097e-03 -2.044594667653483553e-03
9.592383642420928419e-03 -6.972632620603769205e-04
1.038572979647834141e-02 -5.537297125265830747e-04
6.011325437942608915e-03 -1.874557675596938856e-03
8.320475104212159655e-04 3.831148253513539520e-03
-4.714350573146439127e-03 4.529337553493328894e-03
3.791520859231465972e-03 -4.736766555490502881e-04
-2.010267961877189920e-03 3.795895509818052443e-03
-8.411640616217191599e-03 3.646135233861570735e-03
-3.697705002964546059e-05 -4.226496158406701652e-04
-1.480934077026783546e-03 -8.814013515959159828e-03
2.177526840176860316e-03 -2.614896944603844380e-04
3.389147959490858199e-03 -2.638877812382694945e-03
2.895992856256711379e-03 3.082730182243981296e-03
-5.596626854858786568e-03 4.180642037710807606e-03
-3.475427742893583138e-03 1.652695375418628942e-03
3.803048274159934617e-03 -7.643744097261175735e-03
6.037701110962056736e-03 1.672173823103944267e-03
-6.324895979534089774e-03 1.127145469085900388e-02
-6.578434641236485109e-03 6.750866438537269330e-03
-5.917605699803057777e-04 4.594542352379884023e-03
1.229116556518439901e-02 1.313356356938827352e-04
7.951032756847112998e-06 -2.343061412143513777e-03
-4.089859834217050849e-03 -1.348343600631660491e-02
9.825773357527708279e-03 -5.331433008723477675e-03
-5.344684729984743379e-03 -5.920671003953516948e-03
5.865141544157966881e-03 -3.001910508230467255e-04
-1.127503107303062455e-02 -1.497889949965477453e-03
-5.274818090118017777e-04 4.517937908068164581e-03
-7.312802722831171845e-03 8.092769386121294317e-03
-2.174876495919426684e-04 -5.195307762528897746e-05
-5.161523786169093693e-03 -7.072388012885596868e-03
7.742477333510420015e-03 -6.426822289442539818e-03
-1.145911805476318435e-02 3.699812617819656785e-03
-8.720580968213193992e-03 -7.186895545146372924e-03
1.216340631166349870e-02 7.595495171310811741e-03
5.547324121485925665e-03 -4.744174858831700509e-03
-4.702280428807328709e-04 2.738409317046686022e-03
4.651796118510952496e-03 -1.187768021041172781e-03
1.135814943427254956e-04 4.869283768103161011e-04
-1.569991974187524668e-03 2.337760723639095185e-03
2.453992562234029624e-03 1.275899880282502317e-03
1.256855732516098077e-02 -2.377260348416503945e-03
1.293752955704220373e-02 -5.461714836993283168e-03
1.894036123282254831e-03 -3.501803415913030092e-03
-3.832872559847697903e-03 -2.432917577717859815e-03
-1.954610732575834051e-03 -1.260553437519062667e-02
-5.092072106200617315e-03 2.645902807220130472e-03
-6.621382878681943921e-04 -1.077762908872570858e-03
5.410815566792070118e-03 -2.247904558064749148e-03
-3.131106877697649189e-03 -1.713525523719957623e-03
-5.718031612452552370e-03 -5.320161132802977283e-03
-1.285377234838838353e-02 -4.128018461174076149e-03
-3.964080426036915850e-03 -1.498688218379082369e-03
5.392263157023663607e-03 3.219238736937836409e-03
3.586358892981596214e-03 -3.847465278927549460e-04
7.089184464932913460e-04 -8.934620005139320281e-03
1.314601236645164062e-03 1.233622141747076940e-03
-1.231846727612440073e-02 3.679184244598674922e-04
2.454790830647634974e-03 8.586850527276212314e-03
-9.696162028166841612e-03 -1.022469764460135801e-02
3.028126760363980020e-03 -1.897484735949210924e-03
1.356004045062832522e-02 -4.025581073248546415e-03
8.901219337279936764e-03 -4.540737198917132317e-03
3.178685304736350841e-03 -9.879067432982250371e-04
-5.361385063914545293e-03 -8.545498826659978647e-03
-3.448126031953582717e-03 1.153441315264878281e-03
-1.748650497910998703e-03 -5.383513855852069263e-03
-1.198289571210005983e-02 -7.966191709527553969e-03
-9.518557311866302720e-04 1.289949869958734044e-03
1.038122737638730655e-02 8.319261875895300404e-03
-2.608925757191626893e-03 -4.669422490358586531e-03
8.899367261442473614e-03 3.551233918790555350e-03
-1.275079223105607569e-02 -5.170082015060490505e-04
-3.114406543767846841e-03 9.113022989865055944e-04
1.231409262553803154e-02 -2.851863041883604712e-03
-1.417709123482137346e-03 6.512303804430517526e-03
1.433483419492527456e-03 1.585095771292181505e-04
-2.422316200708803623e-03 7.087906769888455659e-04
-2.312183319034395029e-03 -5.334211122478990652e-03
6.914676704171125732e-03 3.582910280315782653e-03
4.508773647000823351e-04 -4.582216669036668147e-03
8.935418273552927365e-03 8.019869093487001777e-03
1.738176890405245759e-03 -2.849340467135841413e-03
-8.747212180241751081e-03 1.198024536784648812e-02
-1.456282710341494976e-03 -8.532247105397353787e-03
6.042075761549785089e-03 4.156118440528823801e-03
2.299059367276432789e-03 -2.117622729793581897e-03
-9.025529978135506852e-04 1.853482691082129936e-03
-1.121764953738509964e-03 -1.463435474683595508e-03
5.691655939433105417e-03 1.773429634102093727e-03
2.344657948973226380e-03 1.462985232674404723e-02
-3.907752697825258963e-03 7.677687494527117486e-04
3.960504043865294317e-03 6.325694247947694256e-03
-2.990351441920729211e-03 9.631084998783592116e-03
7.685670178663173147e-04 1.121870334481896853e-02
6.832899340859433478e-03 -6.276263745070169431e-03
-1.611599213802857814e-04 2.214503890206505343e-03
-1.512738208056456195e-03 5.582321326176166269e-04
6.138158653546819422e-03 -5.292731652358312507e-03
4.474734131614469500e-03 5.712858693452579559e-03
2.349160369062898608e-03 5.756860738321021437e-03
2.773917599752206541e-04 -2.508595984111528128e-03
-2.068862725828860428e-04 -3.176034960484141328e-03
9.591585374006181622e-03 -8.008213909052725593e-03
-9.553554516552461087e-03 -6.972058239805498971e-03
1.260923852687077578e-03 -1.813855296798914506e-03
-8.050619417092815325e-03 2.904742157428305722e-03
-8.867787018033792580e-04 8.524296072639363925e-03
1.099684104464043917e-02 -3.304464712917845430e-03
-2.560549061736817119e-03 -5.990411038327798574e-05
6.749142132204471838e-03 3.313469553098550777e-03
7.543414324181076103e-03 -5.889824562234310425e-04
8.079645434364473092e-03 -1.390311294427607272e-04
3.647987309699033016e-03 3.196694985095039319e-04
-3.929625950756176003e-03 -1.165195433766983736e-02
-1.058412230689417550e-03 2.505945639857958158e-03
-3.699142118909575644e-03 7.208768798074787626e-03
-5.804439165361083980e-03 5.050592636079938302e-03
8.710107360707441265e-03 -1.045958777841537752e-03
5.661831653746701720e-03 -8.303232040875799941e-03
-2.311385050619647798e-03 1.976739524513358888e-03
5.795689864188128745e-03 -1.001848187092991595e-02
-1.088153524396491545e-02 7.056358177866095538e-03
-8.550671745659951459e-03 -4.433510200502902357e-03
6.974580814554404151e-03 1.022361218578964667e-03
-2.254131284488579325e-03 1.972109334918803296e-04
-9.956853454212480012e-03 -5.091273837785870518e-03
2.891618205670124474e-03 5.987855648177410877e-04
-2.180177184429069395e-03 1.042510165175723324e-03
3.396172954329654617e-03 -9.359536656717939475e-04
3.196311676584203884e-03 -2.409064479446176594e-03
2.416887742699719809e-03 1.221018647028745269e-02
8.278708443693815269e-03 -5.976870962661869069e-03
-6.215848556667090408e-04 -5.482119322598009645e-03
9.986007240989941414e-03 -3.499951340075567376e-03
4.206347211819953108e-03 -9.524528499280803320e-03
6.677040107982424623e-03 -5.623800796292980318e-03
-3.118781194353072855e-03 -1.572642318438592516e-03
-1.454558404007336592e-03 -5.267282017258276272e-03
4.025708842753210337e-03 2.203104244782701920e-03
-9.456290047627998775e-04 -4.318076630325216186e-03
4.226623927920015664e-03 -1.172670670614409452e-02
-6.510451728593056112e-03 -9.509680241189824579e-03
7.327650980923292902e-03 2.624029554290355747e-03
-6.264991869150811354e-03 8.710905629122188062e-03
-1.558464559257914574e-03 -4.832306718074391369e-03
-4.757842704006297677e-05 2.701432267017040562e-03
-4.559289608683036489e-03 -3.434076042277569782e-03
-1.781252897355637159e-03 -3.322218854270144687e-03
4.226496158406701652e-04 -3.697705002964546059e-05
5.582321326176166269e-04 1.512738208056456195e-03
2.725157595784059427e-03 4.375330396453783188e-03
9.147733004144896138e-03 -1.723073093305156449e-03
2.460889787568161687e-03 1.433576023283902531e-02
-4.480031328318867523e-05 -9.436524409543919564e-03
1.903583692868595321e-03 8.777036465928153910e-03
4.989890257283056269e-03 1.054037580104191319e-03
-6.131005889204719540e-03 -4.361280406777550377e-03
1.251037752111050158e-02 3.448253801458247940e-03
5.173178970603369009e-03 -1.145461563467351125e-02
-8.821964548716006507e-03 3.823995489170297322e-03
1.881710439939039605e-03 -3.642686621193253534e-03
8.523242265212784127e-04 1.628970046650249403e-03
6.133784002961594276e-03 -7.776676269783409749e-03
2.720910714694410094e-04 -9.465550426819924548e-04
-6.689238021822335734e-03 -5.874018614834007439e-03
-1.893110085362843028e-03 -5.441821429402428009e-04
5.939095644216116354e-03 5.451081808596548207e-04
1.281772133627815009e-02 -3.406167135198666374e-04
8.778888541765615325e-03 -9.995554810576283422e-03
-4.587389588037783274e-03 -1.024577262911616909e-02
1.802455651373750193e-03 -2.925944911447560422e-03
-9.156482305316489614e-03 -3.244816141543678447e-03
9.803644565589041127e-03 4.962716315848861651e-03
1.264158538730108042e-02 2.514024442120611942e-03
5.620352183627165890e-03 1.471099317040536203e-04
1.318975887230390293e-03 3.717566759172175050e-03
3.122485346029359177e-03 -1.461129991697564072e-02
9.088627162176364516e-03 8.148426615424008909e-03
-1.379250412781705265e-02 4.613765261057229360e-03
5.913518239612777089e-03 4.309327329152261819e-03
-6.040862533235210035e-04 4.453659147099660147e-03
3.265891126058487366e-03 -4.047709865187432143e-03
-7.395410005950982160e-05 -8.452992316838428858e-04
2.417015512203023707e-03 8.532502644406901073e-04
6.858348975959469712e-03 1.316453312483987451e-03
3.091479483415575207e-03 2.071896378592123517e-03
-8.283117073554962032e-05 5.543747739315446448e-03
-8.699505983702732290e-04 -2.078123105009369010e-04
1.151717008930719897e-03 1.831609438145066120e-04
-4.399853993636909308e-03 -8.913545020623150905e-03
-3.234086995028815151e-03 -5.324535783389344745e-03
-3.249989060543651258e-03 -6.384129591009569515e-04
2.644306270391778325e-03 -9.529829187785440053e-03
9.226987792708824659e-03 -2.439814803051991443e-03
2.939196632710187451e-03 -2.102646702199299691e-03
-4.537288586250175573e-03 -2.371289161002926218e-03
-6.058776095478226112e-03 -6.780946263234144053e-03
9.700664448257874731e-03 1.351706056179474529e-03
-1.509161825884835096e-03 -4.268773896950995260e-03
2.812363417106195952e-03 1.315527274564575865e-03
-1.143261461224043263e-02 -4.110392089326222673e-03
8.287329975362104847e-03 1.034795447803373014e-02
1.105569134759985979e-02 9.537907990046735549e-03
-1.189492327375331598e-03 -7.916761206650028276e-03
-1.523339585065513037e-03 3.682314015476468964e-03
5.359660757580386910e-03 5.280533738520903735e-03
1.987213132019111615e-03 1.054423937360755847e-02
-2.025116219965180384e-04 -6.920903430604043258e-04
6.937603764523398234e-03 5.997116027371528907e-04
-2.367712778831304685e-03 -2.897174433184358799e-04
5.301608723035712220e-03 -2.508883174513277040e-04
6.382820244574097940e-03 5.616903570958849123e-03
5.622204259464628172e-03 -7.944861186003633613e-03
1.725851207062031184e-03 -2.990223672416064855e-03
-9.854799374800726069e-03 2.565721980736790364e-03
-1.140438686338238021e-02 -8.655631708334388108e-03
-2.776184635491297722e-03 -8.203828305716254210e-03
-1.841284777242218826e-03 1.059526641331343631e-02
3.772968449464420351e-03 4.993466639454676934e-03
-3.237663377200436683e-03 -4.975297538207335089e-04
5.474966558255909763e-03 9.032427203469153842e-03
-1.711673447881353026e-03 -4.960864240011399369e-03
1.031257396483357784e-02 5.911921702781922604e-03
1.000190930650477969e-02 -8.186074164363956254e-03
1.503062868965450482e-03 -1.480135808613178630e-03
-7.233420164762578534e-03 -3.980908529471163110e-03
-5.120299855058667998e-03 7.191142426228295907e-03
2.077197067096761551e-03 -4.653520424843749989e-03
-9.147509116523202394e-04 -9.644336720046216976e-03
8.983922738511038869e-03 1.272451267615545573e-03
-6.260872757577417257e-04 3.390872265823874701e-03
8.945093612645074743e-03 8.941772769481203323e-03
1.192311937122122675e-02 -8.301954345837541174e-04
4.426357436160801608e-03 1.103340313475910123e-03
-1.298826940636134842e-03 5.437191239811517071e-03
-2.158176161994848456e-03 2.105297046451508770e-03
1.503861137379055614e-03 5.830814838380531800e-03
-9.949030190960297254e-03 3.922600955916236837e-03
-3.107381548929269433e-03 2.614226445694904036e-03
-6.700893206261834953e-04 1.265298503272303809e-03
-9.119505255287986903e-03 -2.822166525701647229e-03
-5.725376613106858154e-05 1.779528591021478558e-03
1.216790873175317006e-02 -1.277496417112214920e-03
-3.031703142535601119e-03 6.724490765517822377e-03
4.532913935663588668e-03 -1.126554564233137740e-04
-3.647987309699033016e-03 -3.196694985095039319e-04
9.191862818517783362e-03 -1.095443553660170946e-02
-7.542292495658469050e-03 -9.254811057329306173e-03
-1.221793014143406769e-02 2.732001275974535286e-03
-5.275089833858502379e-03 7.957624137863038641e-03
1.426333007531341290e-02 -3.199544253994857719e-04
3.959993186106304172e-03 -5.214247621208074543e-03
-1.896327448478575084e-04 -1.410615431981480233e-02
-7.801184513043489706e-03 5.361500025505863860e-03
1.131383302375577179e-03 -9.668673787963990088e-03
4.259658420061025394e-03 -9.808785657413748860e-03
1.206962238801249573e-02 1.170223508639381665e-03
1.027658529618250167e-02 1.607770636554361641e-03
-7.367925683712795576e-03 -1.043717608582133208e-02
-1.439239365104363205e-02 -4.436155390041194549e-04
3.708823615950028051e-04 6.083413684631712622e-03
9.968504415167908292e-03 2.793741834676269267e-04
-8.730697421027193081e-03 7.740390664887287359e-03
-4.569953571613644301e-03 2.487732010519411174e-03
-2.553379323015851198e-03 7.999039943971698874e-03
1.121067247897256959e-02 -4.187721833516758370e-03
-7.356461761215900980e-03 -9.777953337673724737e-03
4.153277049574538408e-03 1.174906439533727641e-03
-5.946546891417817636e-03 3.250912835504694842e-03
3.849556330477576799e-03 -4.152599615844358456e-04
5.406477235117983920e-03 7.361730867855524781e-03
1.461951031819121519e-03 1.382146681109388577e-02
-1.051221182666830026e-02 -5.828876539789856238e-03
7.785062830865472489e-03 3.834496255040272927e-03
-5.049208527169655493e-03 -1.368250418646188571e-02
7.853846408815258820e-03 -1.141602422602649991e-02
6.506095588501063787e-03 4.696586821026641628e-03
1.482883295956658864e-03 8.916888738345115500e-03
6.600976633646418040e-03 2.228024419968309584e-03
-2.323482178725950250e-04 9.689070332867873170e-03
-8.053303657661178491e-03 -9.377663614061238981e-03
1.271649293053359053e-02 -2.503825906747824282e-03
8.114752750419678903e-03 7.749491650401531088e-03
5.644259895587463993e-03 1.123396198950278417e-02
-9.953650153914919089e-04 -8.120991893325199551e-03
7.434504980759061403e-03 -1.169048109767690732e-02
1.179204067850599591e-03 -8.693692887056745158e-03
4.805041084600453725e-03 1.144867403080897586e-02
9.911641134973796577e-03 6.644361489560554092e-03
3.579497578433771428e-03 -8.070417500044476181e-03
-6.048439880775666883e-04 1.262881894681012161e-02
1.069535358266390443e-02 1.040647922521294871e-02
1.166019846769740173e-03 4.957689957749049706e-03
1.560187509176108817e-03 1.584341190835380662e-03
1.265593024095962131e-02 -7.758822573440392681e-03
-1.014095892071182649e-02 -8.942616620948315789e-03
8.388242693566928462e-03 1.135518347168030899e-02
-3.584790000685737516e-03 1.204788473385229840e-02
