-4.969613541182993713e-03 -3.256215786967481870e-03
-7.288151356144523252e-03 8.374535796684241806e-03
6.182958966830008965e-03 4.143792757185607925e-03
-5.726908683129952951e-03 1.068885838195170277e-03
-4.494212579300926706e-03 3.800270160404420339e-03
-4.076735882463874711e-04 -6.031602154041092005e-04
9.319494302535379776e-03 -7.061658866371875454e-03
-1.091400987390488825e-02 -2.239283026397601017e-03
1.112217384153310271e-03 -1.081540440715894960e-02
1.271991413794695651e-02 5.843268291228191288e-03
-7.604244472483766108e-03 7.195517076813522789e-03
1.405255670633115232e-03 4.703749196136241054e-03
-7.537985866171992289e-03 -1.232999469105286808e-02
-1.225798878494894183e-03 1.032847603034727293e-02
1.303999859636107437e-03 4.357704024605929712e-03
4.942311830242992858e-03 3.755469847121232097e-03
7.187693813559978273e-03 -1.409630321219483562e-03
1.261348540794747335e-02 -4.297672144719347394e-03
-1.226558816057991830e-02 -3.895554783987850624e-03
-9.148786811556241377e-04 1.712599485800546037e-03
-9.919063189429253198e-04 7.623756800764039041e-03
-1.083620830420529806e-02 7.199395187727281563e-03
-5.521976069299820711e-03 6.299021434469731159e-03
-8.028929708309227864e-03 -7.791028992757094603e-03
-5.139551023783505562e-03 -1.065482768863000411e-02
-7.010211039222081011e-03 -1.094398096549352439e-02
-3.224226115983644739e-03 -7.576418564125515960e-03
-1.138265786597763077e-02 6.492090733645446317e-03
1.567538022601107448e-03 1.093985256013406578e-02
-5.867968972273270890e-03 6.859299665205365742e-03
-5.545648127499106135e-03 -9.095829759639692882e-03
7.133188563607509129e-03 3.282270153293704012e-03
-1.463155909488809796e-02 3.811550281410909578e-04
-4.916269379474294023e-03 -2.801968339746616532e-04
1.039771913786954882e-02 7.722245420815228127e-03
8.177870186342344611e-03 -6.067745260656710014e-03
-5.593623287612311179e-04 -5.897449383163114005e-03
1.113988540366074760e-02 -9.356058688847016316e-03
6.698908992049872752e-03 3.794884725051085247e-03
9.733638052702511811e-03 3.722505487916592196e-03
-6.304654040482597773e-04 -9.722634946068691233e-03
-1.706385207031477398e-03 1.103281262871096471e-02
2.784560120698594075e-03 1.368819085956204072e-02
-3.350654826493868355e-03 -1.030067522416141731e-02
-3.218080142421323332e-03 1.805943491855568819e-03
8.746661438772495092e-03 -3.961078619404678411e-03
-5.495551926711232486e-03 -8.069778785484956266e-03
5.652920571414550739e-03 -5.899022003783366275e-03
-2.799727885492265134e-03 -4.873914900243038993e-03
-1.477435507878337292e-03 5.666566692086553482e-03
-3.326657470769718138e-03 1.082846314953141327e-02
4.171440487643781475e-03 1.182677267669344882e-02
-6.310093349811456620e-04 -1.071985678192496905e-02
1.407955767463082639e-02 2.791363940473700917e-03
-6.610015783549898910e-03 -6.176881197903340802e-03
-6.370134105159973997e-03 4.984799205409251067e-03
4.700971581320465692e-03 4.250511172027913835e-03
3.133120279397848262e-03 -9.751757071186228573e-03
1.871112583615812657e-03 4.053413218155536239e-04
1.186849164505085659e-02 -5.945141265306447742e-04
2.039121054733670363e-03 -1.139317849828222137e-02
-2.671287966001944288e-03 -1.616645067917484024e-03
-1.101293111186616401e-02 7.284231125022709585e-03
-1.043436223445180951e-02 -7.400578624505584069e-03
2.475489472007267461e-03 -7.884159959635395412e-03
4.250820404895260321e-03 -9.320194597875643486e-03
-2.583708361956043361e-03 -6.960902540805487780e-03
-7.362068310325302171e-03 -8.533525498817884705e-03
-6.312153762458640530e-03 1.253095679601081043e-02
7.036321789861965659e-03 9.040407528283425989e-03
-4.777062618536291085e-03 2.256881685556826229e-03
