5.782438142926863041e-03 -6.113379517355724616e-03
-1.842464026259984025e-05 -5.889792910844397766e-03
1.910736457210696071e-03 -8.769755932077088643e-04
-4.687048862206439140e-03 4.030083493339578667e-03
6.747290056365649533e-03 1.140544067080509656e-02
5.082268997605165171e-03 7.789129722632431863e-03
-7.763552318026589391e-03 1.318049849312339598e-03
7.664819081775985088e-03 8.911820714288993389e-03
9.719216858023778036e-03 -4.115437238822891586e-03
1.023424521418770002e-02 2.582677853674342390e-03
-1.938836436565443289e-03 -5.934720993630890340e-03
4.575191674199233054e-03 -1.252046782009676781e-03
-7.546447976947499425e-04 3.544081154447313586e-03
-1.201019742303869979e-02 -7.466937649372661426e-03
2.584274390503835984e-03 4.387656079796997330e-03
-7.347799927517548353e-03 -1.177878755327404874e-02
1.204596124475420691e-03 -4.080312264630708841e-03
-9.825773357527708279e-03 5.331433008723477675e-03
-5.080544691272149103e-03 -4.524164634491995192e-03
4.508773647000823351e-04 -4.582216669036668147e-03
8.398707736747591801e-04 1.284502304721679006e-02
-1.005280857670621045e-02 -6.999359950745498091e-03
-1.689831846338287792e-04 -6.799370903496744327e-03
-2.093099132611597659e-03 9.339643249132138433e-03
-4.854307740507251417e-03 4.956776779832710103e-04
8.157175916595604120e-03 -4.120737927327530054e-03
-1.804179957707908576e-03 -3.390201766915153583e-04
1.250194706172214065e-03 1.266716279190692115e-02
2.817664105604467768e-04 -2.465136668643028899e-05
-3.640962314859095151e-03 1.383254648200036175e-03
7.059264061127415620e-03 -1.261335763844416945e-02
3.476417083598058039e-04 1.452064548298769020e-02
3.801196198322471902e-03 4.482270204465121487e-04
3.898875627150360720e-03 5.621278221545216586e-03
4.834031024406047414e-03 1.706500528881380215e-03
1.131200812306027044e-02 1.920539565806148215e-03
-4.959810432587542436e-03 -1.369124831682004551e-02
-7.660444431171926645e-05 -6.427876096850412195e-05
-6.507130885429183824e-03 8.377186140936451753e-03
5.303333029368729155e-03 3.014076770689108967e-03
4.937259567947010867e-03 1.011487695184590599e-03
5.351857260263438200e-03 -1.104223357660631503e-02
5.099366890188070101e-03 -1.051805956902594243e-02
9.985653301987293395e-03 -1.633577868744793974e-03
-6.556250495836224088e-03 -6.227504419685770537e-03
-1.397587386639671456e-02 -7.900435724933915175e-05
2.418743587772421554e-03 -1.390839073851085454e-02
-2.410746395992674051e-03 -5.694287492781379204e-03
5.639490943544141731e-03 -8.068146295596012943e-03
7.221601747020534208e-03 3.701853742674243893e-03
-3.077250130726128289e-04 -2.122729858362894066e-03
1.394115955705331738e-03 -1.029106790327436252e-02
4.037468514258498418e-03 -7.078493275549028844e-03
-5.531485140397356115e-03 -1.033948966439130358e-03
5.879960857000679671e-03 -4.518543939614936070e-03
-6.717791479883841732e-03 -4.108592956517694364e-03
8.145616067224333359e-03 1.029442956646907034e-02
-1.053829659690861016e-02 5.874775658467255163e-03
5.779339279817197715e-03 4.750155723372413881e-03
1.071371557415634439e-02 5.595667249703919349e-05
-4.667075458748265633e-03 -3.408196688915653746e-03
-9.621899104282844242e-03 -5.867756601136679510e-03
-1.159150990910551293e-02 -1.901681151116796278e-03
-2.629220486300599437e-03 -7.084738760953176485e-03
6.250723283988607500e-03 8.380494738981609029e-03
-3.530812036056346203e-04 -5.667696162227807422e-03
-4.892015829608103127e-03 1.304130954500024378e-02
8.944135054431989057e-03 -5.496600829545332523e-03
4.905143972612152105e-03 1.197226163760858712e-02
6.810053920322817894e-03 -9.274883709814759746e-04
-9.171435859973079210e-03 -1.081285271495923545e-02
8.068071457218374716e-04 -7.837548894647095726e-03
4.010364083297916944e-03 -2.583861101698557792e-03
-1.159160776365582464e-02 -7.826029757439397633e-03
1.587889099156369194e-03 1.361587050584573549e-02
-7.823269374489233777e-03 -2.116128811786247271e-03
-2.498518048346101347e-03 -9.614676757984720948e-03
7.948363913610674916e-03 -5.647874579985209809e-03
9.740827986171070449e-04 -1.109128645846503038e-02
1.326770515370572119e-02 -6.370271229293364944e-03
9.530195424754514533e-03 1.117833453458271648e-02
2.314630403478191208e-03 -8.366033568287254210e-03
1.718519948802682855e-03 -6.039762566373105268e-03
-7.098773376230881581e-04 1.438545197044106480e-02
9.163953392787580962e-03 2.609314757042443655e-03
1.015655650530179277e-03 -1.010564522689954940e-02
-4.837714251643292045e-03 5.275964696773194004e-03
-3.207639290523173637e-03 1.332296171976558689e-02
2.593918483936334760e-03 8.686451307724354226e-03
-1.201891838960744046e-03 4.611716037491874268e-03
1.006649108871075782e-02 -2.441392491787345350e-03
