-5.993571296590310959e-03 -1.090353626639913726e-02
-2.587978542180121438e-03 1.179628615561723569e-02
-1.414132741310516030e-03 1.685297774861906290e-03
-5.903044632107024361e-03 3.923526993835649290e-03
5.671506992836346760e-03 -7.381328364881379819e-03
5.178064699207958477e-04 -5.439841584063727017e-03
-1.901859386544447756e-04 -5.512071377788202095e-04
-2.051619662487274968e-04 8.893012765493441094e-05
1.203060190864342627e-02 -6.092176763336249606e-03
7.003606831826060183e-03 3.788072246564509662e-03
-1.380217946690805858e-02 3.691861585061667790e-03
-1.038758187231580282e-02 8.645700830234271175e-03
3.178685304736350841e-03 -9.879067432982250371e-04
9.529030919371836439e-03 -4.666644376601931238e-03
8.486520754196112681e-03 -6.846821561031000633e-03
-9.830020238609628661e-03 -8.509447814548385183e-03
-3.582430853688615621e-04 -1.139656360012883743e-02
1.987468671028221751e-03 -1.216963303808618613e-02
-7.793376603712993088e-03 -8.758611825665554504e-03
-1.670321747265121094e-03 -2.054270006744489483e-03
2.312577069049422552e-03 -2.029801495284756264e-03
-1.215059771372262697e-02 -3.634998876667799514e-03
-9.384649462355053881e-04 -8.940299850824140818e-03
1.730811092393299622e-04 -1.071624916124295102e-03
-1.362793010171947997e-02 -4.271020050162517741e-03
-1.226267833304874174e-03 1.188784118733244785e-02
7.148704550331458005e-03 2.239557963499334229e-03
-5.522436442664179108e-03 -7.085552642150896863e-03
-1.171706940671505583e-02 -5.060577706670000425e-03
4.006872022586783870e-03 -1.152865883779212973e-02
4.671869587541712700e-03 6.322624698897326076e-03
-2.404324343490575611e-03 1.371039530362629794e-02
1.586845682151656048e-03 -5.247297370876184523e-03
-8.717514525933301242e-03 6.282802662211559551e-03
3.132786030642435021e-03 2.918066351812000515e-03
6.393380485309060890e-03 3.522679544187664463e-03
1.264867709367474904e-02 5.033129877328005068e-04
7.451611540975905043e-03 -6.134590324848485446e-03
-6.977216799306617048e-03 5.683648526754583874e-03
-1.292600510653372538e-02 -2.031970243472790236e-03
-1.073586175872384176e-02 2.631893494299184649e-03
-4.358659620972231072e-03 -1.382649366607277032e-02
5.389866245436545104e-04 1.320825021769995306e-02
-4.214727894523487110e-03 7.513072567242433560e-03
-1.245901862112141871e-02 8.227686929445485534e-03
7.965718012327266048e-03 7.206193241410000991e-04
7.767087067555794935e-03 1.244160702723721675e-03
-6.822964575100030037e-03 2.042846857538233637e-03
-7.136384375229144587e-03 1.081944595158231166e-02
-5.118943277780204802e-04 -1.192490760583910132e-02
-6.153524747149296918e-03 3.595031221673939455e-03
3.904546450610715873e-05 -6.861905621823944290e-04
-1.126770393527446248e-02 8.854310237160576552e-03
1.000468141015554285e-02 -8.642502796082416824e-03
7.375395112209404830e-03 2.864016251431123362e-03
-1.145956273191555590e-03 -1.311251581391340536e-02
1.040646059472374874e-02 5.231432296910294363e-03
1.148484894101945656e-03 -6.158993271374287384e-03
6.314537374103426463e-03 -4.006084020347190112e-03
7.820887421003419951e-03 1.706097317101710293e-03
-8.208808500522862470e-03 -5.180125499615551021e-03
9.232276208309789537e-04 -3.558824760429468020e-03
1.052574561981767763e-02 1.846476074255007632e-03
1.229392339913839595e-02 -7.555645743002807439e-03
-6.547836470405798102e-03 4.276783275407510312e-03
-5.565796191145067247e-03 5.688461342961536465e-03
-2.968061519688912700e-03 8.210789679932127549e-03
4.135292500414517597e-03 6.940102771588683647e-03
-1.230613118092309562e-03 -1.074742488606357039e-03
-3.560985270320523796e-03 -1.284948326799835450e-02
4.971524799324696445e-03 1.148900189500225676e-02
