6.791419870739896780e-03 2.174078227509684998e-03
1.593078455428232829e-04 5.877467227501181890e-03
1.082808058369459864e-04 2.048969318239851883e-03
-5.754210394067451467e-03 1.568139898348701496e-03
2.648553151472339984e-03 4.311051635485278755e-03
-1.872961138767445695e-03 8.610575856042088430e-03
1.259071776847988126e-04 6.278115820919003259e-04
3.405848293419299656e-03 -1.404998967737382601e-05
7.330301325174360533e-03 1.843009083576377209e-03
1.351246202358940239e-02 -1.324148806232865877e-03
1.367627228922325966e-02 -4.319673167153568333e-03
-6.058105596576793869e-04 1.188694058960584367e-03
-2.730171094000050243e-05 4.992540601537502273e-04
-2.772608253319676190e-03 -1.303083433528486740e-02
1.348001904504549965e-03 6.483277787157500603e-03
3.175108922564730176e-03 3.839099286270387067e-03
-1.208970775061788587e-03 1.596367647206971838e-03
1.511812170137044392e-03 3.487753426235656699e-03
9.735789422448916028e-03 9.866326789729193414e-03
1.193902143673606503e-02 -5.516318258872141694e-03
1.483712190784799729e-03 -3.323943160603161188e-03
3.678865402808152198e-03 -5.006590591212638740e-03
4.193095490557326513e-03 -5.619426145707754304e-03
2.997248667254860839e-03 3.428775353772931748e-03
-4.017757809996363658e-03 -4.546165656926216131e-03
-5.490070355355999507e-03 2.964646267811583275e-03
4.368273750227085091e-04 -7.988064962455968671e-03
-8.215739029154634551e-04 4.401706069474371590e-03
-3.236066840370723646e-03 1.412437154016646726e-02
-2.755237420480933716e-03 8.261880340260928032e-03
-4.405154682141546041e-03 -7.351504079194976123e-03
6.401372654351154433e-04 1.497602759542457579e-05
1.400881020047889218e-03 2.219804578711143377e-03
1.119114609487442550e-03 2.244455945397573829e-03
-2.085020330350304766e-03 -4.360354368859499681e-03
-2.365062434577734716e-03 -1.070737914032632776e-03
1.935387823897126523e-03 -5.952091826472619791e-04
1.180608926421268697e-02 -7.847053987672440029e-03
-2.982272639658075861e-03 -4.068912619206905418e-03
-1.360455357351068439e-03 4.732775213409039401e-03
-2.861666150479056422e-03 -1.879060095685469636e-03
-6.621382878681943921e-04 -1.077762908872570858e-03
-1.031110519750559010e-03 2.006691579705568822e-03
-1.032834826084717394e-03 -1.258273508433507392e-03
1.893110085362843028e-03 5.441821429402428009e-04
6.664586655134544825e-03 5.592252204272418238e-03
1.233622141747076940e-03 -1.314601236645164062e-03
-6.829322958687811945e-03 1.449257715501557110e-03
4.408858833817613787e-03 -8.832438156221759235e-03
5.864215506238555295e-03 3.745794508030226601e-03
1.208507756101762087e-02 4.266251322203231527e-03
3.920876649584581659e-03 6.684065102821002899e-03
-2.381762768507536630e-03 -3.695565736739095993e-03
8.886115540179847019e-03 7.456336272363604800e-03
-7.582243450049546037e-03 8.258303958089307367e-03
7.349652003355011502e-03 3.686816435566359768e-03
1.581391619610186426e-03 1.849108040495762040e-03
-4.576788211027584333e-03 -1.336985451197638189e-02
1.276749256498565903e-02 3.141836024210010146e-03
6.777369881062523388e-03 -1.231770065909614225e-03
3.772968449464420351e-03 4.993466639454676934e-03
6.875177079393716972e-03 -7.415655070657673452e-03
-6.661265811972034295e-03 1.229461417785271578e-02
7.797879023804025339e-03 -1.143797627563307093e-04
3.314267821512155258e-03 5.618085147892377257e-04
-1.094753831126757740e-02 3.867997534038739200e-03
-4.959139933677240986e-03 4.976638536020429673e-03
-2.213577852288454648e-03 -4.207145480234699905e-03
5.884619991844424088e-03 -9.813319904680047057e-03
-1.232568334323705080e-04 -1.408832052804736331e-03
2.078123105009369010e-04 -8.699505983702732290e-04
3.131106877697649189e-03 1.713525523719957623e-03
1.444311500075791919e-02 3.634065089526105838e-03
-1.275079223105607569e-02 -5.170082015060490505e-04
-1.928362829059690779e-03 2.298133329357021203e-03
-2.367712778831304685e-03 -2.897174433184358799e-04
1.135016675001136776e-03 -2.441666878889454158e-03
1.166693036526363428e-03 -4.569763216181061674e-04
-2.021667607299851462e-03 -3.909732543168042409e-04
3.080878106404016242e-03 5.195978261451195297e-03
1.008981727813034173e-03 8.287457744865410481e-03
-2.202178206863290334e-03 -2.027671610006233881e-05
-1.212112857312807289e-02 -8.734886496899676653e-03
6.694538710325613311e-03 4.311977673404690341e-03
4.719523492148915795e-04 5.265557710923898663e-04
-6.609983233257047189e-03 -6.590760324579699250e-03
6.797646597158284263e-04 -3.433948272778833627e-04
2.209203201702086752e-03 1.723200862810963336e-03
-1.043595856777061390e-02 4.036182450258963064e-03
-7.923913970993271341e-03 1.084350438651255494e-02
2.683007626754441155e-03 -5.842214483804334356e-03
9.761494596559203846e-03 -5.254828564411757365e-03
-1.254218165214153469e-02 5.923991847117388368e-03
-2.391565877102988773e-03 6.739466793113465908e-03
-7.961689289436520850e-03 3.109904123678175480e-03
2.149299091319950648e-03 4.283749924546420215e-03
-1.210695081394805306e-03 -1.668597440933465050e-03
1.791854274364693567e-03 1.981369714112919157e-04
1.009243597098942631e-02 6.640989095871971740e-03
3.675289020637891556e-03 -1.795845616428854048e-04
8.574524843931636414e-03 -2.595674035929000298e-03
3.357471597964489882e-03 -4.623568369652682371e-03
-4.157842746861839869e-03 2.777110673409348418e-03
1.910736457210696071e-03 -8.769755932077088643e-04
2.822837024611948679e-03 9.548381597552488276e-03
-1.408129553321743610e-02 2.935492481034121005e-03
-1.621945051811452985e-03 2.555248373232179519e-03
8.280432750027974520e-03 -2.711905874522793289e-03
-4.781790756387222993e-04 5.081470729191560690e-03
2.829191520540443646e-03 -7.416581108577085905e-03
-2.694407272172316052e-04 1.655345719666536774e-04
6.286098505055054582e-04 7.185043469308911510e-03
-8.633375146891057034e-03 -1.024669866703558155e-02
-9.508754203269270677e-03 2.464466169738421895e-03
-3.631286975769449678e-03 2.305158324194456730e-03
1.053814041668817494e-02 -7.736122837583285505e-03
-1.111387115164897896e-02 -3.712393840170840915e-03
-1.176103341192038902e-02 -5.430294014477386744e-03
-4.057512973782882552e-03 7.169141403794074101e-03
-4.455766761943026361e-04 3.020175727607132907e-03
-2.933895944204407968e-03 5.406057607697635839e-04
-1.175570107202403118e-03 6.846023292617395284e-03
-4.074213307711324443e-03 4.544313581088753849e-03
-1.022456987509805411e-02 -1.660774177679922269e-03
6.507929153845291512e-03 -1.066235493942960764e-03
4.254723907274763316e-03 -4.915010119305495209e-03
-2.488191498505659335e-03 -1.383650617268549279e-02
2.602826800271100180e-03 -1.079487215204226903e-03
-1.072289789733239275e-02 -5.734061447473196016e-03
4.028359187005420283e-03 1.422083774067363143e-03
-6.180308622576438128e-03 -4.924813227899805038e-03
5.066622471099221058e-03 -1.023861986477542924e-02
-4.547889963260374514e-03 7.527927218572876607e-04
1.586692308115966125e-03 2.870670990662263673e-04
-7.067885592794564617e-03 -3.711467802252790653e-03
1.193624332297940800e-02 6.621638417691321638e-03
-2.239155256893154804e-03 -4.429263319432351137e-04
-9.381920987666421061e-03 -9.537078070240932043e-04
-6.435827129622102849e-03 1.000350584333313184e-02
-1.485436497116455774e-03 5.897807246386639959e-05
-9.048999767894290100e-03 -8.506797470296175237e-03
5.063844357342565765e-03 1.899336811788034530e-03
8.822762817130753304e-03 3.486955157822050917e-03
2.185605642438153209e-03 -1.396148731245202244e-02
6.254390492141754729e-03 -5.586823746263335291e-03
3.095981903504105553e-03 -6.801095209829541820e-03
-8.164999179847785143e-03 -4.893136866374578169e-03
4.524962902906741989e-03 2.230405955720200437e-03
-1.360311645757735464e-02 -2.145978248156299104e-03
2.561890059546048475e-04 3.739567781606395989e-03
3.970179382956300247e-03 7.247597923943256693e-03
-5.897807246386639959e-05 -1.485436497116455774e-03
-4.257246482022527048e-03 -5.660905615827291001e-03
-1.437059801664148338e-03 4.668496452439393520e-03
-1.165367864400285343e-02 6.646608626157393326e-04
5.092998144118668011e-03 -6.691888366074545680e-03
-1.372107260250530689e-02 -5.116851242391712989e-03
1.078558012147118501e-02 -8.964444290825724845e-03
3.448924300369689971e-03 6.157509331728611840e-03
-1.872035100848033892e-03 4.564590297188815537e-03
-4.137335378699086644e-03 -1.403576705332706953e-02
7.772337884724623246e-03 9.228582236078150883e-03
-4.025384410956531949e-04 1.031548452349176706e-02
-6.367706824592186303e-04 -8.178759130057713586e-03
-1.425495661790518800e-02 -1.364749380796099251e-03
-1.327677084409097444e-02 -3.568911439543905311e-03
-8.999707331562698323e-03 -5.959697560171334577e-03
-1.097703811944842310e-02 8.780452202022424185e-03
-5.584661269293251205e-03 -5.307896541382133015e-03
2.011591410074378174e-03 6.753055170518446580e-03
-9.129804241970355255e-03 -1.180069710029662232e-02
-9.194164811750905539e-03 -1.003990748906672531e-02
-6.783227354897207288e-03 9.475683898458294244e-03
-6.842534945903815287e-03 5.528927071273169111e-03
1.254133023921009775e-02 -4.839918822768922782e-03
-1.314188605806790831e-02 -1.291447383625160972e-03
-1.216573453631584339e-02 2.414271920013008003e-03
7.436381485132070521e-03 -4.293227008319339295e-03
-8.672552575236391545e-03 -6.505876572501585915e-03
6.203654844334736962e-03 5.569794269031763320e-03
3.213701303178534592e-03 3.964779470072376730e-03
9.004238437806410394e-03 -6.430342099443815511e-03
3.090975201111414127e-03 3.172512362045307090e-03
4.337819928233880087e-03 -1.346268271664475061e-02
-4.093349191350291981e-03 -1.079712515842215850e-02
6.327375225913279937e-03 -1.068106222749010299e-02
1.420131355783834509e-02 -2.444481687304346333e-03
-8.426746603892325618e-03 -2.516257937841660276e-03
-6.337762752986373163e-03 4.515081802829935993e-03
-1.502049348675191459e-03 1.018914251394794322e-02
-3.078149710852258534e-04 -1.119371618085534224e-02
-1.104422913792048148e-02 -7.818804484325521040e-03
-9.802802671952669938e-03 4.570360886562337415e-04
-6.505213367089416297e-03 -7.932363353814052276e-03
8.431960598153280875e-03 -2.087556472516624313e-03
8.723915775439412823e-03 -8.596907805758507645e-03
-5.585585385752970915e-03 8.355309295926812568e-03
3.445175926217931752e-03 -2.964491975254314026e-03
-7.585321664130702593e-03 6.011595699189366780e-03
-4.635566306576710018e-04 -1.217963486811756042e-02
6.182528506058220137e-03 -8.325691829206505190e-03
-8.464642928882687434e-03 7.856867760719522115e-03
-1.140591895452633571e-02 -9.443979518043097918e-03
-1.174801978861818828e-02 2.517799719271361907e-03
8.572443168037761560e-03 6.267395628494668025e-03
-8.094957284761117311e-03 5.996251882069970202e-03
-8.949709327371616063e-03 3.909920572317087707e-03
-1.158833257468947159e-03 -3.945930223597958995e-03
4.964785834506445054e-03 4.481489064504082590e-03
-1.158861805897988279e-03 1.073971281251443616e-02
-8.553406329086247345e-03 6.688700587690697003e-03
