6.893473950151652457e-03 9.831074046032345012e-03
1.183856389414972114e-03 1.448587216586469991e-04
5.679330256089890408e-03 1.632546428821870501e-03
1.573440586853339313e-03 4.192169452639275817e-03
-1.321041889692775237e-02 -9.026807673182153657e-04
1.393393006250857186e-03 2.539873211429271877e-03
-5.901192556268200322e-03 -4.168444123870896495e-03
9.448307363478340715e-04 -2.992874016669634825e-03
-2.755907919391235167e-03 -1.040600651257954368e-02
-8.542848482407768701e-03 4.580364593199205865e-03
-1.407990647633842671e-02 -3.133485857247039937e-03
1.382636781463546238e-02 -1.387102395074014602e-03
3.998407131813781074e-03 2.702358304935771702e-03
1.111307288323423216e-02 -3.598556806821507324e-03
-4.604680710430486025e-03 5.093285334520198347e-04
-2.942645245377362769e-03 -4.427283474080213194e-03
-5.427978919679537356e-03 1.646069514786634765e-03
-3.481989718771993318e-03 -2.073221550718337778e-03
1.386506917099869507e-02 2.300512308906412819e-03
-1.296125488581058305e-02 1.133962867578421074e-03
4.758815636973335629e-03 -4.426756570368284294e-03
-1.054411160410232383e-02 -9.369723073827190829e-03
4.371626244784300127e-04 1.345878463963588473e-03
3.642223602234227753e-03 3.904703219366246775e-03
-2.873864064317825651e-03 -1.337687950681381785e-02
-7.785090321500424092e-03 -1.767729811389511570e-03
2.070140420867604483e-04 -8.180901245363301696e-03
2.671943230784997857e-03 -6.951398215194162962e-04
2.646238056675282065e-03 1.442601553262085404e-02
8.857248943806637735e-04 6.878625692060672848e-03
2.107947390703147125e-03 1.377155691280190341e-03
8.520719690468312249e-03 5.713784731371311133e-03
3.844735224231316841e-03 4.596793562425971306e-03
-4.761801230680695433e-03 -4.126166385336613868e-03
6.453788750926248499e-03 -2.090720153062206044e-03
-1.135992179955491385e-02 -8.553050725210023519e-03
1.260103195509902282e-02 6.918380855846730307e-03
-8.919516208039232272e-04 -1.270599191777402846e-03
-9.245540202472006834e-04 7.906958098056641538e-04
1.028712432973297175e-02 -1.680795354771553833e-03
5.226728585057581304e-03 2.949798009719924521e-03
2.389713801264954900e-03 1.352504324594901771e-03
1.442360490167996639e-03 -6.230537393869390629e-03
-6.427876096850412195e-05 7.660444431171926645e-05
-3.276205312669222026e-04 5.991048721843227239e-03
-1.223736041172164730e-02 -8.440794402993511553e-03
-6.647886321205533078e-03 -2.967424381567777131e-03
7.495372878181989079e-03 4.135442590220816256e-03
-8.100464879869952433e-04 -2.768361372237754074e-03
-8.469692650761865421e-03 -1.885286822110660270e-03
4.482270204465121487e-04 -3.801196198322471902e-03
1.431283317248618209e-02 5.223088900111480873e-04
4.946814250334596701e-03 -5.117521741301332694e-03
-6.320584631718910440e-04 -1.371497364558659990e-02
-1.906489576128993181e-04 1.471785641647706732e-03
-2.920181203982756026e-03 -5.387489372230493470e-03
-6.770217116719280323e-03 -8.422241993227608248e-03
-6.763655140840871445e-03 -4.696325067090642395e-03
8.266382760350599393e-03 -6.117754167942092078e-03
7.096448591107766893e-03 8.500171609664861072e-03
1.126926736556639087e-02 5.082923670821540285e-03
-1.268996208275531730e-02 -7.123542822096600932e-03
-8.922294321794744382e-03 -5.680352412119268890e-04
-1.473909082187987996e-03 -7.111089369248259698e-03
7.461972210324534574e-03 -1.114213055189145971e-03
2.219341559752117596e-03 6.221117593793181692e-04
-2.633912373332636045e-03 -1.428513232733994928e-02
1.845994677283737447e-03 1.222621630530537412e-03
1.250692890844411556e-02 -3.081676374819442184e-03
5.120970353968970316e-03 1.147674442661217667e-02
1.288014802140782962e-02 7.674749959874958838e-03
1.479209770693195886e-03 5.549048427819404036e-03
2.914417496518521920e-03 8.972523093086555435e-03
-3.200686327170000622e-03 -7.488013797824107087e-05
-3.260239944327756462e-05 2.061295001583066892e-03
-1.070195184623837833e-04 3.238988549327111947e-03
1.160218858533852183e-02 -2.470165992450541748e-03
-7.628305050705364541e-03 -6.466178319021114590e-03
4.151616020442091821e-04 2.830915826878028108e-04
-1.028124926043198772e-03 1.055961453541046612e-02
5.454817611658580381e-03 -1.223307955136392587e-04
5.897807246329545873e-05 1.485436497117136219e-03
-1.201019742304370534e-03 -7.466937649372223842e-04
-5.914109028075106335e-03 9.070601656121708364e-03
2.388324744386517099e-03 7.421482662875382268e-03
1.071772497833105992e-02 -4.060833816945393082e-03
6.907986958787479606e-03 1.121392956002511751e-02
-5.895093599349606091e-03 1.580465581691455068e-03
6.414033587139728737e-03 9.624586907658085055e-03
-1.319935450095830951e-02 -6.049755429603132992e-03
9.836246965032888548e-03 2.901421314265114747e-03
1.850832346828559750e-03 1.683573468527747689e-03
-3.927901644422017620e-03 -8.386989249530761581e-03
3.703852018951093398e-03 4.609119245769186315e-03
1.041786917696316261e-02 -5.920319346831232413e-04
5.095057699907977120e-03 5.907020148484766822e-03
8.157511166050753978e-03 5.213205499092707536e-03
1.026718286308805905e-02 9.855326278511973223e-03
-3.200686327170000622e-03 -7.488013797824107087e-05
1.265298503272874533e-03 6.700893206255031584e-04
-7.762163261148152457e-03 -4.750928488968140032e-03
4.104963631317138859e-03 1.486362535035867143e-03
-9.707433904082554601e-04 -2.576850261458455901e-03
-1.503525887925836937e-03 3.503128588039244352e-03
1.462972455723780211e-03 9.012278256868750965e-04
1.367799659555684472e-02 -1.054708079013811674e-03
7.122824264127783703e-03 1.204690310836506635e-02
4.701098851883241808e-03 -6.242351999195989987e-04
-2.906131214307313814e-03 -1.981641078811655250e-03
-2.641400387125938422e-04 -1.396506369461521322e-03
-8.939457674684143235e-03 -1.169870284490501840e-03
-9.210622708235532627e-03 -4.269300800662924160e-03
1.304707165025428134e-02 1.875212348812852967e-03
9.639036031541009519e-03 6.472900297765354222e-04
-3.549381842953093068e-03 8.073961437347857307e-04
3.012687713810672033e-03 7.656453089117509075e-04
-5.950958308600876739e-03 -2.708984165566405422e-03
-1.385493081294866466e-02 -3.401601412338056685e-03
-1.312275005664658920e-02 -5.985476668634630293e-03
-4.501700593098748905e-03 4.120338793120726512e-03
1.194385910628167555e-02 -5.055366420873109307e-03
6.589036018246112458e-03 -9.874948321396802980e-03
-1.792493121883058371e-04 5.658654405783025178e-03
1.046889621666904219e-02 3.236465974578206766e-03
3.332564692272812525e-04 1.780853763148154039e-03
4.235708478547331457e-03 2.575125955124297518e-03
3.151255824292474930e-03 1.086828352270297060e-02
-3.641297564314816600e-03 -7.950688778219520969e-03
-6.248626784677521057e-03 2.001790025407272026e-03
7.847517006631466244e-03 9.783096484785480662e-03
4.791367649521326849e-05 6.632511159403196160e-03
-4.342392747555354898e-03 9.997806020621228390e-03
-1.811204952547275935e-03 -2.041944323401735911e-03
7.733137243874563943e-03 1.985217460982134901e-03
1.417632461779175582e-02 3.018579190778780327e-03
-1.759714893880441567e-03 -2.364391935671515286e-04
2.194817962570133792e-03 -1.101659085702925284e-02
-4.447432420676401127e-03 -6.212112753606790355e-03
1.149689337320836460e-02 4.033787645015184109e-03
-7.086102753107249679e-03 1.108961891916935075e-02
-4.200583504355719436e-03 5.939494778424740488e-03
8.201848460370263043e-04 1.667272268806108907e-03
-4.550540307512012869e-03 1.533813192571945776e-03
-2.979622295406437072e-03 -4.849933089921563967e-03
-8.326957369644179263e-03 -9.989583623161563813e-03
-5.591581705356675393e-04 2.533247350797958580e-03
-1.082163113358220949e-02 4.495809116129957997e-03
-8.362337882844902287e-03 4.209668054983144517e-03
-4.461147160898053070e-03 -2.840176206065341685e-04
9.158047190793366997e-05 -5.758585044647891163e-04
2.402502503567195691e-03 -5.296052495520822819e-04
6.822633213304166687e-03 6.181761564207778614e-03
-9.294252147385259621e-03 -6.036503708340506397e-03
4.081573552005841876e-03 6.492553992041703859e-03
-3.326130485896345353e-03 -2.725684499496668339e-03
8.949596032734175380e-03 6.878118105885667327e-05
7.043234226108704456e-03 3.429701391691663756e-03
4.512972469018676838e-03 1.142346617686021415e-02
1.005108427037262192e-02 3.734394862605742733e-03
-2.902554832135691848e-03 -6.808647108380267571e-03
9.570717869441858205e-03 7.573893283084073488e-03
5.047607042373150089e-03 -2.748483790344494193e-03
3.551106149286680294e-03 2.457568944404970711e-03
-8.144211385790252767e-05 -5.252305989668561593e-04
-1.500955254122035912e-04 -2.932570772079554598e-03
1.571716280519751437e-03 9.272043644995195920e-04
1.097113587052650670e-03 1.181669064122468395e-03
2.189852523520075325e-03 -1.206064891801611038e-04
7.568321229879338904e-04 -2.302108845735444543e-03
-1.307448472301922190e-04 -1.088763420088430158e-03
5.582321326176166269e-04 1.512738208056456195e-03
4.093100966934310955e-03 -6.775134496704213714e-04
-2.147574784985791831e-03 -1.018784836407344001e-03
3.092740770788205036e-03 7.359854246158625476e-03
-7.881843712408331468e-03 -1.098676657134217000e-02
-1.227986203788078347e-03 9.086503721635403458e-03
-5.075707021726755426e-03 -4.063212796495465143e-03
-1.256549202101280623e-03 4.297799914223332171e-03
2.726083633703471013e-03 3.293448376005096451e-04
2.284242760580814172e-04 6.261814621187134812e-03
-6.722303440224638646e-03 -1.789730833823732943e-03
4.611242686308895770e-03 3.216588392684946451e-03
4.777368046739810525e-03 -9.893899865371331287e-03
8.179975207444132972e-04 4.252999600935599605e-04
-9.915501753597608103e-03 -2.184679604520102080e-03
5.118320009715400347e-03 1.225776489732637552e-02
3.177296247857343617e-03 5.081071594982935688e-03
2.614689464655290275e-03 1.084388769503204144e-03
5.705578159608317443e-04 1.653621413336679637e-03
4.738874170328423799e-03 7.109365062915242763e-03
-6.196673707051660041e-03 1.784302375814649129e-03
1.313004699816241842e-03 -1.338827915223830128e-02
-3.286040072654674866e-03 -5.107048133796722282e-03
-1.015591646354375294e-02 7.465659954327763873e-04
-4.318619359732214173e-04 -2.907919405392443701e-03
-8.711033398626062685e-03 5.091944336696633405e-03
2.284211109184092724e-03 -1.283442167020773343e-02
-3.117392137475996812e-03 -7.641620656720214677e-03
-8.254855345422350624e-04 -1.052313273772535708e-04
-3.326130485896345353e-03 -2.725684499496668339e-03
-5.182726540189139426e-03 -8.242242471683531961e-04
4.187667032548243566e-03 7.299551001568545250e-03
-1.426525474544669027e-02 -3.223741157027508637e-03
3.154496957008946171e-03 -3.292665933285878876e-03
8.306936192551295228e-03 -1.052211058166935276e-02
-3.912255117916292081e-03 9.640760337874596311e-03
-8.977153282681573331e-04 2.314434529078659986e-03
-4.341929728596329550e-03 7.974813241194022087e-03
8.145648501667135041e-03 3.049329514384596044e-03
-1.818692966344307750e-03 -1.721875690683607411e-03
-4.740598476662011458e-03 -1.037433015105499942e-02
-3.691861585061667790e-03 -1.380217946690805858e-02
1.353765611968212480e-03 2.898244066302118650e-03
7.999927626840158332e-03 2.600703359730139556e-03
1.887011128444819087e-03 -5.204727562622789641e-03
8.966759385623572498e-03 6.706162243374320583e-04
2.278782651175009777e-03 8.455547706856633879e-05
1.155679748359164302e-02 1.473238583278366556e-03
-2.171763132712625777e-03 -3.323544026395678502e-03
-1.942412818736493664e-03 -1.107714964062958465e-03
2.135249101642576822e-03 8.779016311271203420e-04
1.259071776853697535e-04 6.278115820912198806e-04
1.023424521418770002e-02 2.582677853674342390e-03
4.913158043466100446e-03 1.234669502498198998e-02
2.695205540592420651e-03 5.655604927322191097e-03
-3.685092129227681671e-04 1.061461709150251630e-03
-2.142737115440398587e-03 -5.578329984108139523e-04
-1.029103596135974401e-02 -2.826142042080071002e-03
-3.912462597866206426e-03 -1.105011929439194199e-02
5.051853923453711315e-03 1.109239703292622461e-02
2.407340173112017777e-03 -6.865341155487211279e-05
-8.496068323781882231e-03 -5.432018320810863381e-03
-2.743837775055769403e-03 1.244874910439556712e-02
1.441434452249945510e-03 -2.184551835014976288e-03
-2.982400409163882098e-03 7.288023586640077905e-03
-3.112554467930603677e-04 -7.180668818723684845e-04
8.318335837976460409e-03 -6.335241817534716276e-03
-1.366659695013225199e-02 5.241576843149129902e-03
-3.317381184723390119e-03 2.242204735353308439e-03
-5.332822065601343017e-03 -3.756795019247907361e-03
7.783701264617685911e-04 7.836708149664062999e-04
-3.528977357347224710e-03 -1.275171826897548641e-02
-9.624395253401306013e-03 -1.062137072163120595e-02
-4.448023209139301097e-03 7.167816231667860707e-03
-9.446534998090077087e-03 -1.021104678913261135e-02
2.022928894674984931e-03 5.678931121883087733e-03
-3.400675374418755254e-03 9.808945254094139296e-03
8.016292711315381112e-03 -4.108412243984314177e-03
-3.044699324789687869e-03 -1.208427929260219406e-02
-3.075242168445017649e-03 2.575924223539044315e-03
-3.880578756391065212e-03 1.162545089514594419e-02
-1.442999104899859650e-02 3.817768762747609894e-03
-2.183290547641093989e-03 3.846523415316447161e-03
-6.237562388707506601e-03 -3.145284636878326479e-03
-7.950704603915707217e-04 -3.408498637672869626e-03
8.744769315940597795e-03 9.491654735134026979e-03
-2.478180909960863570e-03 -3.580659070270836818e-03
-8.394014244370128289e-03 2.224977497711796634e-03
-4.668959471398989591e-03 5.859329777637392773e-04
-2.053679218280799780e-03 -1.170960723800770764e-02
3.057280547141442723e-03 -1.048870991381064925e-02
1.756729300166848468e-04 -8.316483762144136161e-04
-1.001583152667770600e-02 -6.576710334903468173e-03
-6.700765436750803945e-03 1.296048826878118225e-03
-3.838636267311932443e-03 1.152116143138202800e-03
-2.791160663088083135e-04 -7.563691040282280974e-04
-1.402530305446092994e-02 -4.131993977554322683e-03
-7.349108109912369166e-05 -2.868292011109908717e-03
-1.027997156539323933e-03 -7.973216704369775597e-04
2.557435698524792526e-03 2.863917360524002257e-03
-9.119170005832264586e-03 6.511776900717908614e-03
-8.968946710916185505e-03 -1.912588533049980680e-03
-4.594542352380454747e-03 -5.917605699796253324e-04
-9.435694489740619265e-04 8.280831884234776327e-03
1.017188299585358073e-04 -1.676947607897114620e-03
-3.838173248352907095e-03 -8.708766362890045867e-04
-2.647882652562828266e-03 1.435683521735337323e-02
3.780456463262812841e-03 4.673398006737690749e-03
6.626013068277908976e-04 -9.452298705553168661e-04
2.444541110762209896e-04 -9.781244408948017513e-03
9.020899788539542882e-04 1.695100883457576792e-04
-9.044752886813729742e-03 5.334083352974543571e-03
-9.166285413911940891e-03 7.190216388308884321e-03
-1.641295729993464412e-03 7.114410212410550785e-04
7.215793792914154334e-03 5.402066265619795762e-03
1.173777110211353739e-02 -9.204507343649019624e-04
4.297464664768861457e-03 -8.077394224318384941e-03
-4.638209147793174308e-03 6.616609093888359619e-03
-3.062453466141987126e-03 6.938146493938824808e-04
1.386944382158449181e-02 4.784456926330830050e-03
7.295304120485043018e-04 -1.802854785582374978e-03
1.152741492846821175e-05 -7.170067441712125664e-03
1.190881384253768315e-03 1.847782868369547997e-03
4.611833474773157499e-03 -1.016334059258856143e-02
8.168910811474557401e-03 9.400074263226202570e-03
9.902713051294576713e-03 4.066789178665264348e-03
-6.725752052892384689e-03 -8.319661010102565382e-03
-5.371188172509425846e-03 1.889533703191902158e-03
5.175701545349771851e-03 -8.786998995418673561e-04
1.321433052855452289e-02 5.409618164169840634e-03
-6.432122977947177418e-03 -6.180436392082245232e-03
-1.228069195768057703e-02 8.101518687293566071e-03
-8.726344675677427665e-03 -3.601861824290310092e-03
1.333951914824016232e-04 3.077429493730912723e-04
1.408369033846281924e-03 1.899735945994156542e-03
-9.663687398226868813e-03 -9.290564403376623190e-04
1.130670743455449226e-02 3.482580507235683021e-03
-6.898439389201710056e-03 1.064910321816746504e-03
2.786322993541328133e-03 7.102739202284609477e-03
8.903741912028270353e-03 6.035178536214973015e-03
-5.159336460876481553e-03 -5.830415704173048247e-03
-5.529569980132836675e-03 -8.033919083162553709e-03
2.535769925545721878e-03 1.113507390566845223e-02
-4.855393199326685748e-04 -5.955396843939577030e-03
-5.234216598854613337e-03 -2.629729377001796022e-03
1.261832307749229456e-02 -3.836720306722137333e-03
6.920903430604043258e-04 -2.025116219965180384e-04
-1.460322111471570915e-03 -1.682248296402213874e-03
-9.707689443095308957e-03 -3.054630202889233644e-03
8.768159395253256536e-03 4.485463278129333230e-03
1.071124462128930990e-02 -9.230139070511842944e-03
5.489799992032447576e-03 -6.584176717172492144e-04
1.789517010228764413e-04 1.471152973690767127e-02
6.727678347556909424e-03 1.751733912830933347e-03
-8.430902875736154267e-03 1.028234954304710520e-02
9.710901681992656007e-03 -1.100898471343891155e-02
-1.325249638358199158e-02 -6.615417830773634086e-03
1.093283508668994354e-02 -4.354063107759817593e-03
-6.185115576406077960e-03 1.322832411364700464e-02
1.296020246859060088e-02 -6.665653019996808362e-05
-2.573507955065180638e-03 -1.059229108289900037e-02
5.498487737451541492e-03 8.756932487556017084e-05
4.898094869885275329e-03 -1.390861615108959608e-03
4.487622737607123956e-03 1.175654667996007575e-02
-9.955596749864242465e-03 5.117965509746713083e-03
6.772967814422215828e-03 9.425171600967488864e-03
-5.834282013378254113e-04 1.344761929615999330e-02
1.150038228293096508e-02 5.353806193772977715e-03
3.323010226462728717e-03 9.880557306312626187e-03
7.242623318335570911e-04 -1.568252682187757686e-03
-8.402940340985640133e-03 -9.672297377859609760e-03
7.868490014946405778e-03 4.093381949054508587e-04
-8.437452724547636965e-03 9.701228064205190751e-03
-6.855792571131009983e-03 5.363455888328216153e-03
-4.260275683223681623e-03 1.302242421086406178e-02
-1.015624575201044474e-02 -5.627631499153252712e-03
7.533025681688157796e-03 -1.141205631728641964e-02
-2.261804663002493689e-03 -2.513464873705930063e-03
8.879454468367225378e-03 1.167914265712000077e-02
-5.265317865740490842e-03 -1.323483992777135278e-02
-1.085503841096921614e-02 -9.723866895608279659e-03
4.512285292790369634e-03 -2.666832009389932898e-03
-6.551880208761888145e-04 -5.823076714065086520e-03
6.122250192442510799e-03 -1.001348303273218512e-02
-2.749433790496184481e-03 -1.084551496662724407e-02
3.248967673576871103e-03 6.242897007653438503e-03
5.448520321212258280e-03 1.111753153423169181e-02
4.408713805380042798e-04 -1.040781792017458560e-02
-4.666749088133416781e-03 -1.255985744032935697e-02
1.083135102258147436e-02 9.060788090694280386e-03
3.213972705925145865e-03 3.746715097845514531e-03
1.205662783163239347e-02 5.642672557550275532e-03
-8.155644284883608111e-03 4.135747617109945123e-03
-7.182769681565873490e-03 -8.049080210389221793e-03
2.474258114606948077e-03 1.452121981877824326e-02
4.603271240102279997e-03 -1.252726036125621171e-03
5.147831968055406084e-03 -3.905274162970383094e-03
9.965862577342764553e-03 -9.662058530027117093e-03
-1.036543402164224678e-02 -5.812314660857437632e-04
-1.322920807713438493e-02 3.386704420761164555e-03
-3.173951937902087968e-03 -1.227558900015543984e-02
