-5.571847718667690894e-03 -6.894527757574367074e-03
3.201612365089983366e-03 -3.971105420875712701e-03
-6.225236705364291592e-03 -3.004401431598103904e-03
1.396321161878504025e-02 5.450570730578589013e-03
-2.246308021235036544e-03 9.211085727195129566e-03
6.189185693253838709e-03 -1.464233743098342522e-03
-2.226031305134973555e-03 7.008907520331840099e-03
8.741783722232667267e-03 9.387317794298101307e-04
-7.156017452034752271e-03 3.394320878490831011e-03
1.328609730332142025e-02 5.012945087141135875e-03
7.546990706352697635e-03 -5.415988485792042929e-03
-1.223391179905469056e-02 -1.910864226716502308e-03
-3.166359621393135832e-03 1.128789948578448046e-03
-3.623463712515906897e-03 1.131903311789770640e-02
3.932404064513049871e-03 -4.860023388911231985e-04
-8.663742161986523471e-04 -5.034818340069548842e-03
1.215903166107713124e-02 5.111550553887074522e-03
2.283157301760235791e-03 2.568500094493664666e-03
-6.451473656127828388e-03 -8.024243744072227791e-03
-6.919977392676904780e-03 -2.020869338886246546e-03
4.253670099850906383e-03 1.048791164539590245e-02
-3.694767468324349196e-03 9.692713415499884869e-03
-6.785514314012553241e-05 4.903610473880330896e-03
1.026604934521759167e-02 -6.789567794899932160e-03
1.138503618520037008e-02 6.811824356343264102e-03
-1.274047804443897720e-03 -5.637978555475018499e-03
-1.206227827016865227e-02 4.107486206064903458e-03
-1.003010540398313697e-03 8.818388166544385842e-03
8.476717645601802853e-03 3.588210968820200811e-03
5.103471751624420738e-03 1.540965956913366080e-03
6.761467815547687714e-03 3.454352758378773786e-03
6.933229113938171352e-03 -1.884233014687945219e-03
-1.240924947961815662e-02 8.254727575917684967e-03
-6.364523373816162455e-03 1.162982554573117021e-02
-2.248830595983941725e-03 -1.364830007936294670e-03
-8.170427637856868958e-03 8.025840280901721385e-03
-7.977208046437801259e-04 -2.627478166957531065e-03
3.358269866380597136e-03 2.687382277340808617e-03
4.728400562822671072e-03 -1.123489260072668564e-03
-3.220164774855887105e-03 9.438248715878078815e-03
8.469317896324601858e-03 2.329723043036389246e-03
7.251008339946234116e-03 -1.330323732590072599e-03
9.820288041107145399e-03 -5.261546954574449625e-03
4.868553724990712719e-03 4.238136524289523241e-03
2.843127080760203193e-03 -5.748198828148234386e-03
1.289732356340570103e-02 5.026876382017459062e-05
4.954192939952751541e-03 -9.720755843788593878e-03
-1.185612246088643337e-02 2.331866881924497771e-04
5.382459866139466600e-03 -3.319908269340673349e-03
3.420091396174465299e-03 -3.145190866000657976e-04
-3.558657915093423742e-06 2.387498013370743799e-03
-7.973823099187720212e-03 7.355382086382443452e-03
-5.113205485033513577e-04 -2.951996412662398310e-03
2.305255477568721525e-03 -6.459147311702967409e-03
-7.371205100407667021e-03 8.865675992068607764e-03
-9.458341343761073744e-03 8.757492347948448233e-03
-1.446726812042189092e-03 -9.408659853548252249e-04
-8.819407289572811504e-03 -3.384516243655846975e-03
-1.346021568781646631e-02 -5.216071661480640304e-03
-6.408180590091877571e-03 8.853542863320438411e-03
4.357069481398802638e-03 3.440970114520248545e-03
-1.204818536765154581e-02 -5.146607407043693114e-03
-7.927031438909677014e-03 7.444733561594780481e-04
-9.653158724801477741e-03 -4.883676167520243326e-03
-7.386765801933975820e-03 -3.402234254356248811e-03
3.050583410603782686e-03 -1.365973663872898855e-02
-6.356698027575448037e-03 1.127714700013635225e-02
3.137498791151178273e-03 -3.923398246638339776e-03
8.661097217902681555e-03 9.565494293234982209e-03
1.057820116300662271e-02 8.820142865297522436e-03
8.821346482537775020e-04 -1.005872245025819442e-02
7.838977871229399833e-03 2.589691007714111769e-03
3.914459349937580990e-03 -9.874081890912893636e-03
5.879688407851140983e-03 1.364102857731574851e-02
3.204937290497949197e-03 -7.249527596415534549e-03
-1.052718038105589227e-02 -7.448470096897468785e-03
7.097520799053408033e-03 1.256824297979571015e-02
5.923909549142933155e-03 -1.257653809389166003e-04
-4.994924426421372583e-03 9.241456482497016622e-03
-2.749709280622782744e-03 4.541992039806613205e-04
9.968368063540152327e-03 -1.718964839625681824e-03
-1.322776101154188137e-02 5.207291164934687612e-03
-3.863788466534386480e-04 1.163096978816649182e-02
-5.250329205712355764e-03 -1.033945432322655282e-02
1.202765916892067563e-02 -3.610954312308124661e-03
-1.386228422816485799e-03 -5.860216349677920857e-03
9.348520207649653468e-03 -5.653674306346267824e-03
2.571546249460300582e-03 -1.153205011628856413e-02
3.383414046558084597e-03 1.483753373787777838e-03
-3.717422643275781775e-03 5.481751197380025503e-03
-1.328639669694996672e-03 4.708993555904411772e-03
