4.815271134688296414e-03 -1.351723580838325514e-02
-1.079950234165183865e-03 -5.798340208443544461e-04
-1.271957888849123593e-02 3.490675135191364555e-03
-4.323249549322467650e-04 -8.849266259652363142e-04
-3.356082541087984563e-03 -1.445409968628259996e-03
7.515314344827252408e-04 -7.400679043065893151e-04
2.972054571162574283e-04 -2.687781411547611292e-03
-6.476252792315764263e-04 3.050926051220236414e-04
-9.207509345022938177e-03 -7.073314050804328443e-03
-5.811001141239493725e-03 1.324675709942972450e-03
-9.009037124157855125e-03 4.687751012500728301e-04
-3.825847565008331196e-03 -7.299934310076394792e-04
-4.053010553692639600e-03 -1.703850184629632355e-03
4.218082106700268147e-03 3.996283691274071619e-03
-3.166694870848286124e-03 -8.205153477841788459e-03
-1.073787392492781684e-02 -5.093924182038080464e-03
-1.947713507241702205e-03 4.543259773658967632e-04
3.279941115735290035e-03 -6.418615717674518249e-04
5.698217915312086754e-03 5.499346560238380435e-03
1.173995842740615039e-02 3.215215743476466589e-04
6.751989368497437333e-05 -1.423755390030056675e-02
-3.801068428818596412e-03 -1.180516322629395626e-02
9.219036759955622200e-04 -9.675339091005713196e-06
-2.524035030666768164e-03 2.385738284885279958e-03
-8.711368648081212543e-03 -4.241999089723604184e-03
-6.713889388508195027e-03 -6.155785025395134336e-03
-6.431787728492026693e-03 3.153507034337992357e-03
2.786322993541328133e-03 7.102739202284609477e-03
1.879986133612607734e-04 -6.907651709330482918e-04
-5.248314647582313745e-04 3.736917437353967468e-03
1.495297043791936689e-02 5.372849176061116061e-04
4.748214259964279871e-03 -1.302674687509431956e-03
-2.841389434378423142e-03 -4.081238302549440415e-03
7.972577856847546697e-04 4.650470946384738236e-03
-7.879176960488990314e-04 -1.306251069680941165e-02
-4.335703002171708773e-03 2.366786740911893533e-03
-3.442362324490709068e-03 -2.431592405592325999e-03
2.480831254213073517e-03 2.799638599555497823e-03
-3.583708548729957859e-03 -3.962739428219033862e-04
-9.091149736919608643e-04 -1.872434235054836350e-03
2.265993948872768986e-03 1.966665051215550283e-03
6.254262722636518348e-03 5.770112459582968020e-03
-2.159900468328436116e-03 -1.159668041688247456e-03
2.588313791635272164e-03 -2.462342729196998967e-03
1.414132741310516030e-03 -1.685297774861906290e-03
1.001158464558920018e-03 -7.264170488371600454e-04
1.108299305853928905e-02 9.038653929893664465e-03
-6.453325731965862261e-03 6.772737363614075509e-05
-3.220500024311608554e-03 1.043052894585223215e-04
5.828962762542278485e-03 6.588109980326810160e-03
7.801790655430226873e-03 4.392557634095974571e-03
-4.899363592798408780e-03 1.377302568013173516e-02
-6.525427756187909475e-03 -8.869542975755390773e-03
3.593383887820963789e-03 1.318177618817465606e-03
-3.614921891294798489e-03 -4.403957279519316557e-03
-5.164637149381689878e-03 -4.268374762744193453e-03
1.108968280392157342e-02 1.407634650183187293e-03
1.322424499898707494e-03 1.024749693545032661e-02
4.265612474680124423e-04 4.469960346821299363e-03
-1.154586085712686408e-02 4.736622960282337383e-03
9.402995972182592171e-03 6.062480247154292991e-03
-7.006847964542530990e-03 1.037287720942433808e-02
3.112091448970788054e-03 9.203661598149070339e-03
2.846227103924606552e-03 4.542190140547791924e-03
1.131373242939385897e-02 5.185504653945904006e-03
6.314629851978252259e-03 1.186570618419623309e-03
-3.430036641146133169e-03 -2.290709200310960675e-03
-1.429785714488996870e-02 -1.162446155444441312e-03
-1.055484075061661510e-02 5.111295014877964386e-03
-4.848544033042447021e-03 -3.089356042873472267e-03
2.287867201801753979e-03 1.438638813833763817e-02
-1.340855586833904385e-02 8.891735070464786353e-04
1.828368305435313246e-03 2.643779366679169414e-03
1.474835120107398931e-03 3.065103810394986372e-03
-9.291601803133049675e-03 -6.817524179055845825e-03
1.040634176203412455e-02 6.578035507029681567e-03
1.935850842858083485e-03 -2.618201962074008255e-03
-1.968325472797485994e-03 -6.677439242190368746e-03
5.928031248248605105e-03 5.692182843145034317e-03
2.882405885539505216e-03 -2.346110890603886421e-03
1.042455892234681047e-02 -8.223051214392458966e-03
-3.088829139162794536e-03 -2.852916849308142957e-03
9.557593917684467991e-03 1.220594308108209278e-04
3.078690781111402801e-03 3.954005952738646676e-03
-1.304707165025428134e-02 -1.875212348812852967e-03
2.140677559651659768e-03 -1.204107551614917726e-02
2.232258031559594333e-03 -1.261693402061396865e-02
1.065437225527424018e-03 -8.030214931488793796e-04
-5.625652872130442600e-03 1.414931009725262610e-03
1.149705512192306794e-04 -5.582049961470625724e-03
-8.563636276519249677e-04 5.221028762345569438e-03
1.541428975874322826e-03 -7.126464531051167339e-03
-3.881041775350090560e-03 1.364844367457315223e-02
-3.096907941424087429e-03 1.084708076868349559e-02
1.928362829059690779e-03 -2.298133329357021203e-03
8.083094047032219134e-03 6.390899046836071712e-03
-9.399882608969995987e-03 -8.866493497295697274e-03
-6.373591516776700924e-04 -1.215293270415706596e-02
7.696495443300640366e-03 1.089651127156102128e-02
-5.153365273461761077e-03 1.127543020723674808e-02
-6.178121297283824254e-03 -3.682840919187255983e-03
-2.807190498106223141e-03 8.479367989852871351e-03
1.335803990664638204e-03 -5.014541623969486286e-03
-4.970076560142019061e-03 -1.233223007540274700e-03
-8.334365672996531162e-04 2.237830084766940543e-03
-7.655143742684408434e-03 -7.989917038294110097e-03
-3.766741723041160898e-03 -1.060149313973794694e-02
1.968788491756511341e-03 4.654446462763161575e-03
-3.805570848908268640e-03 -2.932171637870929597e-03
-1.706500528881951372e-03 4.834031024406727425e-03
1.716335288939841927e-05 6.018350432785753851e-04
3.417710957802918160e-03 2.149825995030737232e-03
6.067653166153695946e-03 3.918992922355359239e-04
7.670710558744884416e-03 -6.030149212412691875e-03
2.758223014187722796e-03 2.910426154446501407e-04
-1.552828621298126249e-03 2.939595766917670570e-03
7.014208208836476832e-03 6.639903637067987724e-04
5.734396696927775150e-03 -1.388954470911476450e-03
9.866454559230917847e-04 -2.109272562829932543e-03
-6.928263674889474644e-03 -9.011751353162289480e-03
7.913312593982282234e-03 -7.719422503654163603e-03
1.255958413637019329e-03 9.082129071050177443e-03
-3.728966404596549197e-03 -2.867892876902425597e-03
2.390639839183006030e-03 -2.693481234259513003e-03
-1.081679346403738654e-02 4.956760954127168925e-03
-4.430396837292238654e-03 5.746658495518086607e-03
-1.279214393167288008e-02 -3.423602434772278491e-03
1.210695081391864787e-04 1.668597440928678839e-04
-3.808684212120293233e-03 -1.281583877302057591e-04
-3.088829139162794536e-03 -2.852916849308142957e-03
5.775620628039342293e-03 1.287457596820105674e-02
-1.042708149709378404e-02 -2.352864520738504484e-03
-2.822038756197201449e-03 -2.237430950560137868e-03
5.474296059345037588e-03 -9.635459649370639590e-03
4.263936227406173174e-03 -1.970113663882045157e-03
5.154498791331658600e-03 5.369463866175837319e-03
1.783903241607846454e-03 2.541198383554805693e-03
2.058644657330857379e-03 8.136228701586163421e-04
3.576220534932136527e-03 7.163425755382097759e-04
-2.259894991952813431e-03 3.782244654347943161e-03
-1.044769346264956718e-02 -9.484629740294769559e-03
1.522413547147462125e-03 3.636715433779455931e-04
-8.519458403095111695e-03 -4.258268638054887520e-04
1.176368375617940082e-03 4.649273543767756074e-04
7.253696880863211814e-03 1.778730322607193631e-03
1.468273144228988969e-03 -6.608131157419802398e-04
3.979391703088280829e-03 1.019249437936602630e-02
1.513568127859757362e-04 8.220528639644696101e-03
1.247731210270819693e-02 7.532541582468521568e-03
-4.966037159007508734e-04 -8.083221816535170884e-04
6.406545573341907406e-03 9.944655540374391228e-03
6.042538780508810436e-03 2.133125661101615764e-03
-1.601540566207516024e-03 -1.100386603947855514e-02
-6.230872643323860476e-03 -1.077630391658766264e-02
7.046347589321299773e-03 6.256881415502590395e-04
2.152412454530614784e-03 1.479736674404553845e-03
-5.550900503658117921e-03 9.571180888400993708e-03
5.471517945588953019e-03 2.502497027192143730e-03
5.375898072550372442e-03 9.928354340652752880e-03
8.742118971687026091e-03 1.027267520584822409e-02
-1.301446925080964462e-02 -3.936507350394777976e-03
7.547916744272110089e-03 -9.461974044645314955e-03
-1.158742003769516315e-03 -1.886085090525407718e-03
9.306529771671563471e-04 4.958213895757829399e-03
-1.280737549828114353e-03 1.993040724234997237e-03
4.933562529071970106e-03 -1.212419387728283461e-03
-5.432353570265334095e-03 -8.378751026377824658e-04
4.428880010908566207e-03 1.167925604860869590e-02
1.928362829060832661e-04 -2.298133329358381769e-04
5.217181015470450864e-03 -9.329041872123081808e-03
1.833796763444396627e-03 -1.027519778059713014e-02
-6.110266154143699155e-03 -8.586451393067587312e-03
-1.192610496492858656e-02 -7.722727521121144044e-03
3.504325990661364548e-03 1.246995185841436038e-02
-4.123851290540124503e-03 -5.353162666454198970e-03
-2.510783309404141135e-03 -1.519364068687769709e-03
-7.046219819816065127e-03 -1.198262434739656192e-02
9.295641204263696555e-03 -3.247462993997366626e-05
-2.599250418100050239e-03 -3.747518814363704539e-03
4.658230324884698320e-03 1.389508511094141724e-02
-7.371653025789803165e-03 -4.749603316841465202e-03
-4.375793415413378393e-03 4.748150375211947043e-03
7.519561225909392882e-03 6.440201780208471179e-03
4.991614563617213784e-03 4.319002668243267749e-03
3.082139393779148844e-03 1.048393612901747825e-02
2.839329878590474490e-03 -8.517670212008729771e-03
4.393499497716139065e-04 2.587850772675456650e-03
-9.544342196421839661e-03 -4.027161784383870811e-03
1.074825374227698048e-04 -5.261981328753177235e-03
-6.953314757763041920e-04 1.436346107798468566e-02
2.795790852678337697e-04 -1.266623675398979290e-03
-1.539576900035499437e-03 -9.655065866553790965e-04
3.579333898144161120e-03 -2.087670674602514279e-03
3.381196926732868771e-03 -2.958164002378204944e-04
1.184191638869771016e-04 9.478802148082066071e-04
7.582211798663712581e-04 -8.371087184015925040e-03
4.790491998498562498e-03 -2.442066013096936411e-03
1.567469399439191079e-03 -1.291367645877120052e-02
-4.581753650078214390e-03 -2.473870144126609494e-03
-5.867328869451151480e-03 -9.417812578888218843e-04
2.129852295022702235e-04 8.924944666048314351e-03
-2.476919622586301693e-03 1.707298797296127012e-03
8.981783472271828977e-04 -4.337427308505867156e-03
1.796228924951061463e-03 2.682081588835029135e-03
3.559057182044098565e-03 1.145075322607762725e-04
4.673461891490022710e-03 -9.458924566185623189e-03
-2.410788785779764253e-03 -6.461276764723959676e-03
2.996115149385534908e-03 -1.321611871964033583e-02
1.356786371388243873e-02 4.988293720454024111e-03
-8.848675471191747369e-03 -9.056679435949462065e-03
-1.078823046572475498e-02 9.745464761539921958e-03
-4.548225212714953648e-03 -8.581150704563628856e-03
-2.866040801072009653e-04 -4.363004713112413166e-04
-2.164275118914233721e-03 -3.643612659112665120e-03
4.505612224725520296e-03 3.865986037308974561e-04
-9.284175928170584208e-05 -4.712099363100352711e-03
1.306999871060655558e-02 -1.107986328765776796e-03
-6.679019953329995473e-04 2.507270811984171986e-03
-2.047117242401818010e-03 -7.983690311871422668e-03
-2.169112788460416698e-03 -4.104564497111017063e-03
4.218545125659293495e-03 1.973290911846863581e-03
9.502527476846583249e-03 3.143560330544167662e-03
3.627455054585340070e-04 2.523572011705810768e-03
3.765943454626984824e-03 3.290542492744918252e-03
-8.627739208932058007e-03 -2.474796182045340635e-03
-2.308734706366077829e-03 1.195719053799161775e-03
5.089293992439660992e-04 9.492053869337404226e-04
3.382921233067027588e-03 2.969148687901255503e-03
5.544546007729050929e-03 7.393781817729258750e-03
1.204498714777595125e-02 6.647614956503285037e-03
-9.761957615519019360e-03 7.277821343837143075e-03
-6.916273241000180875e-04 -1.820481157429547575e-03
-1.035544249183212306e-02 8.607398608079092767e-03
-3.960967062825680556e-03 -4.302701468521628533e-03
5.556999460576141428e-03 -3.822271182837961266e-03
8.350938237419737106e-03 -8.396536819117783601e-03
8.913880270078302498e-03 4.934089432783327414e-03
-1.527458696644131038e-04 -2.151550301364215604e-03
-4.982402243485234070e-03 -1.374106212820497925e-03
-1.373579309109820628e-03 -2.719058638865355041e-03
1.184916527116114740e-02 -1.675494666266916233e-03
3.902452009321411529e-03 7.942721919772853609e-04
2.000592622785612833e-03 -4.717799185812934434e-03
-7.932535502660419471e-03 -5.481321054184405163e-03
6.018989280303370555e-04 -5.695631455811528757e-03
2.891027417207223636e-03 1.397871455009239323e-02
-3.745666738524990654e-03 -5.492720699607746282e-03
1.240647136586444082e-03 3.883229100650563274e-04
4.345713590717865428e-03 7.889060361503906493e-03
-3.508828410752397233e-03 -3.596960269992475600e-03
-1.416783085562154602e-03 2.466318245576564622e-03
-6.187270314632238588e-04 1.442773983895433154e-02
-4.081238302550692018e-03 2.841389434378532863e-03
5.479468978346371290e-03 1.594356150479495082e-04
9.513927122276048158e-04 7.330429094684734513e-04
-1.411019378097920279e-03 -1.118715475279497993e-03
-2.320597370750267490e-03 -9.681569309082689459e-04
-2.687382277340237460e-03 3.358269866379916691e-03
-1.094926261760037663e-03 6.030324459008055190e-05
-9.368797035904158008e-04 6.498126045254408196e-04
1.799342288163086057e-03 -1.219316613056948108e-04
8.340672109865832073e-03 4.061488490161305892e-03
-5.524684251533825211e-04 -5.097771928912519027e-03
-4.296746106800374693e-04 -1.665947096680575092e-03
2.284881608094394174e-03 5.833465182632740012e-03
3.948178360522080176e-03 6.184811042667470379e-03
4.182749652554440967e-04 -2.520921667454743571e-03
-1.989528226815599245e-03 -4.292754764726638538e-04
-7.547325955807848361e-03 -3.917954940628193793e-03
2.115435404500968890e-03 1.057087058563883951e-03
2.025243989471472560e-03 -4.436032775251807538e-03
-4.954637513586778591e-03 -3.896353052400775528e-03
7.862030015267293392e-03 1.116595199877825316e-02
9.387317794292394067e-04 -8.741783722231987255e-03
8.691091931981149987e-03 6.444177296586894518e-03
4.673797140945173435e-03 -1.249811397653869012e-04
-4.063611930702267817e-03 1.420231698229900861e-03
7.137928061227873447e-03 4.982963708432793307e-05
-4.724361161692025059e-03 -5.726509548923151144e-03
-2.777573692369734656e-03 -2.134849967435774581e-03
-4.844041612952773926e-03 -1.196234763129649936e-02
7.448848258565783469e-03 -8.566046907463539112e-03
-1.218103268350998955e-02 -6.174337435161717652e-03
-4.816276883058971843e-04 -1.448459447087952195e-03
-2.765248009025729481e-03 -1.993966762153728811e-03
-9.153033692649314296e-03 3.285114034735834437e-03
9.729307157014394081e-04 3.818822570170324511e-03
1.054629892939629686e-02 1.061169538254088177e-02
-4.665238912008023292e-05 -1.344553291836912776e-03
2.197212767813231868e-03 1.091626108394915320e-02
-8.224903290230492839e-03 -2.332587804638441495e-03
-2.097681263149240791e-03 -1.383518100055928027e-02
-6.349754826171224303e-03 -9.701191351969803631e-03
1.636458060448642109e-03 -1.172392859238265139e-03
5.580134000880259890e-03 1.388540977185041131e-02
-4.313701979737487834e-03 3.429573622187678545e-03
2.957749042477451646e-03 -7.569789997200523923e-03
-5.078485135482839995e-03 8.074743880067318177e-03
7.880582425035129179e-03 5.698808703776347614e-03
9.963415430091460481e-03 8.817190763922155491e-03
2.613300407776852474e-03 7.153367107783683773e-03
3.529105126852459355e-03 1.394782063129184832e-03
5.930218573540779227e-04 6.934155151852578044e-04
-5.225004278723422921e-03 3.151670784191512587e-04
-7.911588287653700553e-04 1.098438759179435871e-03
8.168910811474557401e-03 9.400074263226202570e-03
3.201021576625150914e-03 9.408823564398477793e-03
6.925741100141139320e-03 -1.564164381969816719e-03
-8.768159395253256536e-03 -4.485463278129333230e-03
2.382273846529624033e-04 -4.173217908664747511e-03
3.198035982918362267e-03 8.559006086928994030e-04
6.721840421265613298e-03 3.812723613250940113e-03
-6.599509625755813850e-04 1.642093998399780344e-04
4.702950927720704957e-03 -8.716206317627286232e-03
4.427618723535364786e-03 6.391298181042873519e-03
-4.558363570765556518e-03 -7.480061601131304111e-03
-1.588879633409150073e-03 -1.529039407778094977e-03
2.856780421872182757e-04 4.482286030165195251e-03
7.925478856392868419e-05 -7.167417097468346690e-04
-4.079050977257507420e-03 4.083361743090400606e-03
8.995224273371020497e-04 1.092033242456648574e-02
7.535351931949744834e-03 2.271032619016478352e-03
1.316423690000299331e-02 2.476696641166652776e-03
9.025074651645294266e-03 1.030933549715652535e-02
-3.839724357398398291e-03 -4.359220470750550976e-03
-4.047179916387891492e-03 -2.486730842069513874e-03
-8.072379534936476378e-03 7.464680364500489267e-03
5.835913535887944995e-03 6.945541608049301402e-03
5.427613396855796891e-03 1.052263670938819416e-02
4.622111308002227817e-04 1.353094691001702904e-03
-9.348169074118041488e-03 -1.137179867424614006e-03
-9.125119069087396940e-04 -4.366547787578813067e-03
-1.212706439765643893e-02 8.304426143916722458e-03
1.036058869445951464e-02 3.394258545909770337e-03
-5.758066248804826620e-03 1.005527753149922619e-02
-8.673204621735113376e-03 -7.447839409524883991e-03
-1.012565149997419513e-02 8.346000243639515800e-03
-1.454735093479653241e-02 -2.949087245984707839e-03
5.260994925465370745e-03 -1.123534728882716327e-02
-4.093883060961631994e-03 1.407084219284846860e-03
-1.257118791999153364e-02 -1.853547786430099738e-03
9.781640662711549132e-04 -1.042179146741502999e-02
1.330062695109128371e-03 4.657244384573244397e-03
1.026539290286008696e-02 -3.786137036345569532e-03
-1.444089115898631014e-05 6.153519582162985009e-03
-1.367434332553937870e-02 2.023531305578389703e-03
-2.998277434686040348e-03 5.369502855990558772e-03
3.118099035802400585e-03 1.361963778488130966e-02
-4.200248614055848879e-03 -2.990230997887543402e-03
1.335545190221930183e-02 -4.793003294419971583e-03
-1.295641581330201145e-03 7.894772584810361149e-03
-9.867155402847679543e-03 1.090686167948107417e-02
-1.272384216682937406e-02 -7.899784938223805911e-03
4.856537580956094176e-03 7.178848952340091162e-03
-4.624294090224535347e-04 1.091394765447550180e-02
-8.294084162418181513e-03 1.087965333294642518e-02
1.421969926190352201e-03 1.320291931474646026e-02
-2.898135535732235951e-03 1.408233611456579694e-02
4.023190041753316355e-03 3.456887798354472225e-04
-8.581505179727746263e-03 8.837111905774396384e-03
9.346241247745376221e-03 -5.955277310359836929e-03
-1.281625383415245858e-02 6.186594604808460379e-03
1.214625595461742841e-02 -1.247147879805792338e-03
-2.641736128131823725e-03 -1.202518456842386306e-02
-2.573272097961039600e-03 4.201435796886851212e-04
1.193124999186911776e-02 -4.673103010329871139e-03
-1.463610887697635405e-03 6.107269421613468335e-03
1.041962677321642793e-02 5.640930596034019612e-03
2.897264390387859715e-03 1.005831219986131134e-02
4.113792657402142068e-03 9.924109682731165408e-03
1.317153926218558695e-02 -1.253131546793887884e-04
