7.503786929898432698e-03 -2.306116013505851367e-04
4.797516993336569183e-03 -7.391418663878581742e-04
-9.177557289831869691e-03 -8.353588581672056340e-03
-4.130876285378131188e-03 -7.056086813163277641e-03
-9.356934371524841185e-03 8.662002029956591270e-03
3.124081882858281613e-03 1.060137700973685405e-05
1.264032409992651637e-02 -2.773933425446351020e-03
-2.628787513388216972e-04 3.891451498103620180e-03
8.272098408763938794e-04 3.370196415516329459e-03
1.350716133508498423e-02 2.378921351978121115e-04
-4.621381044359497772e-03 -2.115499289252621273e-03
3.204677669236800051e-04 3.662963337293996535e-03
1.009572516276724310e-03 -5.092471240407419990e-03
1.609619368468237759e-03 -2.696131578512402528e-03
-1.176057039296193353e-02 -7.453286793903913035e-03
1.367480352189864856e-03 -3.029851066698138404e-03
1.048202016842779243e-02 1.068829982685260034e-02
-2.793012738924184092e-03 5.282800774265485749e-04
1.070699583181812867e-02 1.042018427176090271e-02
-4.486900394068986039e-04 5.824188977748537624e-03
7.012483902502890040e-03 -2.600974724432957453e-03
8.346978546728547541e-04 3.050127782798880971e-03
-1.421956004564059028e-03 -7.328577018841343597e-03
1.348001904503978807e-03 6.483277787158181482e-03
8.967892903487455301e-04 1.731551029774612907e-03
6.311053469807201451e-03 6.013576647987554750e-03
-6.067365975757302993e-04 5.234679617814999575e-03
-2.891490436166248984e-03 -1.195572177066518693e-02
7.111552388207855770e-03 -3.496901861615875177e-03
7.464159535617147581e-03 1.277592535234035181e-04
-8.968946710916185505e-03 -1.912588533049980680e-03
-2.977897989072849846e-03 -1.584968001781807308e-03
2.698318903805015968e-03 2.851591677180786814e-03
1.928362829060832661e-04 -2.298133329358381769e-04
-1.008322365085744660e-02 -3.696092640449202566e-03
-2.662267891693992361e-03 1.617043497514978516e-03
-4.199992715890316477e-04 -7.440434206850128716e-04
-8.433178619691816466e-03 5.603555731578972396e-04
4.067986581288064556e-03 1.063712919194517020e-03
6.646608626168805638e-05 1.165367864400149167e-03
-6.643879797372680140e-03 3.398563186644022998e-03
1.132763672730740558e-02 -5.580620290991058401e-04
1.996560758571993069e-03 -1.373211151156876302e-02
1.287220927815349017e-03 -1.180780256057976756e-02
-1.017693420443550704e-02 2.263672479320097495e-03
-1.147443827785070078e-02 1.263166819937547140e-03
-6.000867170865798947e-03 8.372288413439463520e-03
-1.031490764049334923e-02 3.938344300829830537e-03
5.524623885721794726e-03 -3.464442093744328141e-03
4.606430505660735406e-03 1.152921431385945305e-03
8.872572643055489511e-03 -5.183416983714613825e-03
-7.149918549934694036e-03 1.020186651650482890e-02
-2.040618635871614271e-04 1.302616530033862824e-02
-1.128639171827930561e-02 -8.826697168950290925e-03
3.810607126413112652e-04 -9.642919502118768235e-03
-1.183170944596531778e-02 -7.335060695464961679e-03
-9.596969419222317350e-04 -1.208379211810667146e-02
-5.861009017549597550e-03 9.954288646742401325e-03
-1.064674607992507037e-02 -2.865190031957902568e-03
-2.250552710763672158e-03 -8.457190657583889964e-03
9.482956248569333804e-04 1.131973990525267371e-02
3.950687205135686685e-03 -7.445299883563755855e-03
6.055834126976353433e-03 -3.888703840172654837e-03
-1.111670419140712435e-02 -9.265647081680551331e-03
4.443771544169929609e-03 -5.734027850747505477e-03
8.777150650662772849e-03 -9.296528448135856632e-03
-8.999820637361573630e-03 4.673617461440656221e-03
1.846626623835476849e-03 1.250040917540104490e-02
2.603016671977181895e-03 -1.206328906880773690e-02
5.966880529072605965e-03 -1.043114667602858259e-02
-2.270686822361138446e-03 -1.172901987980481779e-02
1.006196193268869485e-02 -8.342718604370240321e-03
-2.208852202356982868e-04 -9.736016506211454813e-03
-8.442183511314616320e-03 7.529232654949275655e-03
-8.441987513041034757e-03 6.821079174238044857e-03
-3.727964865548636948e-03 -1.009904775887350082e-03
-7.128902745537562570e-03 1.007550441935513123e-02
-2.450320309014547904e-05 -1.227504492605175105e-03
2.658860621391345041e-04 4.751346833310848318e-03
1.008877426297259856e-02 -5.477626412987356315e-03
-1.317296038216338866e-02 -5.383589436000653372e-03
-2.775382672444475386e-03 3.493207567055210856e-03
-6.475764224464039542e-03 5.556177948529529911e-03
-6.911866977456436120e-03 -9.941424078633246536e-03
1.281313547425685581e-02 7.509744415380293150e-03
1.421143335540417038e-02 -4.417228566632507014e-03
-1.250837667549221065e-02 7.890721705570051883e-03
1.344935237977093120e-02 -5.276336915899577061e-03
-1.429526248245468686e-02 -2.252898289733365803e-04
-1.480209973260096686e-02 -4.439457907719593127e-04
-1.171402489043200587e-02 7.481153573211954400e-03
