-4.286400268799990185e-03 2.930319562034147327e-03
7.229684361695232903e-04 -5.528771711718660602e-03
1.104601600850885386e-02 8.616004314051172244e-03
1.953588576544176142e-04 1.034610240219626699e-02
-1.047718249888218191e-02 -1.022734798885356969e-02
1.198369398050229406e-03 1.527714235652099725e-03
-1.467810125269963404e-03 -1.362179663685227039e-03
-4.252999600940604932e-03 8.179975207444570989e-03
-2.452268255899871241e-03 1.989065207856573897e-03
1.025452193028912259e-02 3.804996468121935038e-04
-6.642713402204989542e-03 6.827470882848988773e-03
3.892904439734279787e-03 -1.148456768986572119e-02
3.516907213013119402e-03 -1.010303734799848294e-02
8.933693967219909562e-03 4.754904005346565106e-03
-5.062918319423154179e-03 -5.945322370641306989e-03
-2.356313133406140372e-03 3.897151320816202337e-03
6.760541777628275260e-03 7.500338317232046678e-03
-3.056354509223392461e-03 6.442724354956234044e-03
-1.164042692273935123e-03 -3.240441490947299462e-04
-9.522005924531899007e-03 6.369568523311471345e-03
-8.894290460555887706e-04 9.305316543354702485e-03
-5.129975194149673928e-03 6.269238750232733470e-03
-6.499052083167891798e-03 -5.322811477055186362e-03
-4.727474524903260353e-03 -2.922496298780604546e-03
-5.714455230282074021e-03 -1.014716716237022698e-02
-3.536257891195130395e-03 8.259229996007358063e-03
2.495344262848901533e-03 4.182494113548269887e-03
-7.590194482811179469e-04 1.060136537023576150e-03
1.198912243852389044e-02 2.358165209243603087e-03
-3.169808234060310717e-03 -5.401140227701064188e-03
-1.041038116316477143e-02 2.719633019661370568e-04
-8.875641932674094292e-03 7.765180506243054420e-04
1.335676221161334522e-03 6.342394581877277594e-03
6.728865416103049259e-03 5.515647759960698795e-03
-1.314729006149828634e-03 1.012331406409854376e-02
-7.529204913605917759e-04 6.809046242586389366e-03
3.272916120895923327e-03 -2.344785718477672594e-03
1.738049120901941861e-03 8.507595738710922034e-03
5.668728879080833782e-03 4.756628311680722622e-03
-3.598556806821507324e-03 -1.111307288323423216e-02
-1.821806329556903501e-03 1.082137559457796872e-03
3.087809311047963814e-05 -5.326260089721000790e-03
7.427980754000888461e-03 7.016060284673940849e-03
-7.458954965231553817e-04 8.511970389296148048e-03
2.973651107992287754e-03 -1.225591282148891237e-02
-8.781411116514521373e-03 -5.803609245551410306e-04
-6.729791454022460845e-03 -1.469662201107425903e-03
-2.011992268210206422e-03 5.309304216776159890e-04
-1.285575219370082439e-04 1.532088886234385329e-04
2.055196044662540612e-03 -5.716307306119536302e-03
1.750922280430733781e-03 -2.440851616075555546e-03
-6.304260694916030867e-03 1.012734727877622094e-02
-8.780866686390295314e-03 -9.608981129144851877e-03
-9.009494942855541741e-03 -8.387463389319104248e-03
-4.233762838451195915e-03 1.115700327805739696e-02
9.526223004320752419e-03 1.042591681275116706e-02
-1.320362160045650268e-02 2.017161910912540664e-03
5.279020256452102329e-03 -2.095386241699755125e-03
-1.288803363751874279e-02 1.529410697343008352e-03
-1.051471238737881550e-02 8.496166713209995711e-03
-2.486903257031234347e-03 5.796480365321415168e-03
8.264388949061739903e-03 -4.863488455731234880e-03
-6.934447975398667051e-03 -7.712400712966629643e-03
9.754028521159148479e-03 -6.044800127129017729e-03
-7.316635545271096873e-04 8.940688523849054867e-03
8.245291830222989393e-03 -1.082303536912943877e-02
1.222387494631587551e-02 8.579892857523467586e-03
7.135359209442555285e-03 4.675886077011417508e-04
-4.233371231844524143e-03 1.333428054874749493e-03
2.319290564387594712e-03 2.839619638456127634e-03
-8.572346308658406995e-04 -7.605449322226177184e-04
8.692308331283387160e-03 -1.055443951281187162e-02
-3.097818547621673281e-03 -1.294905699499930909e-02
1.645905849545689029e-03 -1.451681470609957753e-02
-3.533842281052042571e-04 1.195192178111972869e-02
-8.456617456509942302e-03 1.012281723662356893e-02
4.828492816436258210e-03 -1.388730585846717665e-02
-2.172078494436518667e-03 -7.643695421547410523e-03
8.512650473991273392e-03 -1.203586997633417262e-02
1.153176684545402335e-02 -6.527416566788017856e-03
1.071753435074273425e-02 -9.121445265031934493e-03
-1.211702710780202495e-02 -4.625508714357406091e-03
4.032555801682083840e-04 -1.035002175035827296e-02
-1.314407200559814838e-02 5.316307305120855815e-03
-2.099797400730295336e-03 -4.404637376681974116e-03
-1.145437913611013075e-02 1.652663445748423377e-03
9.328880897171177309e-04 3.589814375093245292e-04
-5.579767325137047727e-03 -1.062732409582313204e-03
-6.039251177096953242e-03 -1.105102010151513478e-02
6.341212904035227471e-03 -7.587472553965259568e-03
1.253269885431974526e-02 -8.214357023294614757e-03
7.027912696708411323e-03 -8.228947670074102452e-03
5.158548800792971643e-03 -1.359227104460752379e-02
-9.172901747750655463e-03 7.862505940881130487e-03
1.137366824098853292e-02 5.786028402825181549e-03
4.128623484073160564e-03 1.933376315073849494e-03
-1.760743674018470104e-03 2.770872911276944599e-04
1.188060620340946304e-02 1.982694367533567939e-03
-8.279480103208074551e-03 6.121066739737277169e-03
2.582572785516486051e-03 -1.220493479894727701e-02
1.151132726917751016e-02 7.113617838627310855e-03
