1.601668335711390646e-03 -3.530701663688889675e-04
7.685670178663173147e-04 1.121870334481896853e-02
7.280998591801280187e-03 1.279476262452981100e-03
-3.233416496118513700e-03 1.334335106945112870e-02
-8.393886474864893643e-03 -9.131958708134504943e-03
5.784162449259661401e-03 -2.848414429217790284e-03
-1.393418560151202246e-02 -2.684859702591903437e-03
1.507565289056483383e-03 -1.035312739703506298e-02
-1.847255964656938868e-03 -6.510579498096359143e-03
7.944988955506937511e-03 -5.734731946382135709e-03
1.276046757014708162e-02 1.438911877501611487e-03
-1.243125050205101667e-02 7.191940694643042704e-03
2.993927824094414847e-04 -1.445809102835742682e-03
3.738641743686983970e-03 3.789796552898668045e-03
-2.587850772675456650e-03 4.393499497716139065e-04
2.056920350996698996e-03 -2.451342217980459655e-03
-7.387427321799136179e-04 -1.142041669841075075e-03
6.450803157218887827e-03 -1.064364310876710421e-02
5.700405240604699761e-03 6.741318868950929057e-03
-3.340771264036048425e-03 7.248396192358003490e-03
-3.623463712515906897e-03 1.131903311789770640e-02
1.035485170335785025e-03 4.772530377195292883e-04
-8.630054303728545637e-03 7.640167715089554203e-03
2.843241510215315133e-03 -4.010732815157567674e-03
7.940486535418407599e-03 3.138259642039530062e-03
-4.109466051408171977e-03 7.386629053386017420e-03
7.130375580593963526e-05 1.626319702398039673e-03
-1.195399746433170769e-02 6.156455524304754040e-03
2.477717890999906608e-03 5.603651849697582552e-03
1.443158758582172496e-03 1.080413253123638489e-03
-5.416116255295346828e-03 3.809945499494065378e-03
7.387555091304068983e-03 6.348049255375763644e-05
3.566082176881534092e-03 1.817431678970535605e-03
-4.931551032343653961e-04 5.721607994624173035e-03
8.228479672401542780e-03 -2.494418224929489513e-03
-4.340492612658344244e-04 -4.149891714104992323e-03
1.208680186735041837e-02 7.531216410341165859e-03
-1.327852957907791091e-03 2.671480211825972510e-03
-2.282359033346630876e-03 4.742450552500045331e-03
2.918121648195377664e-03 -7.211419142328357595e-03
7.797879023804025339e-03 -1.143797627563307093e-04
-5.817435347613238682e-03 -1.375817742203961497e-02
-2.335110379386666664e-03 -2.351012444900360890e-03
2.141475828066407433e-03 -4.730124869156830322e-03
8.364062189178489079e-03 -9.447029668433882914e-04
-3.624261980930653694e-03 4.008082470905357728e-03
1.024484659119811666e-02 -5.414040291833689331e-04
-1.748650497910998703e-03 -5.383513855852069263e-03
-4.649944042672129324e-03 -6.904203096665373005e-03
1.108656944071033899e-02 4.211647900325733024e-03
7.191270195731599806e-03 -6.236636350788095015e-03
1.726649475476777764e-03 4.320726974576283817e-03
3.735193131019808651e-03 -2.740133623380844406e-03
-4.443185539593907420e-03 7.628768069664389889e-03
-4.939533716491125185e-04 -1.589342652368175421e-03
2.545573034140031707e-03 7.000413758172515473e-04
4.952913207254551822e-03 6.313879642621607509e-04
-3.930679758178891488e-03 3.750967427030199412e-03
-3.501931185417695314e-03 9.462900082563367385e-03
6.220063786364318781e-03 -6.790493832819343746e-03
2.027766564220377741e-03 6.139882959879617783e-03
-3.437524654944526092e-03 -1.970640567593974057e-03
2.925944911447560422e-03 1.802455651373750193e-03
-3.479674623975505254e-03 -1.218818544785323262e-02
8.069171826858720364e-03 -8.371885452430671837e-03
-5.460342187749839520e-05 9.985081203072814458e-04
-1.315527274564575865e-03 2.812363417106195952e-03
4.863057041680205785e-03 4.472211556866705767e-03
-4.570817023612646149e-03 3.735991399435916339e-03
-9.153033692649314296e-03 3.285114034735834437e-03
1.313675198727113583e-03 5.279607700601492148e-03
-3.197109944998950681e-03 -4.901886167546172512e-03
2.470820665666917295e-03 -7.456208502860300902e-03
3.427849315853520595e-03 1.048736891598411620e-03
-2.029618640057840456e-03 1.952088157828070318e-03
-5.505046382950282147e-03 3.604783533245337936e-03
3.044827094294924250e-03 7.273430867558911862e-04
-7.207172261246435480e-03 1.092275917507648346e-02
2.931245599952198456e-03 2.404147099455751935e-04
-1.653621413336679637e-03 5.705578159608317443e-04
-1.016006722650469700e-03 -9.990381891575169163e-03
-1.060136537023576150e-03 -7.590194482811179469e-04
1.594643340872813238e-03 -2.055994313077287410e-03
-2.279580919589975583e-03 -7.395506124063417133e-03
-1.285575219373507813e-03 1.532088886238467621e-03
4.307600694903029187e-05 6.171559321404843784e-03
-2.364264166162988352e-03 6.240212732959715680e-03
6.692910522071351259e-05 -8.576249150270581116e-04
-1.289949869958734044e-03 -9.518557311866302720e-04
-1.157362558702531956e-02 7.258869799862613034e-03
1.120107697297111592e-02 6.525907182816344590e-04
1.998612777440897338e-04 1.473110813773240548e-03
-2.129948413136797340e-03 -2.439942572556656232e-03
7.964339633690090819e-03 -3.890924594392371726e-03
-5.400214189781652602e-03 -8.761773247929617418e-04
2.451214448477155756e-03 1.341385655684346201e-02
-3.751893464949610998e-03 1.153058006743814048e-04
-3.494778421075594999e-03 -1.911119765724957151e-04
2.551671991060558854e-03 6.448951081380064655e-03
9.676013081571444713e-03 1.069939645619027643e-03
1.025141618482099462e-02 8.519416921642406632e-03
8.316205489078505250e-03 3.971305257342228751e-03
7.243368987826255719e-03 -8.545720184835273528e-03
-2.166745892679616727e-03 -3.859728726442283220e-06
-9.539888254036080206e-03 5.490182664727821750e-04
1.600812016068083130e-03 1.016022848016882515e-02
-1.103663509005966235e-02 9.726328409552868412e-03
5.171752568637571004e-03 1.177605754446582956e-02
-7.691333972928552677e-03 5.966712794142473020e-03
-1.122915397475423606e-02 5.006210626638577486e-04
-1.039595728868353622e-02 -6.371217401710688351e-03
-1.047559301197750412e-02 2.877584008015835262e-03
-1.096824977611453485e-02 -2.697649184108962764e-03
5.001863813584373104e-03 -1.302107179362032956e-02
-8.766532199398205036e-03 2.223695996268894130e-03
6.658735450843994777e-03 3.337810105858441019e-03
-1.351916763701530196e-02 8.491129801269017971e-04
7.548902023344349586e-03 -1.013930470500707011e-02
-7.311217438897477019e-04 1.386377778852750965e-02
1.609469264422833763e-03 -8.464711998596335593e-03
-6.924257497970996537e-03 -2.985495424070543340e-03
-1.224894525660836717e-02 4.598128669621310595e-03
8.807097998619719745e-03 -3.880606915800777863e-04
5.630099937086982184e-03 -5.438140421286017517e-03
1.081413497150568448e-02 -9.093052979371405711e-04
-7.957172429184700135e-03 -8.524095803803878905e-04
-4.220992937063705944e-03 1.306766062292324254e-02
-2.825101084990106533e-03 1.409785584866162823e-02
-2.653104749744577065e-03 1.323257585667477441e-02
5.588708002714357775e-03 -5.605548586340646303e-03
4.694786230250941848e-03 -5.855013985901492447e-03
-4.346627817431766849e-03 -1.107183588838927743e-02
-1.736841308453794660e-03 -1.077261820548522375e-02
4.275033368051226780e-03 1.227240837564240808e-02
9.745946194274036217e-03 1.026015536687450123e-02
-5.797545567951994765e-03 9.385600633540892510e-03
-7.821266923553706063e-03 5.352158702334997541e-03
8.800948044444551616e-03 -4.251870340257058248e-03
2.302862441912758261e-03 2.880100430972172467e-03
-7.706537838299275548e-04 3.654235409046683279e-03
-4.155735746970703852e-03 6.252083984706522345e-03
1.260764352441658305e-02 8.029893427016394220e-03
1.442675684735992073e-02 -1.798383195779806615e-03
1.332327161976650312e-03 -1.370455714981468412e-02
-1.346553225887560552e-02 2.381828233831290165e-03
8.898063209868439793e-03 -9.614127696046755045e-03
-3.604156364643036105e-03 9.781859617155261311e-03
4.931212520387382413e-03 -1.256167069436006471e-02
-1.488788574862300214e-02 2.031455990719185716e-04
-9.717505121770808260e-03 1.127246478783408253e-03
-6.255051207719008848e-03 -3.128483815345620925e-03
