1.382456379785289378e-03 -3.669988332133253955e-03
-2.127298068885729709e-03 -3.220963043270633902e-03
5.508494995618598913e-03 2.925146643032813625e-03
-3.706965382167419563e-04 -1.805105995634390353e-04
4.095288292227494686e-03 5.644588590414470215e-04
7.029184236431901787e-03 2.385309827168365440e-05
-5.416116255295346828e-03 3.809945499494065378e-03
6.219936016859653992e-03 4.566442373026277819e-03
-1.087703282387388233e-02 -1.816633410555788808e-03
2.431991539799808685e-03 2.131129990067164373e-04
2.809713072853986873e-03 2.096547745279914859e-03
-7.643201367857557641e-04 2.622177478451751149e-03
3.706965382161757534e-03 1.805105995627320162e-03
-2.016366918796574318e-03 -1.953014195746121014e-03
-2.620453172120095105e-03 2.500644951353539133e-03
2.178452878096271902e-03 -4.307475253313657222e-03
1.383558013476608207e-02 1.557794060347613557e-03
1.130642024415910545e-03 -4.925611496314551835e-03
-2.483944617423737219e-03 4.374650586367895971e-06
5.514721722041287209e-03 -2.682879857249776366e-03
3.079153800072359764e-03 1.931013173311900075e-03
5.384439893771481717e-03 -5.794636056764271813e-03
1.243297480838082870e-03 -3.926975606496020590e-04
1.117390303153283949e-03 -1.020509142741502385e-03
-1.423808080401521743e-03 7.633940988663440695e-04
9.338717211214087738e-03 6.139084691466012433e-03
5.355286106995160028e-03 2.796589121095805625e-03
5.569325143918785713e-03 -3.681387977557057378e-03
4.526016710328800447e-04 -1.317251580898734249e-03
2.621251440533700454e-03 4.810305695640170430e-03
6.963181169129239838e-03 -3.164507545555673550e-03
-1.064986983519093482e-02 -8.427766569349378137e-04
-5.460342187777050826e-04 9.985081203070530695e-03
-6.503554503258924049e-03 3.550180111366697984e-03
-1.534739230490677134e-03 -5.045547486581690357e-04
-2.118420998208329128e-03 -9.610010014268782763e-03
5.370134365086137902e-03 1.351338806150881311e-02
7.545138630515235353e-03 2.675982631915644304e-03
-8.016292711315381112e-03 4.108412243984314177e-03
-7.848107795095156380e-03 3.596832500487349375e-03
7.819880046238247145e-03 9.484071185194551702e-04
-2.842315472297264004e-03 -3.525274369684775096e-05
2.609053526694930791e-03 -6.687513715488177350e-03
-5.688207326767290989e-03 4.756500542176277276e-03
-4.259098557859989330e-03 2.431065501880397099e-03
2.020869338886246546e-03 -6.919977392676904780e-03
-1.135814943427254956e-04 -4.869283768103161011e-04
-4.245974606103169839e-03 9.882899354154329671e-03
8.997748840568952841e-04 1.028447398548133426e-02
1.273249536030292804e-03 -1.672972091518691064e-03
2.661804872734967013e-03 4.059492819122288709e-04
6.374996981321916049e-03 -3.396971222743259099e-03
3.064177772475574785e-03 2.571150438745873745e-03
2.099996357945729288e-03 3.720217103424384129e-03
7.994291688881159305e-03 -5.171199125260100490e-03
1.266981313615913110e-02 -2.031215176887553493e-03
5.766408307907361711e-03 9.929679512778285394e-03
2.584274390503835984e-03 4.387656079796997330e-03
-9.165359375993890195e-03 3.144230829454469113e-03
-6.127077849918107985e-04 -1.187116629359593820e-02
-2.617802827866525135e-03 1.719624480639342454e-03
-2.418867588040485989e-03 7.238720853266997560e-03
-1.422655338908288686e-02 4.638735469522379043e-04
-1.074065203868469244e-02 7.044032494522881396e-03
-4.837669545366789225e-05 -4.609518379976669002e-03
-8.412438884632156971e-03 -3.664815413133280710e-03
-5.249655645409282215e-03 3.340066785802436183e-05
4.471413288451958970e-03 -1.217400768867255532e-02
2.243529907479522700e-03 2.926870949366972008e-03
9.765070978730605068e-04 -1.008183459398287159e-03
-3.653958497121043017e-04 -1.742551540991614089e-03
3.486955157825210715e-04 -8.822762817123464647e-04
-1.160530194854918554e-02 5.274179242592407467e-03
-2.903943889014700373e-03 -7.396687700991066289e-04
2.256781628740788838e-03 -9.782314042072193239e-04
-1.486362535035867143e-03 4.104963631317138859e-03
-3.394448647995495800e-03 4.200918753810870161e-03
-1.063051915701028471e-02 1.001030695055044745e-03
6.479605286861559940e-04 9.028850821298894935e-03
6.979083234644075512e-03 -7.850630369844062428e-03
8.877070676259132820e-06 -6.389046970996787103e-03
-1.186586560509152004e-02 -9.493331564388663227e-04
-2.126372030965175807e-03 -7.266948602125268553e-03
-7.474920333515075281e-04 -6.109930904689909320e-03
-6.393549391087819354e-03 8.864114517745626948e-03
2.094823438945756042e-03 -6.074678160993062653e-03
3.966730770290485819e-03 7.176677476648856899e-04
-1.013471370952371067e-02 -5.501597770284466851e-03
-1.344553291836232331e-03 4.665238912065117378e-05
-3.825847565007760038e-03 -7.299934310083197077e-04
-8.700304252113131437e-03 -9.389073752009664126e-03
8.106947145303331631e-03 -6.382851895951504977e-04
-5.154498791331658600e-03 -5.369463866175837319e-03
3.990583868562169040e-03 -6.311516488767016965e-03
1.863158030171775193e-03 1.824456673807970915e-03
5.787738831431282066e-03 -7.675420458786402604e-03
-1.500284755208576397e-03 -1.065782086794778150e-02
6.919051354757494061e-03 6.066854897739519872e-03
2.851990811388269934e-03 9.571564196924098626e-04
1.525862159813276553e-03 6.893601719656316379e-03
-1.176540806250675648e-02 -7.914238631901122228e-03
8.617728620385331495e-03 -7.781050920369777212e-03
1.044815648160938096e-02 7.461636960869383849e-03
3.423346895763847934e-03 9.921728480021436980e-03
-1.999666584865630523e-03 6.718136269589812049e-04
-9.492053869344207594e-04 5.089293992433951584e-04
9.735118923538614577e-03 -8.801560063111280030e-03
-2.739335354966097608e-03 3.575757515972540022e-03
-5.961096666650337293e-03 -1.607895062135439833e-03
3.246412678372030160e-03 5.465418988669568622e-03
-7.254622918780691786e-03 2.267255236246541565e-03
-6.989556842149828239e-03 -3.822239531438495486e-04
-2.204828551116860304e-03 7.607437546141345569e-04
-1.694174845538165206e-03 4.974914229686270423e-03
-3.451191336109001896e-04 -3.944729747856265747e-03
-4.514489295400989262e-03 6.002448367267711540e-03
5.396797228492101160e-04 6.979881503059041752e-03
1.124693109367701921e-02 -5.313806636874482750e-03
-1.362949213059794218e-02 -5.692709746855820901e-03
8.919516208033522863e-04 1.270599191778083292e-03
-1.987340901522415514e-03 8.126968322392047559e-04
-4.656969037510925308e-03 -8.607127243376273135e-03
1.340050871746560103e-03 8.826339199302375704e-03
-2.494545994434154302e-03 3.128456533444078785e-03
1.002908324793897257e-02 2.671607981329276408e-03
-4.874456687102868627e-03 -8.659080321001563427e-03
-7.552961893767417244e-03 -1.168985742561775079e-02
8.482944372024492016e-03 -2.019815531462389180e-03
-3.883899599553575742e-03 -6.261415486979189822e-03
-1.059619245123284703e-02 2.204700781611053199e-03
-6.427876096850412195e-05 7.660444431171926645e-05
-7.021233203675055108e-03 -2.366914510415197431e-03
2.861793919983721211e-03 -9.477876110160151496e-03
-4.537288586250175573e-03 -2.371289161002926218e-03
1.057613962275812634e-03 -9.816896286851667722e-03
-1.738975158821353447e-03 -4.461610179857649142e-03
7.060988367460432555e-03 -9.348392550303731910e-03
3.220037005352583206e-03 1.918687489968685066e-03
-6.522905181439574152e-03 1.706372759376715426e-03
-2.280506957509168160e-03 -3.349520565207642336e-03
-3.662037299375265394e-03 -3.725517791930164045e-03
1.795845616428854048e-04 3.675289020637891556e-03
-4.229018733164474630e-03 -1.020614523483545644e-02
1.880784402019628019e-03 4.032989376600195752e-04
-8.999026535613412810e-04 1.072462220366791376e-03
2.555120603727732871e-03 1.297888125765957884e-02
-5.054807865775808387e-04 5.580724789343950026e-03
-1.304925897555519240e-03 -3.117184657526567105e-04
-4.381429353374309034e-03 -3.023752109778753572e-03
-1.240912171011234952e-02 -3.102208629929296621e-03
4.627943020239269276e-03 5.841416215390729874e-03
-8.751459061323454622e-03 -1.860635455422870229e-03
2.276132306922800264e-03 8.655759477839053331e-04
-4.178917731376649222e-03 -2.331661766719710354e-03
-1.210972892770405263e-02 -4.548017732763677545e-03
1.236074501465868336e-02 -1.507309750047372381e-03
-3.038952025004740612e-04 1.031880069125762703e-02
-2.293758678770653307e-03 5.555817883640464406e-04
8.554248127831573859e-03 -3.934958290657090962e-04
-1.952088157828070318e-03 -2.029618640057840456e-03
-8.003523281928362834e-03 8.896153037018968146e-03
8.500402531693037472e-03 8.565080004795007362e-03
6.496691778258055841e-03 -9.578615959354327275e-03
9.045146361123343470e-03 2.114415113003196396e-04
-1.392807580169097732e-02 -2.246861326652405382e-03
-9.373600684106725422e-03 7.809361188755632559e-03
7.395552913445627846e-03 4.144067946461855805e-04
-3.608944946255864678e-03 -1.126575491777672723e-02
1.727629367242436605e-03 2.896043507102934352e-03
-3.027292366119632445e-03 -1.581425227751845396e-03
1.069315424679669188e-03 3.105198472078688626e-03
-3.706116732639011709e-03 1.607529274664832447e-03
-4.075478657348743797e-04 1.230318479024752887e-02
1.081422843680822192e-02 8.919209509643708303e-03
3.288380134402215521e-03 1.162247292129244859e-02
1.097019009564696376e-02 8.817198816583982773e-03
1.765738420723902318e-03 -3.326677133536539571e-03
7.185375584548289035e-03 -5.529655335673568442e-03
7.405841068636392389e-03 -1.115826453138367945e-02
1.217547008439072952e-02 -6.844424270582190328e-03
-9.068500293728165226e-03 -4.344746350844147162e-03
7.818763375232627363e-03 -9.192773845720605312e-04
-5.176644892291614071e-03 -1.107099166185857193e-02
-8.890067108067891202e-03 3.483216775607047688e-04
1.041455367943127080e-03 6.298488544967787567e-03
2.593796167322629485e-03 -1.189504839984927356e-02
2.613237367383435331e-03 4.089210218442273191e-03
4.047384852808462094e-03 7.436811223504534961e-04
6.241092049444040826e-04 1.485289251631947798e-02
9.171511672177452834e-03 7.092677749943841758e-03
-1.944918455099740569e-03 -1.319931718027764385e-02
-4.640996384349945305e-04 1.371131579173477839e-02
-9.529213812263860259e-03 -5.859626151142077743e-03
-1.009379348824224545e-02 -5.209537339474198947e-03
6.563411423074119906e-03 8.494153272895352963e-03
-2.435560713903293494e-03 1.103752337064165326e-02
7.688713926094902819e-03 4.213912843717885701e-03
-9.736981865471124042e-03 -6.899556705322123888e-03
-2.945214822555085495e-03 1.349091403024159017e-02
-5.656624649034763287e-03 -1.246540273166274471e-02
1.710057609579863002e-03 -1.312985231780530206e-02
2.713852210471489734e-03 1.343602164703580452e-02
-3.974711786387133058e-03 -1.249838834768565721e-02
9.798814725168239134e-03 -5.711410263495531915e-03
-4.903234952360666261e-03 1.347237400459129833e-02
3.233611431044466564e-03 1.370835821386567725e-02
6.163471097548630859e-03 5.796397269034173419e-03
3.997291988338435437e-03 5.933247931710087554e-03
1.187191716668967688e-02 6.814094864843836877e-03
8.243415453247250960e-03 -2.833739510765017136e-03
2.458548416181613981e-03 -2.572814351759470275e-04
