9.404848048020053586e-03 -2.029490870553394243e-03
2.871341489570062352e-03 2.800963771681031639e-03
1.833333744485371713e-03 -8.252205001169923837e-03
-2.005765541786157236e-03 -5.077096078603831469e-03
-1.150404613755103694e-02 5.620224414121358786e-03
-3.259664399634657189e-03 -1.560316635096519172e-03
1.892184047444792332e-03 4.590167701794658009e-03
-3.340771264036048425e-03 7.248396192358003490e-03
-7.181467087137289977e-03 -4.198396179063106429e-03
3.389147959490858199e-03 -2.638877812382694945e-03
3.290542492744918252e-03 -3.765943454626984824e-03
6.990482880069240693e-03 -3.663761605709423344e-03
-2.625753860623372248e-03 4.062685892782856231e-03
2.910968883852135900e-03 2.442592916808865745e-03
-3.301942138168940249e-03 -4.209253095090142831e-04
1.398230675795679922e-03 3.000825049426482372e-03
-4.148965676185580737e-03 -3.611936297587438685e-03
-1.067014655129235740e-02 1.359401549927211073e-03
1.202079880004911644e-02 4.342855766514950103e-03
1.389985889573458651e-02 1.481189616035894115e-03
6.694538710325613311e-03 4.311977673404690341e-03
5.758585044654694531e-04 9.158047190850461083e-05
4.237895803840516055e-03 3.817098263836166128e-03
-9.590084955298722527e-04 1.094396192909595847e-02
-3.759972267210903892e-03 1.381530341866601952e-02
3.407444830256738501e-04 1.460785130431167204e-03
-1.292070145361045794e-02 -3.270393546148159594e-03
-3.354437945198942596e-04 -3.022826071860702877e-03
1.542690263247524247e-03 -1.838506663485344741e-03
4.320726974576283817e-03 -1.726649475476777764e-03
-1.448331677583506415e-03 -1.087530851754222802e-02
7.386629053386017420e-03 4.109466051408171977e-03
-7.537187597753382479e-04 -5.019044044059596315e-04
-3.720089333921080665e-03 -9.256939847901034593e-03
-7.161190371037227421e-03 -6.400574385926396763e-03
-3.787018439141794177e-03 -8.399314932873977457e-03
3.855447963077209689e-04 1.089730953997644809e-02
1.355952937261396644e-03 4.140216375013987260e-03
-2.459293250737306768e-03 2.861410611468145643e-04
-1.276314840175966307e-04 -3.892776670229834007e-03
2.896791124671458176e-03 1.039368082923633127e-02
8.707805181747130252e-05 8.297133083956414676e-03
6.410633033531664641e-04 -4.031009531258990253e-03
2.033067252725015775e-03 4.577842018451442133e-03
5.441565890397884533e-03 3.782771558059872061e-03
-4.628869058157319971e-03 -1.795430656536314666e-03
-6.972632620603769205e-04 -9.592383642420928419e-03
1.185446595966635486e-02 -3.237535607695771894e-03
-6.427876096850412195e-05 7.660444431171926645e-05
5.897807246386639959e-05 1.485436497116455774e-03
1.251269869595913325e-02 -6.844193985826353428e-04
-1.511088706868015568e-03 2.557251264012357517e-03
1.343460424041384958e-02 4.741845219767100634e-04
-6.242440891326059976e-03 -9.108685028401746278e-03
7.288079287941151216e-03 7.199767758251159055e-03
-1.190042778992870739e-02 -9.662407425906371396e-04
4.941309290796546197e-03 1.009541587121505317e-02
1.214940632095049856e-02 5.817463203358842067e-03
3.604871080329795276e-03 1.381128288086581717e-02
7.114265133348748535e-03 7.130571641598370397e-03
3.804386272143544991e-03 -1.007900703168104067e-02
1.106077436054914674e-02 -3.699754817316215118e-03
9.432699718645373363e-03 5.258217903004575554e-03
1.313447529315042717e-02 -4.023479260955256480e-03
4.331556073018022262e-04 5.063092012769197098e-03
1.116405319867287520e-02 -5.379635918266131335e-03
-2.647221156417953625e-03 4.096174207402426132e-03
9.363093938470633953e-03 6.957781295624067882e-04
-5.529427297332641968e-03 5.381816843001656532e-03
2.083854021524517847e-03 -5.155452423589793921e-03
1.358723203111852906e-02 2.686707096547657006e-03
5.005575693874390192e-03 -5.955219566563926294e-03
8.478872847486315645e-03 5.187074755183747853e-03
-9.714675821546578036e-03 7.994309986352006805e-03
-1.122168999990669734e-02 -2.032788274021128053e-03
-2.220532697125035104e-03 -7.608251361716755409e-03
1.810064047571008231e-03 -3.469296932839649461e-03
-5.455964172311499050e-03 -8.712362571849572440e-03
-3.099070002008623946e-03 -1.469260838817234432e-03
1.358760998599634756e-02 -5.896913432779454789e-03
-5.415447010045675545e-03 -6.120192572207429002e-03
-2.036697308954140122e-03 7.697646486971008485e-03
-1.038256148271364185e-02 -2.939374364766418591e-04
-5.223361130374684289e-03 2.657765567878827163e-03
4.751698135397756755e-03 9.673768789196816528e-03
-1.380686954735489171e-02 -4.961913984079151588e-03
-2.290977110331873876e-03 -8.864742237868416044e-03
-1.629636854573273752e-03 -1.140323657141260535e-02
1.033619933594325663e-02 -6.167012665974914466e-03
-4.198815771221899550e-03 3.270153329671624670e-03
-2.358964247646070116e-04 -6.744987263880813932e-03
-7.691046602571369531e-03 -2.020162031537704999e-03
1.151399272664994054e-02 3.614543371199941454e-03
3.873760668540814252e-03 -5.062445590720172049e-03
-1.482563914946490209e-03 1.413718202083339391e-02
2.974162598801804828e-03 1.222131510886361209e-03
7.560596556015963463e-03 -1.091248621908192697e-02
9.654465170046621844e-03 -7.525323637658397867e-03
-6.302274946273413864e-03 1.051357091758009163e-02
4.424857293533675587e-03 3.580910329177951906e-03
1.081996004462853697e-02 -4.206607290332586326e-03
