2.514694941030912526e-03 6.026301465539394761e-03
-8.977823781591655339e-03 4.476458437948627883e-03
8.329735483406277684e-04 -2.148373053397332642e-04
-3.899801665068411850e-03 -1.575292662690801811e-03
-9.810669560427618535e-03 -6.665640462557261177e-03
9.423081615957216040e-05 -1.356878975179447340e-03
2.297207291437609617e-03 5.974348387912963021e-03
1.124163040517123929e-02 -3.751765695444946210e-03
1.451109791339019826e-03 -1.262648159019875288e-03
6.839126067283263222e-03 -1.188429024535411944e-02
-1.345878463963131634e-02 4.371626244778857757e-03
8.672204272759526100e-03 2.577377165169704790e-03
-9.348392550303731910e-03 -7.060988367460432555e-03
1.872833369262780906e-03 2.746360349803533135e-03
-1.306953569164752763e-02 -9.150064506614303747e-04
-1.208843005555981266e-03 -9.760568558640009967e-03
-3.231181111766790338e-04 -2.881942866580479434e-03
-5.944109142325148566e-04 5.375562823095222584e-03
1.209098544565092269e-03 -1.295330385305373463e-02
-6.879551729980084435e-03 4.931710453233936232e-03
7.625319456998575461e-03 -2.086744636684463583e-03
-3.432670577743605640e-05 -1.203670086556008888e-03
-3.093203789748591274e-03 -5.336861466732560622e-03
-7.352941195127387329e-04 5.387888506438437593e-03
1.699092225518799085e-04 2.753385344642329553e-03
-9.643091840331498299e-04 1.250600287052527383e-02
7.149790725612063108e-03 2.213705621791758980e-03
-2.288457990266015273e-03 -1.006459153064128559e-03
-3.390201766915153583e-04 1.804179957707908576e-03
-1.658123833427712756e-03 9.443549404382717283e-03
5.839691909056570623e-03 -7.892908108378345056e-03
6.772995230476155926e-03 -3.715714683333351444e-03
-1.424590406726468014e-02 -1.379933805036384631e-03
-6.813548662677421618e-03 8.120071097061292570e-03
-1.397304637876268553e-03 -7.046810608279755264e-03
4.691423512792807470e-03 -1.546138875915841230e-03
1.079340338472472779e-02 4.943050287752569216e-05
-1.489012879288076872e-03 4.885984102032477419e-03
8.803412138948743179e-03 1.643147805830926910e-03
-4.009008508824769314e-03 4.217235779226191986e-04
5.601799773858759379e-03 5.614253226706639177e-03
1.270599191778083292e-03 -8.919516208033522863e-04
2.758813802651413800e-03 -1.308888636982817946e-02
4.538214624169368584e-03 -1.674696397852849447e-03
-2.793811007340292214e-03 -6.782670569566941546e-03
3.528306858438283716e-03 -5.916168583863843852e-03
-4.785654328952379521e-03 2.903017851095288787e-03
1.352041305634625080e-02 -3.667210218376379220e-03
4.415883828655049748e-03 -7.129514009512000552e-03
-8.231704397438149509e-04 -1.022019522451168838e-02
5.397563845529443523e-03 1.657197795508300519e-03
-7.190344157812188219e-03 2.190650791934822122e-03
-7.047736646197805960e-03 5.443290196730682894e-03
-3.845070473686466699e-03 -1.393073698884620890e-02
-1.852556653162718567e-03 -4.948538556666824337e-03
-7.835782111751940504e-03 3.737715705767572817e-03
-2.951522316052261011e-03 1.961763496917715358e-03
3.867199265625133851e-03 3.636587664273868703e-03
1.703850184628952127e-03 -4.053010553693211192e-03
1.229301764102322218e-02 -7.960635482012663050e-03
1.024392055327870595e-02 3.504581529669904393e-03
1.455484441925387722e-03 1.221296458403861931e-03
9.690063071248818105e-03 4.475787939038327300e-03
1.255623164181297879e-03 -2.518143553693787248e-04
2.086105789170446430e-04 6.441000048623217109e-03
7.873685199700997117e-03 -7.361051648780175816e-03
-8.511044351378097353e-03 -4.791881055377571023e-03
2.906594233265768004e-03 -4.135170061487169167e-05
-2.544646996229489111e-04 -4.746026934671009837e-04
-4.849933089920883955e-03 2.979622295407008230e-03
-4.016033503662204407e-03 -1.281200568787139917e-03
-9.113406298368601638e-03 2.926743179862526228e-03
8.918238513000486048e-04 1.262753539762484674e-02
4.303898871143178005e-03 7.005458907663523332e-03
-1.381265307441381131e-02 -4.540992737926242452e-03
-3.881377024805812009e-03 4.314500248153595521e-03
4.969613541182993713e-03 3.256215786967481870e-03
-3.675289020637891556e-03 1.795845616428854048e-04
-2.068192226917198520e-03 -1.309246275199980013e-02
5.439969353567030916e-03 -1.083912973592596890e-02
-8.209770817767981718e-03 7.381163320363218205e-03
-1.120788038069746827e-02 6.410999850075257273e-03
-1.188038946302815216e-02 -8.616280234514925307e-03
8.638938713511528159e-03 1.006371226553573646e-02
3.778314956486795214e-03 -3.965848726157041731e-03
4.566188299780991368e-03 -6.879016843750546811e-03
-3.134229916426179829e-03 3.648972547280850305e-03
-4.882712531098311153e-03 -1.381422246229611385e-02
-5.996215346170461272e-03 -8.930805840814680027e-03
-5.460217860032532886e-03 2.084549440251491723e-03
5.832883194480592733e-03 -9.524104451688287717e-03
1.143634011443411900e-03 6.677391859091940350e-03
1.032116733937499947e-02 2.600128973777625970e-03
9.509802820707102464e-03 -5.843245538412483384e-03
-9.519021068810064323e-03 3.183060048988328294e-03
1.139604828338261272e-03 -3.585297165333411334e-03
-3.265785191171235308e-03 -1.061370750004658921e-02
3.934460741992082226e-03 1.974095496869464773e-03
-9.474624626894453949e-03 9.747533880887483682e-03
1.002369862761334600e-02 4.788560923015218809e-03
8.010108784393126999e-03 -1.126257239208451957e-02
-5.261413367721345935e-03 5.996926549570646449e-03
-4.848029196052135691e-03 -3.191903841616088727e-03
3.570160588614898749e-03 -8.963098852673186470e-03
-5.262937247734696990e-03 -6.973657598034400940e-03
1.421715273335020721e-02 -8.117901977218902436e-04
-8.549763233651102093e-03 3.400930005074233927e-03
3.583022116593907649e-03 -7.014311571788957398e-04
-1.210757724306010591e-03 8.265573704341546910e-03
3.131662543342544468e-03 4.898006699246201627e-03
7.589623252766109461e-03 8.391256202179344162e-03
8.021608222909081334e-03 -8.036816272037337547e-03
-6.027350961177444823e-03 -1.276494286048854461e-02
-1.388348417910289373e-02 -1.437449836343178237e-03
-1.048096165007536161e-03 -6.643905412836876960e-03
-6.497096705306253453e-03 -4.208585041363671099e-03
9.924512582580037948e-03 7.763888429519249200e-03
3.337727218268294032e-03 1.390044873908679582e-03
-7.692686541003588077e-03 1.897945701568832600e-03
6.726594060344773252e-03 1.137681945606178885e-02
8.589300729495022782e-03 -7.123238734174940079e-03
4.377299037241120204e-03 8.117013617076227969e-03
3.641925059346170189e-03 1.372658081732787937e-02
9.592035358181991503e-03 -4.219372314158424848e-03
8.991722769463867792e-04 -1.039479566311120838e-02
5.717567022891125415e-03 1.081466496723881843e-02
2.021865943286553328e-03 -1.543271214497460731e-03
-2.297683535639507158e-03 -1.408527653991153289e-02
8.604278812184479102e-05 -1.381868376248141829e-02
-9.413097653998839937e-03 -7.219040500526211109e-03
4.531379647114676390e-03 5.894742132721182692e-04
