-4.417480365484761917e-03 -7.492387284475199999e-03
-5.023418694645745419e-03 5.053242980332148249e-03
-8.893012765493441094e-05 -2.051619662487274968e-04
2.781900283888257865e-04 4.802354662882181435e-03
1.140623893921984336e-02 5.636605906267000074e-04
5.393987463357822858e-03 6.484203825076913057e-03
-3.004401431598103904e-03 6.225236705364291592e-03
-5.267282017258276272e-03 1.454558404007336592e-03
1.842881314071712854e-03 4.026634880671261033e-03
-3.976406109380130859e-03 -1.639571423659305811e-03
-2.265530929913743639e-03 -3.989657830642758321e-03
9.954203109960270066e-03 5.872294308501209079e-03
2.952320584467008242e-03 5.349187150074634182e-03
-4.104963631317138859e-03 -1.486362535035867143e-03
-2.165201156833645307e-03 4.023728997406077722e-04
8.787637842938572294e-03 -5.027665575726305777e-03
4.450082764928039482e-03 5.431092282892132674e-03
-7.941444224721589187e-04 -7.454484196526143386e-03
-4.888634446284905941e-03 -7.079924085752406504e-04
-5.867791888410175960e-03 1.081211521538385286e-03
9.294842935848949758e-03 -7.343425276932323206e-03
-3.833670828261303253e-03 -9.743868224711569812e-03
-1.083395681692599435e-02 4.354925910850415867e-03
1.092738936466853715e-03 -1.302275553301949053e-03
-2.290150645204106633e-04 7.118114364086837106e-03
1.324924802279622144e-02 -6.766640734547659658e-03
-1.195929815283748587e-02 7.718496465734289713e-03
1.050461197932434435e-02 -1.628842277145585264e-03
-3.196694985095039319e-04 3.647987309699033016e-03
-3.909477004159417346e-03 -2.497196338686364248e-03
-7.031036312269364937e-03 8.068118019436004013e-03
7.333749937841316409e-03 8.372939259853388189e-03
4.626090944400446103e-03 1.393338733309727566e-02
1.367627228922325966e-02 -4.319673167153568333e-03
1.391218457907780065e-02 1.622072821316117991e-03
1.013749182328058281e-02 -6.636358906276493275e-03
-5.037564802434224553e-04 8.845689877483025806e-03
-2.482220311090939293e-03 3.269339738724302228e-03
-3.016599345435511809e-03 -5.272582705762914740e-03
-5.046217985494713155e-03 -3.320494547935985870e-03
-7.579465336291529853e-03 -3.879652718473014517e-03
-7.488810902303578466e-03 -4.095256640838499697e-04
1.840230969819503124e-03 4.807655351386599593e-03
7.185171238812215408e-03 -1.198554605635226977e-02
7.474633143122901176e-03 8.360613576511313760e-03
-6.340670275543119211e-03 4.600641309300409869e-03
-3.796821547736103572e-03 2.035717596977225288e-03
-8.470235380180013776e-04 -3.191010988079566284e-03
1.097113587053221611e-03 1.181669064121787949e-03
2.845093586055279754e-03 -1.210270393286547348e-02
-5.168804320013841531e-04 1.393856025210453691e-03
1.023159486993711897e-03 3.363698324379451178e-04
-7.140913654932644827e-04 -8.602752592781256341e-04
2.726083633703471013e-03 3.293448376005096451e-04
7.362775955114333332e-03 1.113865028784007290e-02
-4.182749652554440967e-04 2.520921667454743571e-03
4.363930751031120346e-03 -6.912026359918915785e-03
-2.104626547545071415e-04 1.650971069084470125e-03
5.099097101038053276e-03 -9.429786605103717897e-04
1.091931056241066816e-02 6.772420849680644769e-04
1.578741275359118795e-03 2.630128511209740144e-03
2.111651542380004604e-03 -1.480678654413472399e-02
-3.787146208645098076e-03 2.957621272972787291e-03
4.343526265425251554e-03 6.647088052791357005e-03
-4.988964219363643815e-03 -5.100023138957463995e-03
-3.629562669436433610e-03 5.570123412334893401e-03
3.008648312678664262e-03 7.615644117906428950e-03
9.032299433965849944e-03 5.881969647590854118e-03
1.326926919988379505e-03 1.374505347027300383e-03
2.091247056774134944e-03 -1.247672131424450766e-03
-1.189409335394957072e-02 3.595906462569299113e-03
2.328085384548089255e-03 6.480882981919625562e-04
-9.368797035898448599e-04 6.498126045247603743e-04
-3.492128076822024595e-03 -9.721324472866923940e-04
-6.454379539383923699e-04 1.547064913833892143e-03
-5.245153225320752302e-03 -8.839590920563640541e-03
-9.977130170313684016e-03 -2.889095630921219727e-03
-1.056093970753600036e-02 -6.376146906862103711e-04
2.178452878096271902e-03 -4.307475253313657222e-03
1.156091659515946345e-03 2.667105561239604614e-03
-4.183292381963016685e-03 -4.815606384143448007e-03
-1.464920300492469907e-02 5.008505969832438218e-04
-7.360923879274853133e-04 -1.923062140553911080e-03
-1.423185407758866677e-02 2.025914488381773577e-03
1.405571812861159536e-02 8.287266672587050020e-04
7.351663500094348346e-04 5.969047699408326288e-03
-4.627943020239269276e-03 -5.841416215390729874e-03
-1.136753758285717966e-02 3.123954113354406557e-03
-1.594643340872813238e-03 2.055994313077287410e-03
-4.929187878486172500e-03 3.696364005152700909e-03
1.129875640179764384e-02 5.825641919379197231e-03
-2.399389140355170664e-03 -2.274408000588641447e-03
-5.629899753212364716e-03 -1.242594981354659851e-02
-9.772894241983225844e-03 1.067959800275758257e-03
-8.197218270780009565e-04 -3.690265048233316511e-03
3.079153800072359764e-03 1.931013173311900075e-03
-1.562040941429535673e-03 -5.300688505779590533e-06
1.053111542184779733e-03 -9.439046984297831590e-04
-3.852351007533014095e-03 7.080211276137779626e-03
1.587618346034017037e-03 -3.758918459788188407e-03
1.091586194974235313e-02 -5.852688091310086216e-03
-2.226031305134973555e-03 7.008907520331840099e-03
4.692349550712219056e-03 -5.592124434769114340e-03
-1.217228338233839607e-02 -1.206448200312883190e-03
3.882175293219417359e-03 2.996450398840114476e-03
-1.123553144825185576e-02 9.500675401009120100e-03
1.061104070932382577e-02 8.512098158801955153e-03
-1.975813486593947302e-03 -6.357370609472921125e-03
8.428340950146993513e-03 -1.021307411155106867e-03
1.377567602438280366e-02 4.118343122084431110e-03
9.510606279109235298e-03 -1.055643728744632900e-02
-1.329404833607940838e-02 -2.669883674996259906e-03
5.185504653946584018e-03 -1.131373242939328824e-02
-9.642612413712059460e-03 4.179715999791396019e-03
-5.284908389106129749e-03 2.875716140155288800e-03
-3.085380526495048494e-03 3.677013326970689482e-03
-1.076092875478475500e-02 9.246210701386172598e-03
3.134427720856734290e-04 1.960039190584917431e-03
4.727506176296380515e-04 7.837506418084739732e-03
-4.246772874516774321e-03 2.571948707160620542e-03
1.791982043869139347e-03 -1.115879923443683329e-02
3.235013032946866280e-03 1.278550224534930405e-03
7.968714284275316834e-03 -1.406979976967273616e-03
-8.202103999382096694e-03 6.041149723630373503e-03
-2.583476122089089187e-03 2.923294567195351343e-03
-1.394782063128504604e-03 3.529105126853030513e-03
-3.143688100050850151e-04 2.085946368268355462e-03
3.210361666261577276e-03 9.967838139731230625e-04
-2.518271323202534058e-03 -1.199295435970782874e-03
-4.223718044659837030e-03 -1.176818617626363035e-02
-2.270831618417020782e-03 -2.427616889213440789e-03
-3.930551988674226699e-03 -7.605968778815423020e-03
8.303232040870575821e-04 5.661831653744637399e-04
-9.073778904085385774e-03 2.568372324988999877e-03
3.124081882858852771e-03 1.060137700905662561e-05
-1.304925897554746680e-02 -3.117184657524720709e-03
-6.988758573735081442e-03 6.928726693848499124e-03
-5.012817317635327903e-03 1.929161097474437576e-03
-7.242297235438618225e-03 2.408138441528125898e-03
4.563664259270764842e-03 5.918020659702448449e-03
-7.026917200694609515e-04 3.326593504855370701e-03
1.345351560250979562e-03 7.264298257871697716e-03
6.736018180446291456e-03 -4.138364299176524978e-03
2.150225129238001343e-03 2.377643656920050072e-04
-1.187289059992895426e-02 -2.652257303148625872e-03
2.467244283495295763e-03 -2.629202473291689015e-03
-7.198295190570176347e-03 4.533712204079696356e-03
2.633417702978470450e-04 -5.914444277530827784e-03
1.457432286694713801e-02 2.699835730187327525e-03
-1.427384462573142842e-03 5.590400128434955956e-03
2.792086701006133830e-03 3.517705481427866199e-03
-1.210880288978463844e-02 -8.594003291616950438e-03
-2.730171094000050243e-05 4.992540601537502273e-04
-2.648553151472339984e-03 -4.311051635485278755e-03
5.943470294803844707e-03 3.029052798284533055e-03
2.990223672416064855e-03 1.725851207062031184e-03
4.260822864194147713e-03 8.338995862586788977e-04
3.774948294807688870e-03 -1.445544068409999362e-02
4.306676984900052740e-03 -5.132497768897437661e-03
-4.256448213607780251e-03 1.650045031165058755e-03
-7.070663706546870741e-04 8.426488874302726995e-04
5.989133343235475415e-04 -1.424855441151710866e-02
1.406976811828896876e-02 4.234574960678004658e-03
-1.090088592214644202e-03 5.212550825866102758e-04
-9.456801125645342143e-03 2.246978520145337128e-03
1.143698926282565864e-02 6.594336706751320783e-03
9.982430858818320749e-03 1.327054689493044511e-03
-8.538473831821401239e-03 7.064309210622943952e-03
4.731849175489627815e-03 5.406440916204341765e-03
1.048353699481067644e-02 -6.737614717276003626e-03
1.348927942422600444e-03 2.437292228303085829e-03
5.224206010309246848e-03 -7.626117725412180810e-03
1.125210401267699202e-02 4.481088627542964900e-03
-1.267948847524512888e-03 1.109311500891552822e-04
7.818027970399423973e-03 9.040378236226002256e-03
-2.463795670828339019e-03 9.159132649568699561e-03
3.589009237235166617e-03 -1.165766998606951842e-03
1.334877952746587292e-03 -9.685560651150715121e-04
7.893834146296395751e-03 1.793706350202156283e-03
1.167130501585184749e-02 -2.085818598765051129e-03
3.489605502074260863e-03 -9.603783287846093600e-03
9.248190546729441117e-03 -8.687978568769915561e-03
-3.602260958496432755e-03 5.070869352181143173e-03
2.707658993440871173e-03 -5.560448073243887471e-03
3.613660603921597068e-03 -8.840005880465051733e-04
-4.627144751823160720e-03 1.469534431602761331e-03
-6.423501446280030155e-03 1.014438904861471313e-02
2.715482256694414388e-03 3.453426720459362199e-03
-2.356313133406140372e-03 3.897151320816202337e-03
1.259071776847988126e-04 6.278115820919003259e-04
7.431557136172509126e-03 2.189054255105328528e-03
-1.077935339504735440e-02 3.356417790541773964e-03
-1.399766609406692154e-02 4.702695388713526436e-03
1.992641590028194996e-03 -2.374737773668740212e-03
-8.187957891585893704e-04 -7.736250607086589404e-03
-1.316376650780824199e-02 4.418725245193778559e-04
6.937731534029205338e-03 -1.075722460310982870e-02
6.879551729980084435e-03 -4.931710453233936232e-03
-1.011628906926110953e-02 3.881951405599300478e-04
2.020869338886246546e-03 -6.919977392676904780e-03
-3.293863335907428781e-03 -1.412092292749814876e-02
-3.068680192566607470e-03 6.301841149676011035e-03
1.072395170475625055e-02 -9.668860317228201648e-03
8.739931646393844095e-03 9.030702897136356350e-03
-7.360253380366570466e-03 -5.627345527072884213e-04
-6.134582271376341073e-03 4.657256227910610766e-04
-2.083423793520592163e-03 1.026154692512770000e-02
-1.063396776967609828e-02 -5.528899481223325391e-03
-1.254697126261886076e-03 -3.794171203483894493e-03
-2.027894333725042530e-03 5.217053245966003783e-03
-6.162841671629470421e-05 -7.044160264036195516e-04
1.155165621597895650e-03 6.713091120094018954e-03
-6.068579204073678256e-03 3.654086266618417414e-03
-1.178740908494097656e-02 -8.977025513176908542e-03
8.935546043057372712e-03 -3.337067112361123428e-03
2.451342217980459655e-03 2.056920350996698996e-03
-1.190469473095862735e-02 6.719988345428150149e-03
4.473009825284612363e-04 2.447893605319431437e-04
-5.034020071654802045e-03 8.177324863191001020e-03
-1.046086547347344423e-03 2.646828845139542058e-03
-2.342263143728766980e-03 7.302999614235501126e-03
9.370074730956513137e-04 -1.200674881037174305e-02
-6.537881209036359997e-03 2.346510024810689096e-03
-4.655244731177909240e-03 -5.342162155235837331e-03
4.353201604516257484e-03 7.568991728786918574e-03
6.928886114740094582e-04 7.108439024997191200e-03
-8.857217292411494886e-03 6.666310961468703208e-03
2.219804578711143377e-03 -1.400881020047889218e-03
4.685324555873640780e-03 -7.295048581477512131e-03
4.283749924546420215e-03 -2.149299091319950648e-03
5.195850491946530508e-03 8.276058099441605323e-03
7.950704603915707217e-04 3.408498637672869626e-03
-1.096781502736764169e-02 6.070175740902029535e-03
-1.772503596182682141e-03 1.645670380579832308e-03
-2.402965522526791763e-03 2.552598028979970006e-03
-4.346304379182125421e-03 5.490868623769603989e-03
6.441000048623217109e-03 -2.086105789170446430e-04
-1.079487215204226903e-03 -2.602826800271100180e-03
3.823197220756692407e-03 1.511013901722297811e-03
-1.123805402299962036e-02 -1.075240334123665244e-03
-4.551466345430853731e-03 5.579798751424538440e-03
1.999666584865630523e-03 -6.718136269589812049e-04
-7.130440047430052115e-03 -3.698982698006345396e-04
-1.775414135229882312e-05 1.277809394199607568e-02
5.575424100839312426e-03 2.067521728005755621e-03
-2.741059661298895535e-03 3.107924278346056897e-04
-6.064204553487309926e-03 6.138030884042154633e-03
2.122125149884614582e-03 -6.573932221145451990e-03
1.223483783697274299e-02 -2.135121332137912033e-03
-6.568375993635567917e-04 -2.639803850300746074e-03
3.162911008726179956e-03 -7.658720124855458375e-03
-6.172485359324255370e-03 4.089061565802302317e-03
-2.895896738139896662e-04 -8.989223427016818785e-03
-5.863321119712219635e-04 -8.324434794896416398e-03
-1.488342380370705556e-04 2.355387095486729220e-03
-1.085675610777382151e-02 -4.018811617419078275e-03
4.036437989268074067e-03 -1.227791384392313417e-02
-9.026998745460070028e-03 -7.444010589020389791e-03
-2.913619228104345413e-03 -1.661572446093526750e-03
-7.892908108378345056e-03 -5.839691909056570623e-03
-1.087968316812745403e-02 -1.035612939841591695e-03
1.021051988542068245e-02 -1.745074115739377388e-03
-1.480934077026783546e-03 -8.814013515959159828e-03
1.820752522133045267e-03 1.432078420524359949e-02
-8.034717351577980518e-03 -1.781380666860083156e-03
9.290340515759276663e-03 1.529566311490703889e-03
-2.667903829661640285e-04 -6.154858987473243179e-04
-1.945861431402878816e-03 -7.637645140340649022e-03
3.952680780613112427e-03 -2.688180545754413966e-03
-8.923092590210852937e-03 -7.878985888205417010e-03
2.993927824092350309e-03 -1.445809102835220183e-02
4.676447485197382514e-03 -9.060016104807261123e-04
4.604217691470889086e-03 1.513664245975867781e-03
6.567705494722762827e-03 7.730151650167204139e-03
-3.773894487383831937e-03 -9.474810806014042578e-04
2.887371324589563248e-03 -1.324209525845298011e-02
1.408832052802233884e-04 -1.232568334321514449e-05
-7.233547934267024748e-03 7.376027676376959927e-03
8.710107360707441265e-03 -1.045958777841537752e-03
6.216359634688032459e-03 9.393448402594890140e-03
4.362078675191155726e-03 1.179944757788990023e-03
7.025639505647963794e-04 8.030342700990251298e-03
-1.048321931697705593e-04 4.480960858039661002e-03
1.028182364122776429e-02 -1.187544133426981716e-04
7.616697925321855777e-04 -1.841157007737554254e-03
4.042409176682793676e-03 4.827932067486663016e-03
8.947871726400586853e-03 -3.196183907080899986e-03
-4.502961880473881073e-03 -1.167619074445556439e-03
-1.846457696242191854e-03 8.003711488959894217e-04
-9.705039098843100745e-03 -3.835650673604572639e-03
-1.230844027990203073e-03 -1.082335543991579802e-02
-1.962848955738292003e-04 -6.300116843342994100e-03
-2.620325402614288434e-03 -8.856291254493442455e-03
-8.475919377185696033e-03 3.722739678173290177e-03
-1.555941984510151276e-03 5.743609017058393974e-03
1.259071776849615080e-03 6.278115820908774028e-03
2.293630909265988518e-03 1.080135441748157621e-02
3.472649629135566521e-03 1.048526130114369251e-02
3.388221921571665622e-03 1.407107746473080720e-03
-3.161984970806767936e-03 3.612734566002185482e-03
-2.343061412143513777e-03 -7.951032756847112998e-06
4.896457709537088698e-03 9.721867202277348005e-03
-8.017218749233431807e-03 8.154397802838728518e-03
-1.639571423659305811e-03 3.976406109380130859e-03
-6.348493538796661992e-03 -4.413233484402839801e-03
-1.138593057172758525e-03 7.268672908458066045e-03
2.272683694256985836e-03 -5.664354228494465453e-03
1.394571301644048980e-02 -4.485207739120221360e-03
1.967191954928159629e-03 -9.967454831222896661e-03
-2.925146643032813625e-03 5.508494995618598913e-03
-7.489609170718326131e-03 -7.720476311076199076e-03
4.010732815157567674e-03 2.843241510215315133e-03
-8.006489602718566342e-03 -6.326620285867106709e-03
2.399389140355170664e-03 2.274408000588641447e-03
-4.660545419682546840e-03 -3.780121213807662115e-03
-7.342754778022021755e-03 9.373043916991521951e-03
-2.235578874722675587e-03 -5.269932361510486218e-03
-6.692016135577849578e-03 6.263938061728095870e-03
8.935418273552927365e-03 8.019869093487001777e-03
-8.632576878476308502e-03 -2.935748020043231141e-03
2.400315178274582684e-03 -1.771577558264631012e-03
5.207377906874998720e-03 1.105990657729480527e-03
1.440706398864632573e-02 -8.345700851689792643e-04
2.629202473291689015e-03 2.467244283495295763e-03
1.112619683499219483e-02 3.853277045451064791e-03
-1.082520751575325943e-02 9.322815145697889438e-03
4.802354662882181435e-03 -2.781900283888257865e-04
-3.849572893776138927e-03 -5.057745400423181367e-03
3.795736088927819177e-04 -6.208536371435849702e-03
4.490252888612591628e-04 3.509754448669877205e-03
7.950704603915707217e-04 3.408498637672869626e-03
9.959631567969353880e-03 -7.046682838775091343e-03
-2.383614844344999345e-03 4.396405380968591674e-03
-3.658588686708089642e-03 2.804412384349348406e-03
-5.276031318429870616e-03 -3.513330830841498737e-03
-1.015419215721016788e-02 4.011531083572533046e-03
-5.711006617615116410e-03 -3.617236986093218601e-03
1.632418659317205929e-03 5.677605949755732025e-03
4.506538262643000267e-03 -3.659386955122836873e-03
-1.068499480938447932e-02 -9.357397390484436389e-03
5.773433302746157694e-03 1.163260365948918726e-02
1.763754295011088231e-03 -6.613559615428666986e-03
-8.238953279907295507e-03 -5.738436098058421163e-03
-4.717000917397507626e-03 5.310358024207306564e-03
-1.038758187231580282e-02 8.645700830234271175e-03
6.429600403199413686e-03 -4.395479343050540978e-03
8.392002747644585967e-04 -5.822863805623683386e-03
4.137725451657720856e-04 6.352069920968282657e-03
-1.194949504424067457e-02 -2.716536064117129438e-03
-7.766458201289707730e-04 2.481294273171527707e-03
4.238821841759926774e-03 -2.288872950171067649e-04
-6.427876096850412195e-05 7.660444431171926645e-05
-2.081571717683129447e-03 2.169575807420012770e-03
3.144358598958914893e-03 -2.191576829854233709e-03
5.582449095678108410e-03 3.770445874716657052e-03
3.583708548721660568e-04 3.962739428207381941e-05
6.479605286861559940e-04 9.028850821298894935e-03
6.030676116124620775e-03 -3.075032360581484922e-05
1.333025876907764119e-03 7.123415052591473839e-03
1.054708079014492553e-03 1.367799659555741718e-02
8.190513281749892474e-05 -1.497762180461031673e-03
1.242767411987939774e-02 -2.364934665074430384e-03
-3.435800348610367275e-03 1.294324520545101940e-03
1.790129968031677066e-03 -3.066828116729145189e-03
-2.192119559261012686e-04 -3.316918165764365205e-03
8.797537069645828406e-04 -1.022722021935026579e-02
5.710208349201511061e-03 -3.693713660900491830e-03
-1.742551540991614089e-03 3.653958497121043017e-04
-2.712033644026097187e-03 3.076503455818789794e-03
7.024681816342230427e-03 8.896844686694709015e-03
-7.930811196326260221e-03 -2.216355966045328949e-03
-2.200453900529131951e-03 3.244688372039013658e-03
-7.487884864384166880e-03 -4.455511222937122429e-03
3.213012010512645341e-03 2.157633432591447419e-04
8.070896133192877880e-03 -5.106920364291596057e-03
-1.611599213802857814e-04 2.214503890206505343e-03
6.576582565399021960e-03 1.341104679170417903e-03
-5.402736764529415467e-03 -1.145209305992574839e-02
-2.604678876108562895e-03 9.171458332911913702e-03
-1.437446158920168901e-02 -1.226724916412945746e-03
-5.701331278524111347e-03 -2.695333310097655730e-03
6.198733262839037535e-03 1.081460613874420280e-02
9.527178843533013267e-03 3.425326741104614981e-03
-1.126190712127130358e-02 5.953943902308237411e-03
1.208692963685508229e-02 -3.825719795504456573e-03
-5.431283355175273164e-04 -1.350981167933719418e-02
1.343627253918181419e-03 3.999333169733763384e-03
-7.017656821500493653e-04 -7.193920539979021915e-04
8.996376191360061850e-03 -9.943601732951213440e-03
-2.363338128244936789e-03 2.194227174105301340e-03
-4.737277633498711629e-03 7.512536231071958656e-03
1.417709123482137346e-03 -6.512303804430517526e-03
3.828497909261330441e-03 -5.102703970587718803e-05
-4.738874170328423799e-03 -7.109365062915242763e-03
1.186679164300957073e-02 -3.096652402415548018e-03
8.877070676259132820e-06 -6.389046970996787103e-03
-7.440434206843325347e-04 4.199992715896025885e-04
9.376779720059527645e-04 6.661138042468730397e-03
-5.654678889403460390e-03 -1.350780018261423399e-03
9.330893947960543222e-03 -2.874790102237237670e-03
-4.624494407572093957e-03 6.885139608887834439e-04
6.338019931290909265e-03 -3.819620838585071742e-03
-8.193226928707199319e-03 -3.478972473675550486e-04
-7.284447204468455506e-03 -7.809406438732493551e-03
-2.667903829654351411e-03 -6.154858987476402761e-03
-4.129742767510251799e-04 9.588807260240657989e-04
6.448951081380064655e-03 -2.551671991060558854e-03
-3.887475981725196407e-03 -1.434409457410578369e-03
3.546859268204187454e-03 -1.138331187886621083e-02
-2.829989788954048562e-03 1.056304615833756917e-04
2.888967861417914961e-03 1.379806035533080082e-03
-4.058311242196487902e-03 -1.418092431996350287e-04
-4.031009531258990253e-03 -6.410633033531664641e-04
1.014624112445217802e-02 -1.668469671427657945e-03
4.478310513786091032e-03 8.858526638839674550e-04
-7.271323252711636015e-03 -3.575725864585609787e-04
1.501210793127987983e-03 6.611835309094508603e-03
-5.686483020433132606e-03 8.021465630315352188e-03
8.617728620385331495e-03 -7.781050920369777212e-03
-4.796926204871737598e-03 -1.264078711888633189e-02
1.952088157828070318e-03 2.029618640057840456e-03
-3.547944727005447954e-04 -4.866633423850685869e-03
1.257650835791782745e-02 -4.720321760560017288e-03
7.307502034326534245e-03 -6.530728444693117800e-03
6.099329527679492671e-03 2.376589849506203361e-03
-6.070303510407836639e-03 3.891211784793416339e-04
8.272481717269984658e-03 -3.688444623779190551e-04
8.417228495122218955e-04 4.753051929509101090e-03
-4.576117712117283749e-03 5.298032340864091555e-03
-1.246746093505039180e-03 -6.137232615627407836e-03
6.456774344633608304e-03 6.462202802642691250e-03
4.718725223731666009e-03 -2.045392936068230784e-03
5.225930316643405231e-03 -4.361152637273104163e-03
8.078719396445060638e-03 3.906954429410512165e-03
-9.930477781193032191e-03 -1.544542339084986095e-03
-3.230638382361639832e-03 1.205394392890167489e-03
-1.031800242284266166e-02 7.007055444494376950e-03
-4.251721905895750747e-04 -1.053893868510177856e-02
-2.872139757983667267e-03 -1.011191441867474033e-02
5.520820678961813055e-03 3.066029848313037501e-03
6.009473362105146634e-03 6.217413442110747944e-03
-1.129888417130230950e-02 5.531294286466424334e-03
2.119474805632186494e-03 -5.792911750432615768e-03
-2.630128511209740144e-03 1.578741275359118795e-03
6.263938061728095870e-03 6.692016135577849578e-03
-6.372346637068345213e-03 2.615950752029062853e-03
8.104296801050903110e-03 1.427352811176861580e-04
-9.595512249373065218e-05 -1.908086112959628440e-03
-8.930245354551592796e-03 1.775026170931586888e-03
-5.282800774265485749e-04 -2.793012738924184092e-03
-4.225570120497300179e-03 -3.676215058555942685e-03
1.000880653183891002e-02 4.873786188192567176e-03
-3.485901350398193984e-03 -6.580158947570643492e-03
6.132730195538877924e-03 7.626245494916627024e-03
1.617442631721780540e-03 6.317743215190846709e-03
-6.793271946577359929e-03 5.917892890198002236e-03
9.541356602715052315e-03 -4.525761171321708229e-03
7.739954758754005867e-04 -1.700273802457330594e-03
4.270242664270382238e-04 2.446967567394091759e-03
6.713091120094018954e-03 -1.155165621597895650e-03
6.133784002961594276e-03 -7.776676269783409749e-03
2.813161685520942749e-03 8.626477921556924972e-03
5.489016547932141707e-03 1.243827549688981265e-02
1.051336128049707927e-02 3.339046957701890476e-03
-1.893110085362843028e-03 -5.441821429402428009e-04
-6.865341155487211279e-05 -2.407340173112017777e-03
5.010100178782670929e-05 7.874483468115745649e-03
5.244354956906004638e-03 1.528640273571292519e-03
2.196877518358871743e-03 1.582317657530740111e-03
3.416705209437246541e-04 -2.585200428423247571e-03
-1.037950307005565224e-02 -5.054296787756006049e-03
-2.736685010712527639e-03 2.794737045258342909e-03
1.717900174305183637e-03 -6.471622602725509701e-04
6.056125751225797590e-03 7.561966733946981142e-03
-8.340336860410109757e-03 5.272454936258249084e-03
4.552520152853084577e-04 -2.098272051611570904e-03
1.016731610896698737e-02 3.440302768701399960e-03
2.054142237239825128e-03 9.686614458580501338e-03
-9.429371645202038257e-03 -9.609211745855177414e-03
7.061403327352755964e-04 3.203336671422999868e-03
2.459293250737306768e-03 -2.861410611468145643e-04
4.878959107193900011e-03 -2.139112674203217865e-04
6.789663913010818459e-04 -7.654345474270232361e-03
-6.870802428808490091e-03 9.899599688082771562e-03
-1.042720926659901869e-02 9.004071685107797526e-03
1.678400549527774878e-03 -1.164572761124600675e-02
1.129715986496499175e-03 -8.796259374612790507e-04
-2.809997935360577029e-05 -6.811696586839959336e-03
7.694898906471717495e-03 -3.725390022424357375e-03
-1.151729785881366180e-02 9.525326767694408669e-03
1.047731026838684583e-02 -1.129588216992052745e-03
7.029056466927455574e-03 1.138078930411980799e-02
-7.552961893767417244e-03 -1.168985742561775079e-02
1.068087569780423480e-03 -1.584041963862395938e-03
3.406646561835406910e-03 7.296900657316116728e-03
-3.315193859430206388e-03 3.484177044065177049e-03
8.761262169919124473e-03 -8.574397074427191068e-03
6.878625692060672848e-03 -8.857248943806637735e-04
1.255623164181297879e-03 -2.518143553693787248e-04
1.700273802457330594e-03 7.739954758754005867e-04
-1.268332156039917152e-04 3.418173976763875556e-03
2.726083633703471013e-03 3.293448376005096451e-04
4.995190945788836184e-03 -5.080033613253441376e-04
7.624680609469324834e-04 5.469793639254794636e-03
-8.457494736923094891e-03 9.612532589017687076e-03
1.102414275557859428e-03 -3.803718773063869416e-04
1.027997156539029941e-02 7.973216704364989929e-03
-3.101154822506580703e-03 -2.993800054587685954e-03
-4.179843769296060808e-03 1.714323792133562755e-03
-5.030315919979876614e-03 -8.006617372224373447e-03
-5.432561050208311064e-04 -2.152875473490429431e-03
9.509296932672185775e-04 2.756035688894539065e-03
1.073442531226086183e-02 -1.436005994238930515e-03
-3.064976040890321583e-03 -9.882101085738222851e-03
9.696098725389288783e-04 -1.406804381195481124e-02
-7.278348247549071975e-03 -2.060496733168320528e-03
-1.103103998091342977e-02 -9.256141579486287796e-03
-1.198739813218973119e-02 9.067998788954735601e-04
-7.603318434564354522e-03 3.149531517960248595e-03
-1.236949431583027684e-02 -3.460579484801462949e-03
5.760309350987977313e-03 4.180769807214111504e-03
-5.265557710923898663e-04 4.719523492148915795e-04
-7.266022564205856099e-03 -1.919613527888096652e-03
-7.036209231270698639e-03 -1.726777244982584218e-03
-7.067885592794564617e-03 -3.711467802252790653e-03
4.752253661094354292e-03 -8.152673496504571002e-03
-8.838664882645591581e-03 1.199167666466336660e-03
4.380631084959562237e-03 -4.287198537213595534e-03
3.125167341662617344e-04 6.006024749438190757e-03
4.438523698612859177e-04 -6.285140815747570012e-03
1.332492642918852756e-02 -2.656376414725882332e-03
1.277464532932776065e-02 -6.512176034925853604e-03
-5.114073128634837387e-03 1.583115925944344809e-03
-1.240474705952712350e-02 -6.182640125041985110e-04
-2.328085384548089255e-03 -6.480882981919625562e-04
2.726083633703471013e-03 3.293448376005096451e-04
2.558026486989053386e-03 -1.051601162474950779e-02
-9.293789128426233406e-03 -8.059496487767714434e-03
2.911096653355439798e-03 -8.914343289037897702e-03
-9.163635069659732679e-03 6.409195917593544893e-03
-5.118320009715400347e-03 -1.225776489732637552e-02
3.556406837790528595e-03 8.955280029749731682e-04
-6.243629694235833423e-04 6.655837353962950481e-03
7.633940988663440695e-04 1.423808080401521743e-03
2.483944617423737219e-03 -4.374650586367895971e-06
-2.467372052999960985e-03 1.398613867913731101e-02
-1.136846362077523209e-02 7.169939672208820898e-03
-5.543747739315446448e-03 -8.283117073554962032e-05
3.984484911641644062e-03 -1.206042619432983083e-02
2.567701826078698426e-03 -9.594107948755087670e-03
-9.192533317433527074e-04 -7.713451316243330642e-04
8.559006086928994030e-04 -3.198035982918362267e-03
-1.185526422808110165e-02 -4.073415039296577646e-03
2.667903829661640285e-04 6.154858987473243179e-04
-1.411482397058306734e-03 9.042773041465674037e-04
-8.170427637856868958e-03 8.025840280901721385e-03
-1.048791164539590245e-02 4.253670099850906383e-03
-2.931660559856109818e-04 -4.162217397448208199e-03
1.104010812387352589e-03 1.424152941667830921e-02
-1.207275187767440500e-02 -4.125368116923008519e-03
-4.229018733164474630e-03 -1.020614523483545644e-02
1.115707492810267404e-02 -1.472983044269936433e-03
8.739931646393844095e-03 9.030702897136356350e-03
-3.212085972594594645e-03 -4.261748902113559299e-03
1.079512769105888705e-02 3.314395591016601039e-03
7.167289327955250061e-03 1.214948409148942747e-02
-1.497602759542457579e-05 6.401372654351154433e-04
-1.089960822709979196e-03 -1.083568112325901042e-02
-4.059237280115899488e-03 3.904176315653638298e-03
-1.240117067735550284e-02 -5.445270042072810832e-03
9.396769245757399802e-03 1.167050674743710069e-02
1.559870023803127531e-04 -1.200939915462395299e-02
-1.886085090525407718e-03 1.158742003769516315e-03
-9.854799374800726069e-03 2.565721980736790364e-03
-2.654779877897531053e-03 1.296974864797530245e-03
-9.086519547329354081e-04 -3.895427014482043954e-03
-2.547297340474190090e-03 -3.965006463956327436e-03
1.999666584865630523e-03 -6.718136269589812049e-04
5.534072400224441385e-03 -8.390725052600123829e-04
8.822762817130753304e-03 3.486955157822050917e-03
6.335272304909263068e-05 3.969381114541553450e-03
-3.143688100050850151e-04 2.085946368268355462e-03
-1.240912171011234952e-02 -3.102208629929296621e-03
-2.388117264434671573e-03 1.326939696939161833e-02
-3.154859202056121276e-05 -1.334162676311696771e-02
1.261348540794747335e-02 -4.297672144719347394e-03
1.319371856299931048e-02 -1.722147055387105753e-03
-6.088855920173739944e-03 5.856264473481708616e-03
-6.075348659893352148e-04 -2.076271029178710422e-03
6.258637373222315954e-03 8.254057077007385251e-03
9.113022989865055944e-04 3.114406543767846841e-03
-2.878494253912162668e-03 6.853048287454830377e-03
5.469793639254794636e-03 -7.624680609469324834e-04
6.382021976159351143e-03 -1.694047076033499983e-03
-1.116317388502205930e-02 -4.275926661294237457e-03
-1.307576241807728752e-03 4.693020049626820669e-04
1.555015946590739473e-03 -1.697623458205121299e-03
-4.603419423057283737e-03 5.797286401017841782e-03
-1.332135004701690689e-02 -2.170629614842728254e-03
-2.207478895367927935e-03 1.541764225328112661e-03
-4.543259773658967632e-04 -1.947713507241702205e-03
-1.188441801485856479e-02 4.517810138564860682e-03
4.966037159013218143e-04 8.083221816528366431e-04
6.926204119099594811e-03 -3.587157161396343011e-03
-2.245126444307388690e-04 -1.754877224336189988e-03
5.683704906676258738e-03 4.116491046245607070e-03
5.605248386527076146e-03 1.214418340298479074e-02
-2.319208313871830122e-03 -7.037135269188749334e-03
-1.210972892770405263e-02 -4.548017732763677545e-03
-7.448257470102311907e-03 -4.813882077811791095e-03
1.307656068648496359e-02 2.617930597371189924e-03
1.199177278277609865e-02 1.577144738528264527e-03
6.493879164167918119e-03 -4.472083787362259553e-03
-2.407467942617824881e-03 1.142558961740185522e-02
2.794737045258342909e-03 2.736685010712527639e-03
-9.169606257074452288e-03 -1.069664999381625056e-02
4.114638970408144789e-03 2.408266211031429363e-03
-2.758686033146748578e-03 1.731950163982557247e-03
8.886115540179847019e-03 7.456336272363604800e-03
-3.234086995028815151e-03 -5.324535783389344745e-03
-8.416015266802419348e-03 1.162190616436472191e-03
-1.127503107303062455e-02 -1.497889949965477453e-03
-9.831872314447091810e-03 -4.174766968406970827e-04
-4.521514290239786113e-03 4.299524220556809675e-03
4.611370455814132151e-03 -8.140347813161355126e-03
-1.465715403768154401e-02 2.843912009126758032e-03
-3.227988038109430753e-03 4.243739221748287112e-04
4.930912184820331751e-03 -4.313989170136251286e-04
3.600951612063244944e-04 3.304592482421149762e-03
2.088596712521925865e-03 -4.666516607091118806e-04
-8.250225155837805470e-04 -2.128224106803780404e-03
-3.051053820717612546e-03 4.880683413526699238e-03
-2.711107606108046492e-03 -9.694821030356250884e-04
3.803718773063869416e-04 1.102414275557859428e-03
-2.189852523520075325e-03 1.206064891801611038e-04
1.192576971547479672e-02 -1.611215905297950363e-03
-5.879191533835341141e-03 -3.105657242596252497e-03
7.290673930889080131e-04 2.201379938455128276e-04
1.325972163030197243e-02 1.466213588440250584e-03
4.226496158416711765e-03 -3.697705002973304244e-04
9.231911711589012304e-03 -7.078042077423695594e-03
7.447935692304310738e-06 -1.183786352448654502e-02
-9.844961477668742397e-03 -7.006448084149892973e-03
-1.082328793903006466e-02 -7.863287989910473091e-03
7.126760737553647709e-03 -4.397398028946031615e-03
9.410697562057659948e-03 1.042430592018788946e-02
-3.218529835999765429e-03 -1.325077566465558167e-02
-1.289748030912185768e-02 -3.872602970279364828e-03
-1.172321793177744792e-02 1.522680441902646850e-03
-1.387871686183867782e-02 5.498347233586393934e-03
-9.090432977172642134e-03 1.899116238754875417e-03
1.043482322115932281e-02 -7.671119744998177413e-03
-1.051984412832116314e-02 1.028866713287435175e-02
2.616120662678365731e-03 1.446755599817155929e-02
-4.825672925266621602e-03 -9.449095401087312038e-03
8.575858578672840987e-03 8.460145724175373826e-04
8.840901882832326308e-03 -7.556591575196584462e-03
6.921154098355745098e-03 5.559207743456891357e-04
2.383309080921480142e-03 -9.195229512834354052e-03
-5.738834785009210362e-03 -1.085735419343741327e-02
-9.364086810752191709e-03 -6.892889294451969018e-03
-6.010001475264525710e-03 -9.759865499137196365e-03
-1.041058248335055558e-02 -7.770395463337316034e-04
6.186078266647481241e-03 7.348456948071187267e-03
-8.293897789071998441e-03 3.591796083027777760e-03
6.223340829750141807e-03 -3.983245980259488006e-03
1.446880914863336778e-03 5.810818526835175891e-03
2.322623976118954985e-03 -9.036599345749725051e-03
5.267289001025401637e-03 -8.920371553326469569e-03
9.449045470890655996e-03 4.049859386113155608e-03
2.067359799957218039e-03 2.766431253899878629e-04
1.175613102058582944e-02 8.369253427474052792e-03
7.172433783260820546e-03 -2.629135792916751681e-03
1.416135289716541346e-02 -2.147822441574655499e-03
1.091423880105281597e-04 -6.416366367861766826e-03
1.112175969966597679e-03 1.152898914597772287e-02
-9.592607357603397805e-03 -7.196210572153235140e-03
2.043261070383652674e-03 1.254384932189589637e-02
1.205707523579410169e-02 -8.011544049170081852e-03
-1.056268057638197130e-02 7.997018057574242084e-03
3.432787569687248842e-03 1.221163528346415859e-02
7.382019365007786230e-03 7.265620987739427120e-03
-7.835310752270225991e-04 -9.143269047981537889e-03
1.096721080863354188e-02 9.049663834328440862e-03
1.398144871074450714e-02 3.037332891693775034e-03
4.156085671154828229e-03 2.957639451506639556e-03
3.722526717255726040e-03 -1.160884720162096151e-02
-4.332020128921717714e-03 -8.182065922494300867e-04
-3.286823245113767089e-04 2.827560780780369841e-03
1.387371594233513528e-02 -3.640816081066007483e-03
5.145221290271176189e-03 -1.092657691794463384e-02
