8.175345017848170085e-04 2.448292739521447901e-03
-3.500542128539828671e-03 3.393921744283567334e-03
6.192634305919654004e-03 5.065696433180028047e-03
9.662761360308816383e-03 4.975041999192076660e-03
-3.881840043765627090e-03 6.337493027578980365e-03
-9.618759315440376240e-03 -2.849468236640506202e-03
1.025843356191453483e-02 4.887437043662676457e-03
9.923788035810177099e-03 9.175561618796145014e-03
1.749860234318782043e-05 9.935778469697668924e-03
2.923294567195351343e-03 2.583476122089089187e-03
-5.715972056665175743e-03 7.278747381755873783e-03
5.552945979691008976e-05 -5.044493679160554772e-03
1.207275187767440500e-02 4.125368116923008519e-03
-3.197572963959336920e-03 -2.878893388120106790e-03
-2.844167548140169631e-04 8.056718374006272389e-04
-6.594208937247445293e-03 8.005305697821388233e-05
-3.108978085758192303e-03 -1.200767484829047549e-02
-1.089290323799679047e-03 7.832205729581461287e-03
1.482786152864817202e-03 7.220423982507920410e-04
-2.378314155840361311e-03 2.834364439540416891e-03
4.463797505150262149e-03 -4.970028501088048258e-04
1.839767950859906836e-03 6.830648130814487642e-03
8.374998815643266287e-03 5.265158576717315214e-03
2.961660674102863013e-03 -3.062852600350040536e-03
5.758249795200029095e-03 -8.418138707344058683e-03
9.518557311866302720e-04 -1.289949869958734044e-03
2.246404139324634100e-05 -9.602058981514218329e-04
1.630694352984408003e-03 2.412640861617797693e-03
5.138261476361672200e-03 7.216432640439894748e-04
6.278115820913293850e-04 -1.259071776841184215e-04
1.185572724704148963e-02 2.050422259870511923e-03
1.124381773046442476e-02 -2.509793386733077600e-03
1.024518184065383898e-02 8.792539397236186910e-03
8.574524843931636414e-03 -2.595674035929000298e-03
9.038526160389109831e-03 2.739431473075841159e-04
-2.173024420085827198e-03 -8.611501893961500884e-03
-5.437191239817883940e-04 -1.298826940636838598e-04
-4.227773853428316939e-05 1.139391325587504888e-03
8.385264943197173054e-03 -7.192866732561774279e-03
-2.602699030766435391e-03 -1.027744899064139336e-02
9.039915217267546765e-03 -5.795035190972895947e-03
2.805338422267399968e-03 -3.873968721463249155e-04
-4.794403630127132905e-04 -2.064871383760835308e-04
1.371391983816636463e-03 1.477086330153486431e-03
1.691061482326140395e-03 -2.170900979545546585e-03
-1.906697056080619915e-03 -5.973023215787429639e-03
1.578406025903397562e-03 -6.703814915209816566e-03
4.544776600047779197e-03 2.051220528284116839e-03
-4.547889963259802923e-03 7.527927218566072155e-04
1.936649111272259341e-03 4.692748684919020863e-03
-4.452414267397232853e-04 1.235411915402805094e-02
2.000001834321351538e-03 8.662129799460575180e-03
-8.378112178854502882e-04 -2.461145326574769050e-04
-6.099329527679492671e-03 -2.376589849506203361e-03
-1.506846731088347900e-03 -1.438373779408588966e-02
-4.579103305824644421e-03 -3.254890614840806173e-03
5.697595475460848387e-04 -5.657329233655668602e-03
-4.362876943607263414e-03 -8.490895404782480144e-03
-7.273047559043862784e-03 -3.622537674597176190e-03
-5.565748761749096662e-03 -1.145618052012015945e-03
-9.153368942104465888e-03 -6.048829391684402285e-03
-2.998174705172911968e-03 6.172102050814828097e-04
-1.751428611668443946e-03 6.754442820709571742e-03
-2.259431972993788083e-03 1.759251874920735774e-03
4.221993738325678647e-03 8.503221088124554572e-03
-1.274047804444468877e-03 -5.637978555474338488e-03
-8.735269805413233869e-04 4.619193719066994053e-03
-5.284780619601464960e-03 -8.481220065690332766e-03
-4.678970059945145379e-03 -9.669914124652059448e-03
2.034328540098787920e-03 9.865799886016584502e-03
8.372348471391058075e-03 6.046179047432654642e-03
2.797387389509981264e-03 1.955664539997869090e-03
1.188694058961155091e-03 6.058105596569989416e-04
-9.101687811166074213e-04 1.353048752964473855e-02
5.805700452734285401e-03 2.373652314858832116e-04
1.950236081986963274e-04 1.012158975776710716e-03
-8.796259374605501849e-03 -1.129715986496815025e-02
8.079773203868347714e-03 -1.149596733529020462e-02
4.908783392880304575e-03 9.862750407557572749e-03
1.935850842858083485e-03 -2.618201962074008255e-03
-1.206307653858340080e-02 -3.203464440927446082e-03
-2.662140122190117305e-03 -9.739892708332465593e-03
3.310691439340971961e-04 5.388814544362854290e-04
6.229276106494938473e-03 -3.845597377397715587e-03
-3.881041775350090560e-03 1.364844367457315223e-02
1.060934805443328167e-04 8.069970095273028277e-04
2.340874086850330046e-03 -1.234021275955021497e-03
9.828758951235857383e-03 3.221489946983243681e-03
-2.177989859135885664e-03 2.284482473887591500e-03
1.208474231156246928e-02 -5.067692104217005195e-03
-4.072824250832887509e-03 -1.524664757191726864e-03
-9.809073023598695665e-03 7.956260831428118782e-03
7.365889318325568626e-03 8.334637037697528034e-03
1.818692966344307750e-03 1.721875690683607411e-03
-8.893012765493441094e-05 -2.051619662487274968e-04
-6.585619056971442342e-04 -5.904768938440501866e-03
3.063714753516549004e-03 4.594143218173080481e-03
-2.252742227610142391e-03 -5.871767404788600167e-03
-1.363399455068840457e-02 3.180281841565383433e-03
-5.204264543664335017e-03 -3.910003907871346246e-03
6.872861984595868452e-03 2.699308826476079504e-03
-1.173718031364369896e-03 -1.245947825090972612e-03
-1.897947754909026221e-03 -1.005133980938594960e-03
7.596628689180138540e-03 4.481487761749767575e-03
-9.045088136267519577e-03 -3.999860073444550836e-03
-8.825413161382392527e-03 -2.705934687107393235e-03
-1.311492679339440817e-02 3.028398125067477929e-03
2.470357646707320790e-03 -5.433215723432412853e-03
-6.879423960474848922e-03 -6.425225752612365344e-03
-6.989093823190232167e-03 -2.405216732571737598e-03
3.241111989866821835e-03 7.027459930098423416e-03
-1.157568514281326864e-02 -5.340038714695556285e-03
1.987676150978136963e-03 8.521246594180350437e-03
-1.296032884789117059e-02 -2.912022691274851818e-03
-6.324432960574492835e-03 9.248461911431115831e-03
-1.226571593008436364e-02 7.461381421860273713e-03
3.412410269299070292e-03 3.711866936460734775e-03
-1.125971979597868884e-02 7.195916211020786032e-03
5.106920364291596057e-03 8.070896133192877880e-03
6.925533620194298905e-04 -2.225504401423725534e-03
1.126177935176799795e-02 5.402992303538527337e-03
-1.148731415223360093e-03 8.369762011890390790e-03
-1.317390486585770168e-02 1.542961627950342578e-03
2.767898353278728726e-03 1.212946291440212144e-03
8.045318728587037144e-03 -1.342701215998769616e-03
4.788639922661100216e-03 5.649905104610750822e-03
-2.260230241408534881e-03 -5.551698772071613115e-03
6.158770619103174151e-03 1.839033567197273424e-03
-3.927566394966866895e-03 9.469541768894755747e-04
-4.096549579600696107e-03 -5.852416726607269186e-03
1.208739265581410850e-02 -5.848712574931662876e-03
1.759714893880441567e-03 2.364391935671515286e-04
2.994135304042836246e-03 6.232788603913656453e-03
-2.827802463661435554e-03 1.347602770295924964e-03
-2.899441468923668122e-03 -9.612660358520990975e-03
-2.891953455125274765e-03 -9.932728991237977159e-03
3.767667760959211160e-03 6.555507580883532595e-03
-2.556972679565196020e-03 -4.886910139951889873e-03
-1.408693147117643513e-02 -4.836410003956119474e-03
-4.711540807910568913e-05 6.784394875902946109e-04
4.652259137469977844e-03 -3.210760800468380385e-03
1.035485170336355966e-03 4.772530377188488973e-04
-5.800064514773926351e-03 7.534537253505498716e-03
-3.331894193360579459e-03 8.593492213593944933e-04
7.858118383641882893e-03 6.659014601927769339e-03
8.626350152053048614e-03 8.543774520326501143e-03
3.913851654745214084e-03 4.981140956110781913e-03
-1.922599121595456673e-03 -1.286900391499041629e-03
5.430964513386897161e-03 6.906853440918262962e-03
-2.023391913634009845e-03 -3.655938342455880563e-03
-3.505379798084650757e-03 2.932969906286356839e-03
1.109902289356252134e-03 -7.004405100233736681e-04
-6.328344592199903335e-03 4.741524514580633745e-03
6.164662096071284181e-03 -1.310293635950623287e-02
-4.333850926334246491e-03 -5.725184376795793700e-03
-6.749269901710060150e-04 8.043466652750934235e-04
-2.055531294118262062e-03 -3.617636120300020408e-03
-4.256911232567376323e-03 3.673037810592946588e-03
-2.473343240414680594e-03 -3.119707232272484441e-03
-3.990583868561598316e-03 6.311516488766336086e-03
7.143228749733082639e-03 -1.512211304344527295e-03
9.443086385424261792e-03 3.681116612854239481e-03
-1.900135080202210169e-03 -2.247106289650463353e-03
8.341135128824856554e-03 2.038495710734099155e-03
4.170168430205054878e-03 -2.636227468129124542e-03
1.350652248756187886e-03 5.702257316442842922e-03
2.334184341468044811e-03 6.396998003755456109e-03
1.307911491262307886e-03 8.864641421458235859e-03
1.513664245975867781e-03 -4.604217691470889086e-03
-6.609983233257047189e-03 -6.590760324579699250e-03
-2.415482278154724993e-04 -1.371364847346038737e-02
-6.367045948564497779e-03 1.053909810599064877e-03
-4.841391268701135571e-03 -1.274336810201115791e-02
-2.350421656438030776e-03 -1.104481860588730352e-02
-7.485458407753657617e-04 9.292990860011486609e-03
3.869386590917747726e-03 4.878559972986417324e-03
-3.155758244383508482e-03 -1.995291934281084520e-03
-6.067190147194669730e-03 -2.414892071662743094e-03
-7.062681022410827007e-04 8.153599534423981721e-03
7.940486535417836875e-03 3.138259642040210507e-03
1.443158758582172496e-03 1.080413253123638489e-03
-5.440639852477903091e-03 -7.828757116913824532e-03
1.348112091152068800e-02 6.025104062917164410e-03
5.679074717068235674e-05 2.434641884045871639e-04
4.658358094389933833e-03 2.538148905095113494e-03
1.192270441132205466e-03 -4.221195469910932717e-03
-3.111276772878252342e-04 -1.207500308771866995e-02
-9.930014762234005976e-03 -3.567535118512194566e-03
-1.900135080202210169e-03 -2.247106289650463353e-03
6.330867166948237791e-03 5.834391220551471587e-03
-7.251972574529053431e-03 1.486234765531883016e-03
9.211883995608734915e-03 9.557258668228745674e-03
1.500875543672266534e-03 -2.722108117325047240e-03
1.547064913833321419e-03 6.454379539390727068e-04
8.726009426219116924e-04 -5.732081602137214854e-04
-1.827442267515902094e-03 -6.689764925532443174e-03
-5.987855648183120286e-04 2.891618205670805353e-03
-9.053502187985323219e-03 3.661941181257091088e-04
-1.226469377404405467e-03 -8.339410822491379049e-03
-2.126499800471201487e-04 4.089987603719211781e-04
5.433279608185316405e-03 -3.208110456216170005e-03
1.752817668546880446e-03 -1.282342115899005180e-02
4.675058428318945580e-03 5.162976727799754167e-03
-2.679431244583390780e-03 1.015208454236403131e-03
3.633937320021659624e-03 -3.086178794909795291e-03
-1.646133399538286931e-03 2.504891832438449093e-04
-3.616183178669931091e-03 -9.691915147085599508e-03
-3.159206857049894068e-03 -8.525222110558776378e-03
4.690497474874186050e-03 2.499846682939253772e-03
-9.794432245458421435e-03 -2.017819860427234359e-03
3.508828410752397233e-03 3.596960269992475600e-03
2.936290749446364380e-04 2.139224618021000161e-03
-4.451807071262197865e-03 -8.696057371031207586e-03
-1.125341335910702220e-03 3.363570554885696173e-03
1.086251981523805518e-02 4.337778965630163103e-04
8.264865933968287837e-03 1.130816037618583188e-02
5.559985054284862123e-03 4.730651772868078343e-03
-3.518966768802428511e-03 -2.495871166560830433e-03
1.816505641051123802e-03 4.799033819717388009e-04
5.221890915511398328e-03 2.488846171721572145e-03
-1.616181344347218879e-03 -1.029785347623883313e-03
-8.985135966823334062e-04 -4.996516117914369566e-03
7.373968120587651685e-03 -5.365360580292288621e-03
3.267615432392075026e-03 -7.827447770476750506e-04
-9.988433697624317376e-04 -9.388546848297735226e-03
6.274763326361782259e-04 -9.459850604104355631e-03
7.162914677369454190e-03 9.665539474065011974e-03
-1.086954481007742189e-02 -2.136702043273236429e-03
5.231231005147253532e-03 -5.923193578703102140e-03
4.861795754305073616e-03 -8.157463106995776168e-04
1.204498714777595125e-02 6.647614956503285037e-03
8.047506053880220875e-03 -1.007289072869014396e-04
-7.520822513282593436e-03 -1.172815964777429096e-02
3.507104104418238416e-03 3.319951818533993862e-04
5.582113846222957684e-03 -5.563497551703580103e-03
2.962123693063248818e-03 -5.085845379776106692e-03
2.804875403307803029e-03 1.635595907281562700e-03
4.900960129628692541e-03 8.488756138547836477e-04
1.062614450642448624e-02 -3.484975312479462843e-03
1.058412230689988491e-03 -2.505945639858638604e-03
1.874222426141217840e-03 -3.322617988476947361e-03
1.449385485007363781e-03 -4.527613247159170511e-03
-5.235701773850303872e-04 9.024875304919788982e-03
-6.157844581183762565e-03 -5.885019126050546751e-03
-1.106250886248738054e-02 9.450047495510045803e-03
-2.365062434577734716e-03 -1.070737914032632776e-03
8.934620005139320281e-03 7.089184464932913460e-04
6.249089803636545537e-03 -4.024782804834479630e-03
6.285939084161745218e-03 7.754803016854315036e-03
-2.479027237439676828e-04 3.251314232669185074e-03
-8.479495759354813492e-04 8.549745707741682622e-04
1.297437883757126750e-03 6.317870984696434371e-04
1.325534697971424494e-02 -1.017731028984628083e-03
4.772993396154013787e-03 -1.237784448279575025e-02
5.532220324386406644e-03 7.252898612448355729e-03
2.865114763146231307e-03 8.408990271964983387e-03
-1.569065936267542358e-03 -1.708224835214858369e-03
8.327883407562229959e-03 5.943598064307149473e-03
2.603625068685847411e-03 6.231463431788122204e-03
5.232827541976965702e-03 8.698707715284099279e-03
-2.069246034339914438e-03 2.310459012700236212e-03
1.050587326669947738e-02 3.659115590420698554e-03
9.343554880758338232e-03 6.600036529463903373e-03
-2.114972385541943542e-03 -3.080079837991090905e-03
-1.245001039176876767e-02 -8.031795642621590917e-03
-7.221557500378959597e-03 -1.817032544763052919e-03
7.835191323288252102e-03 9.642213279505255918e-03
-4.710311172015222390e-03 -2.320661255503170609e-03
1.166242794517501763e-02 4.303228372232415985e-03
-2.085483349309900838e-03 -2.337361589431612065e-03
-2.921107241902167178e-03 -1.341503813377220578e-03
-4.617006393773701034e-03 3.684453281717968258e-04
1.350324970345821197e-02 -4.269045261653813157e-03
6.957752711120156024e-03 9.754469601720626437e-03
6.999695200199288793e-03 -7.188651502871151733e-04
4.314500248153024797e-03 3.881377024806492455e-03
8.000358994402685144e-04 -7.487485730177365073e-03
1.259539601714002380e-02 -8.535216291435084382e-04
-1.040899210628633276e-02 -5.797015036314343006e-03
5.360123776539411390e-03 3.257540959093696131e-03
7.797416004843068377e-03 1.908613016670415892e-03
4.995893096081107862e-04 9.361245137358413515e-03
-1.007527261810002746e-02 -6.039154052593396355e-03
-8.214301913221436213e-03 -5.456669687497294266e-03
-8.012716329143758712e-03 -7.185937855842972760e-04
8.997174459773667199e-03 -2.632651085957503877e-03
-8.827137467716550043e-03 -5.970899775246468581e-03
9.945964886805098385e-04 -4.452333974974126765e-03
1.153387042323743977e-02 4.456437260856534882e-03
-9.860546674594016479e-05 -1.127065642244289663e-03
1.098935303084340800e-02 -2.984396080199716930e-03
-1.681849162196529500e-04 5.115797434962850079e-04
-8.897642955107392792e-04 -2.862688306553429077e-05
-3.950030436359542457e-03 1.907160075040217071e-03
-9.413262099736497204e-03 6.395545062124795635e-03
8.158101954512293492e-04 -8.166723486183086493e-04
-1.938836436564872132e-03 -5.934720993631570352e-03
-5.019379293515669263e-03 -1.796755828662990363e-03
6.739466793114037499e-03 2.391565877102308328e-03
8.056718374011981798e-04 2.844167548133365721e-04
-5.128921386725816128e-03 -9.133683014468664194e-03
-5.077894347019940025e-03 -5.305185105207333753e-03
-7.539039673595279364e-03 3.072927073647849141e-03
7.953610487175228824e-03 1.059009349431346350e-02
1.340590552408604461e-02 -1.081530363329606670e-04
-1.132122044319032114e-02 -4.865436021228456386e-03
2.340283298388000366e-03 1.214590770931894999e-02
-1.188740360856535387e-02 -4.035112817140718358e-03
9.988657585241580636e-03 -4.280971810790225492e-03
-1.300698123701261172e-02 -4.256575983112907344e-03
2.160363487287461463e-03 -8.633247377389598231e-04
9.306529771671563471e-04 4.958213895757829399e-03
1.163087935315502801e-02 -9.038398390885235209e-03
-1.274767886784541025e-02 -3.321021451647914770e-03
-4.581290631117828152e-03 -4.496862923552674349e-03
1.168018208652867908e-02 -8.474865569762518244e-03
-1.074721401456367464e-02 3.318115568386594688e-03
1.603520411548853362e-03 -8.445041284076576851e-03
1.823530635890491160e-03 2.182827528681959353e-03
-5.733007640049338216e-03 -4.680023867369003179e-03
-9.858897307093094156e-03 -2.509044729878901446e-03
-3.013545968385391259e-03 -3.983677717408964404e-03
2.734500291669390414e-03 -4.489331539395183084e-03
-1.031984086852679762e-02 -5.613879199927881980e-03
-9.391334393996687152e-03 -9.424089122564021509e-03
1.834589094002665862e-03 2.555375077206042261e-03
-2.058091026477245903e-05 -1.495557517985516421e-02
8.584305926886838523e-03 7.519210403486903740e-03
-8.667376853738726489e-03 6.141122024437236683e-03
-1.169655461279741487e-02 3.423271208122978353e-03
7.475998342106699064e-03 -8.678073150126657323e-03
-8.762282786080927491e-03 9.899517247641993756e-03
-7.782254702363404150e-03 -8.862385596463490112e-03
7.786381889487821277e-03 -5.737076958316120710e-03
-8.708927877253183278e-03 2.863037073760702758e-04
8.805202813060441711e-03 -9.870976404482329630e-03
3.857837613543274049e-04 1.350443589945102697e-04
7.524158438486868751e-03 4.569472797639743088e-03
8.983402118448304691e-03 -3.025306455220107445e-03
1.096653416280048837e-02 6.555889899211716880e-03
-6.212032901335497702e-03 -1.048720614133775639e-02
1.904283820578980737e-03 1.155752947538818236e-02
7.501079401216641414e-03 -9.347142266612840436e-03
4.620239210893075515e-03 -1.346872361540672053e-02
4.327421055655126039e-03 -1.028476663807152691e-02
7.743587855124356434e-03 -1.826660910042917025e-03
3.543796472871497266e-03 8.071373791073969961e-03
2.680620695340831233e-03 7.796459327875207394e-03
4.592783335850001043e-03 -9.020822556796384561e-03
-4.183300894430508864e-03 1.359905505882247692e-02
-6.389958910160705753e-03 -7.964011151143410294e-03
2.322108306960800773e-03 1.026840446385816332e-03
7.733017830543841183e-03 5.937172098023467924e-03
1.318460887162217852e-03 1.998481970267652549e-03
1.336001893551743390e-02 -2.948510501186395009e-03
-5.108931056394734084e-03 -8.523212620189296249e-03
-4.707105110663064272e-03 8.436364981068977809e-03
8.599158552675310874e-03 -1.172460050837985206e-02
8.055289384865721089e-03 -4.484728100337211413e-04
-2.251142588264959127e-03 -1.279409803485783738e-02
1.186356164085479274e-02 8.943754642234668165e-03
-4.927574271713796748e-04 -8.989427937313559588e-03
-2.759952295099752230e-04 1.457981591529396333e-02
-5.141103407364896322e-03 -3.681961467291903177e-03
7.739998549490132102e-04 -4.708065531596220162e-03
-1.406723428428282956e-02 4.279345122916770015e-03
2.895035512695232419e-03 -8.675022042822881641e-03
-1.258548290669234517e-03 4.701829887428728844e-03
1.837058074440732632e-04 1.352366733697610290e-03
9.762654423713046370e-03 6.781690429015802858e-03
-4.576128986350630132e-03 1.425049326969735249e-02
