1.810406684131739188e-03 -5.269006323592435523e-03
-6.925278081180182357e-03 -4.588283974569294481e-04
-3.984357142136978405e-03 7.034899884842077487e-04
-3.704315037910689903e-03 -2.586126466341298266e-03
2.383614844344999345e-03 -4.396405380968591674e-03
1.016262261659579835e-03 -1.272349052011857717e-02
1.152643046850131484e-03 -3.862824615038766389e-03
-2.523572011705810768e-03 3.627455054585340070e-04
-6.312601947577149708e-04 -6.404022998593572082e-03
-7.029056466927455574e-03 -1.138078930411980799e-02
7.354026653942739855e-03 6.170761052991239302e-03
2.595801805432304196e-03 -2.782411361915127467e-03
-2.182029260266532111e-03 9.134481282883410991e-03
-3.663889375212727676e-03 4.366453325777524055e-03
-1.036625134879302391e-02 -8.959399141329055932e-03
6.416220912432340009e-03 1.086655921637063281e-02
5.265557710923898663e-04 -4.719523492148915795e-04
-6.995783568573877426e-03 5.225802547137598127e-03
-6.598583587833242031e-03 -2.403891560446203349e-03
7.244021541771636027e-03 8.568266466123107723e-04
6.538679477451106795e-03 4.964440622181660011e-03
-1.937112130231284906e-03 -2.669755905491813693e-03
3.457801371044588214e-03 -2.315376392693162776e-04
4.412179676980124317e-03 9.054428225903375649e-03
6.516806224520190621e-03 -7.455282464940889316e-03
3.027200722445929325e-03 2.148500822905203417e-03
2.809713072853986873e-03 2.096547745279914859e-03
1.670193977761816329e-03 1.341120621259125380e-02
-3.659386955122836873e-03 -4.506538262643000267e-03
8.685455994022150961e-03 -1.327725188403344660e-03
-5.126526581481357162e-03 1.279916892651088503e-02
-5.212550825866102758e-04 -1.090088592214644202e-03
-2.646828845139542058e-03 -1.046086547347344423e-03
-7.528438296585652015e-03 -5.115480921168407552e-05
1.485171462692121483e-02 1.912397460771611546e-04
-4.349752991852461189e-04 -1.039061552517197824e-04
1.193902143673606503e-02 -5.516318258872141694e-03
-1.135814943415884007e-03 -4.869283768102894948e-03
-9.675214813155336158e-03 6.241011001374462477e-03
1.026735869164190898e-03 -4.490636197129306041e-03
6.160031906476376440e-03 7.126991434763095372e-03
3.639238008527439106e-03 -4.648219736339330964e-03
1.253595492571634232e-02 -3.159653468345789348e-04
-5.903044632107024361e-03 3.923526993835649290e-03
6.630259949357108877e-03 4.388582117716409783e-03
3.185710299575147258e-03 7.150174034126761773e-04
1.069307361164462990e-02 -4.342600227505839100e-03
4.404356413726580668e-03 4.055343220012467761e-05
-2.988499366083266929e-03 1.539113881075903148e-03
-8.362943915051553479e-05 -1.767202907679404997e-03
-3.866400997210387054e-03 3.674362982718479970e-03
1.093428659000495254e-02 3.710481953430981583e-05
-8.670352196922062951e-03 -1.066934828287739202e-02
-1.303878536804171234e-02 5.115669665463189533e-03
6.401372654351154433e-04 1.497602759542457579e-05
2.447893605319431437e-04 -4.473009825284612363e-04
1.007838598131205118e-02 3.235140802452672517e-03
-1.300551246967790670e-03 2.172226151672222282e-03
-3.189286681746768357e-03 4.111988626155935710e-03
-1.566415592015904003e-03 -2.489245305929516702e-03
-4.777703296195532842e-03 5.599564389517754440e-04
-1.374665000711114762e-02 -1.352632094098886115e-03
-4.805005007134391382e-03 1.059210499104164564e-03
-7.026917200694609515e-04 3.326593504855370701e-03
2.213705621791758980e-03 -7.149790725612063108e-03
7.721434000379379797e-04 6.391697315250357073e-03
-6.367844216978672985e-03 -6.257040836393964675e-03
7.177092436550921647e-03 1.714451561639369209e-03
-1.099511673830764168e-02 6.569429801055778895e-03
4.599044772470916274e-03 -8.281231018441579869e-03
-1.890331971607329617e-03 -1.268213881950234524e-02
1.945063162988132019e-03 3.266944933483002409e-04
-7.616697925321855777e-04 1.841157007737554254e-03
-7.193920539979021915e-04 7.017656821500493653e-04
-4.376128664868529118e-03 -4.585793051208290547e-03
-2.118420998208329128e-03 -9.610010014268782763e-03
7.680848916795485551e-03 -7.131238315845018355e-03
-1.672588783008122776e-04 -3.534405815356307656e-03
-4.411381408565376652e-03 -1.743477578911025458e-03
-8.630054303728545637e-03 7.640167715089554203e-03
3.839897554685133864e-03 4.135841724427618930e-03
-2.984124715498040915e-03 4.023058498501001258e-03
1.143698926282565864e-02 6.594336706751320783e-03
-3.412873288258095640e-03 -1.688874157033527171e-03
2.957621272972787291e-03 3.787146208645098076e-03
6.853974325374241963e-03 -1.167491304941110225e-03
8.865168325169483013e-03 -9.009372373613579177e-03
-1.886085090525407718e-03 1.158742003769516315e-03
2.917195610275966512e-03 -3.165433583475084703e-03
-1.092738936466853715e-03 1.302275553301949053e-03
4.473009825284612363e-04 2.447893605319431437e-04
-2.861666150479056422e-03 -1.879060095685469636e-03
-9.094853888600195127e-03 -2.540400115140058462e-03
-4.352403336101510686e-03 -2.580410817945699015e-04
-1.672046053599279261e-03 -5.319235094883565697e-03
8.880016583260461754e-03 1.707426566799431344e-03
3.738641743686983970e-03 3.789796552898668045e-03
-6.726342841355285526e-03 5.060267975172086548e-03
-4.137725451657720856e-04 -6.352069920968282657e-03
-5.098171063120001713e-03 -3.103006898344043418e-03
-5.291933383944707157e-03 1.172791993446890141e-03
2.826541176286874110e-03 -6.635560637862888793e-03
-1.885159052605996132e-03 -2.887243555083756578e-03
-5.738308328553756374e-03 -3.117982925938326058e-03
-1.011628906926110953e-02 3.881951405599300478e-04
-1.309776344050558004e-02 3.630233168346734193e-03
-3.530829433184686991e-03 -4.659747151267799176e-03
9.720046777833882788e-04 7.864808129024739719e-03
-3.214864086352609961e-03 7.876207774448761717e-03
-2.846817892386935365e-03 8.837738844726179127e-03
-8.438144058742444789e-03 1.145633994100767050e-02
-2.804412384349348406e-03 -3.658588686708089642e-03
4.330402313667290615e-03 -8.047457994812155443e-04
-1.485436497116455774e-03 5.897807246386639959e-05
-1.094463242801012098e-03 -1.962689534837126944e-03
1.019726816415805412e-02 2.160028237833672062e-03
-4.091041411145571703e-03 1.327642196423041432e-02
-1.936186092313233777e-03 -6.715741464346228901e-03
-2.477845660505713279e-03 5.753284356149399904e-03
-1.114867728405521084e-03 1.159642487787428816e-02
-1.425660156238984025e-03 8.855365216574031736e-03
5.649378200898821922e-03 2.912820959689598616e-03
5.441821429402428009e-04 -1.893110085362843028e-03
2.365860702992481079e-03 8.381688561024981665e-03
-8.583401914607895547e-03 8.984721006925785666e-03
4.627016982319856822e-03 9.887401774244002767e-03
5.151561256685863351e-04 -4.658821113348387589e-03
4.844632401417607245e-03 -1.417581353977691132e-03
1.204596124475420691e-03 -4.080312264630708841e-03
3.985155410553086093e-03 6.607460658509282589e-03
-3.600951612063244944e-04 -3.304592482421149762e-03
-1.016121715204760211e-02 2.308606936862773497e-03
-4.318204399828520085e-03 1.230256521060956419e-02
-2.048043280320439863e-03 -3.937704753016326581e-03
9.577535384329949678e-03 -1.141406220247338614e-02
1.820752522133045267e-03 1.432078420524359949e-02
1.523339585065513037e-03 -3.682314015476468964e-03
-3.330968155441738597e-03 -3.186636337493198388e-03
2.887371324589563248e-03 -1.324209525845298011e-02
-1.019554385782503805e-02 1.104936850306765042e-03
1.608821100053490528e-03 -1.000708222550475077e-02
3.380941387721036638e-04 2.241805601145364316e-03
-5.526121367466451523e-03 -1.503988906884862068e-03
-6.865341155487211279e-05 -2.407340173112017777e-03
1.203670086556280980e-02 -3.432670577720774510e-04
-2.171427883257475051e-03 6.010399400024558220e-03
4.643845085754104950e-03 1.155293391102341213e-03
-1.106642049411358034e-02 4.943110098657740523e-03
2.852916849307462512e-03 -3.088829139163365260e-03
3.377748314067054343e-03 -6.825746576516191280e-03
-4.434180699414344388e-03 -1.011721510717916023e-02
1.370357400016211820e-02 -4.818927227305958537e-03
1.782306704779494308e-03 -1.208070291043125341e-02
-1.133135880124228230e-02 -3.764346917797271787e-03
7.889715034721861073e-04 -2.340411067891304264e-03
3.590605774064660645e-03 1.345613429537774637e-02
1.443874035017019171e-02 1.150120472101226303e-03
-5.321885439135774776e-03 2.453066524314618038e-03
2.358835708153904538e-03 6.678764414316583006e-03
7.313600991245918642e-03 -7.818187391289434761e-04
-5.819287423452062721e-03 -5.666206304333070050e-03
-3.623463712515906897e-03 1.131903311789770640e-02
-5.197702567783992790e-03 -1.840869817339180897e-04
3.161984970806767936e-03 -3.612734566002185482e-03
2.664582986491840881e-03 -1.173200739464873299e-02
-7.681519415704425244e-03 -1.153664853699431364e-02
-4.584739243785573327e-03 -1.102679309983150766e-02
6.429600403199413686e-03 -4.395479343050540978e-03
-4.208869786567717708e-03 -1.051387235851982023e-03
-5.188154998198794832e-03 1.209475290010862680e-02
-4.524164634491995192e-03 5.080544691272149103e-03
-9.839695577700634591e-03 -9.431351490543946753e-03
-5.061512854878822895e-04 -1.308716206349652342e-02
5.404716609872685720e-03 -7.996814263628922170e-03
7.547725671991963731e-04 -1.490101736029543662e-02
1.088364285881627484e-03 -3.786220170727046946e-03
-6.744639712114095095e-04 -1.218646114152794301e-03
1.008978562673585634e-02 7.422009566586169720e-03
-1.041584127256311738e-03 -6.226162743282342288e-03
-2.660878834815555427e-03 -4.451934840765501764e-03
7.540636210424202235e-03 1.154897422033752952e-02
-8.410714578299140903e-03 -3.998503249928444733e-04
-2.792438358126840200e-04 1.060056710181921623e-02
-3.732542786767599572e-03 1.959113152665505845e-03
2.589575079008473585e-03 2.825615138368822981e-03
1.783903241607846454e-03 2.541198383554805693e-03
-7.863882091105327266e-03 -3.073980881069884180e-03
-4.958054474865749087e-04 6.502628465339511596e-03
-3.344219876704365192e-03 7.184660160798512791e-04
-5.281459776438953563e-03 9.405646316434800383e-03
3.857651696038793144e-03 -8.642252217567314432e-03
-8.279506712108562066e-03 -1.334079684330480037e-03
1.001595929618101163e-02 -4.780225870943295707e-03
-2.205754589034911433e-03 4.806729313468549765e-03
5.141023182458704169e-04 1.074410065135164918e-02
-8.800408973688375602e-05 -4.251147525103141783e-03
9.100952845519580392e-03 8.289309820704231918e-03
7.068939400218421550e-03 -1.169145396244860788e-02
5.999798023014141571e-03 5.295509766115186374e-03
-9.501314248524714550e-04 4.554914958097809607e-03
1.941614550322317591e-03 -6.203235682930070653e-03
-1.174790946016356780e-02 2.021539837796547563e-03
-3.118781194353072855e-03 -1.572642318438592516e-03
9.274566219748887203e-03 -5.141247070069032005e-03
4.133063610670744195e-03 8.298059121875827129e-03
8.162732144108258547e-04 -2.839665128046196373e-03
4.069040388711350764e-03 -1.433920884550619890e-02
1.037209476669943625e-03 3.742218125858605068e-03
5.811464160198519940e-03 -3.347668489370179620e-03
6.655039085548203684e-03 -6.686587677568765764e-03
8.275450903315441711e-04 1.270413984193656531e-02
3.419100014681926251e-03 -3.919152343250423276e-03
3.236066840370723646e-03 -1.412437154016646726e-02
2.014642612462415935e-03 -1.311950892392954766e-03
-5.177425851683930234e-03 -2.386265188597208424e-03
-2.995524360920702456e-03 -1.638102656338559678e-04
2.745434311885482440e-03 2.173152189591633868e-03
2.266456967831794334e-03 -5.632772821165688698e-05
-1.166680259576081610e-02 -6.787172989656832349e-03
-8.992672039682634080e-03 -6.240340502464380469e-03
2.203104244782701920e-03 -4.025708842753210337e-03
1.002988151635257792e-02 9.982558628322986405e-03
-3.611010259669387556e-03 1.029801173311661790e-04
-2.840591165964247503e-03 3.229712344443589137e-03
-3.319951818527191578e-04 3.507104104418809574e-03
-4.122393111156801015e-05 -1.426353043911253275e-02
1.321306924117996058e-02 1.216602966028768051e-04
-9.859174025385952084e-03 8.177736331169225409e-05
-8.188852278119470099e-03 2.136047370057323619e-03
7.299551001568545250e-03 -4.187667032548243566e-03
1.446166741052382423e-02 -1.833078205476261144e-03
2.671607981329276408e-03 -1.002908324793897257e-02
-3.479802393478809153e-03 -8.312492420064691682e-04
8.682262920361148457e-04 -3.057152777638138825e-03
6.533889866952398082e-04 -3.890126325977405920e-03
1.528512504066846956e-03 6.112581248942119266e-03
1.153441315264878281e-03 3.448126031953582717e-03
5.829888800461119347e-03 2.542124421474217279e-03
-4.157842746861839869e-03 2.777110673409348418e-03
6.972632620603769205e-04 9.592383642420928419e-03
6.218339480030160397e-03 -1.005545892095841866e-02
1.340050871746560103e-03 8.826339199302375704e-03
-2.866966838983694456e-03 -3.170191542572944193e-04
-1.064734726044317195e-02 9.733139078197847530e-03
1.087451024912747949e-02 -8.759282324575854220e-03
4.386857811383391981e-03 -9.895225037497545548e-03
-2.631852817543898528e-03 -1.686223812779957202e-03
6.574858259064863576e-03 -1.923860408968658311e-03
2.457568944404290266e-03 -3.551106149287251452e-03
-1.038055687747836860e-02 1.034862497694403159e-02
8.559548816336210592e-03 -1.955536770493885180e-03
-8.731310114728055988e-03 7.294122543559461436e-03
-9.719216858023778036e-03 4.115437238822891586e-03
1.664606098860652635e-04 -3.776544831636041450e-03
5.066622471099221058e-03 -1.023861986477542924e-02
7.070663706546870741e-04 -8.426488874302726995e-04
-9.482378530249824591e-03 6.011197668439305017e-03
-4.040812639853300081e-03 9.793969226498035197e-03
4.950390632505647509e-03 -9.944527770869264136e-03
-9.176886790922359274e-03 1.031429827116659564e-02
5.897807246386639959e-05 1.485436497116455774e-03
-1.848182002576350454e-03 -2.464593939243086250e-03
1.044362241013185606e-03 -5.911793933278618705e-03
-1.040958289475002463e-02 7.582913948958486597e-03
-1.350888564141914348e-02 -3.502857223336887892e-03
-6.586385673994474103e-03 9.093927850682144431e-03
-2.562273368069615045e-03 -3.324869198521211884e-03
-4.349752991852461189e-04 -1.039061552517197824e-04
-6.420723332522013105e-03 -1.993567627947606582e-03
6.608258926922887938e-03 3.325795236440624338e-03
4.624047796285505468e-04 -1.175228411074879381e-02
-1.603392642044407148e-03 -2.911894921771547920e-03
4.409657102231218269e-03 -1.521487509228050539e-03
2.760538108984210860e-03 -9.823921281690245130e-03
-1.028792259814714782e-02 -5.630155292221475719e-03
-1.088670816296489000e-02 -2.738537086551350811e-03
-3.188360643827356771e-03 6.600306730266260018e-05
-2.316557969619621044e-03 -7.818155739904087895e-03
-3.013150732769697381e-03 1.257347470515456263e-03
6.421649370441425558e-03 -2.052417930905666744e-03
-1.152515277344325247e-03 -7.494111590808216067e-03
-1.372653271189837668e-03 -6.765044197719308379e-03
1.084720853818747950e-02 -8.260028264422104860e-03
5.170082015060490505e-04 -1.275079223105607569e-02
-7.458954965231553817e-04 8.511970389296148048e-03
6.330994936453474171e-03 -5.522544985294830858e-03
-1.146971943177474244e-02 6.823894500678729866e-03
3.657662648790038946e-03 1.241573174505065935e-03
6.023651121287184815e-03 -1.733674470315574399e-03
3.843346167353450197e-03 1.066577190070577136e-02
-6.727396648783928994e-04 2.046318973987642370e-03
1.462509436764184139e-03 2.924220605114762929e-03
-1.173293343256814197e-02 1.381402572361432012e-03
8.629128265810494941e-03 -3.594182156235139862e-03
-3.294726071038133267e-04 1.408301983955023359e-02
-1.102414275557859428e-03 3.803718773063869416e-04
-3.431425698025141260e-03 3.778269137970199833e-03
5.934848763131034873e-04 -1.329577264241949691e-03
-1.267150579110907973e-03 7.421881797082864954e-03
7.556666045443704433e-03 -4.494084809796481360e-03
6.833697609274180275e-03 1.034686901922180109e-03
4.148167407770833939e-03 -3.699014349404910421e-03
-2.007617617623619517e-03 3.014875039103855764e-03
4.415883828655049748e-03 -7.129514009512000552e-03
5.239054268401804621e-04 3.090681215004472521e-04
-6.385470588826307886e-03 -4.835883100243509695e-03
-2.130874451056208926e-03 1.606042986296616877e-03
9.985081203072814458e-04 5.460342187749839520e-05
-7.041382150270670583e-03 -1.152167250940003100e-02
-3.395246916410242597e-03 -3.110031893181478945e-03
-1.002391032893899976e-02 7.123287283088169941e-03
2.536695963465133898e-03 7.089088346815179340e-03
-1.188706835910963329e-02 5.298830609278838352e-03
9.392522364676837709e-03 -2.170374075833617685e-03
-6.153932949556991175e-03 -1.378081729198921482e-03
-1.038930617864996207e-02 5.380735742095195395e-03
6.973910315636813609e-04 -1.764552563425834811e-03
2.303306248356994448e-03 1.172325809347713778e-02
2.999899011507070785e-03 2.647754883057593187e-03
8.554248127831573859e-03 -3.934958290657090962e-04
-4.270654999341216254e-04 1.394367945728450242e-02
-8.067059402941063884e-03 9.745871718934309355e-03
-9.593568544122731048e-04 -1.444894113156789880e-02
7.842981338516300666e-03 -1.224126177811428288e-02
9.260602115354088851e-03 2.023358138754287414e-03
1.183180623136981073e-02 3.415537890677350624e-03
4.365409920907653736e-03 1.409881254557765647e-02
4.024146899206450007e-04 -1.263983282297503506e-03
1.094146175568180487e-02 -7.647100264330151942e-03
-1.301139937497990985e-02 1.111542352040983690e-03
-6.031415546866969284e-03 8.611887870041854895e-03
-3.388673499612153764e-03 -1.272586320128200194e-02
2.791676273410467323e-03 -5.365527428529852372e-03
-3.126162378610588665e-03 1.750557565587283846e-03
-5.379901417631137439e-03 -8.421513916068278788e-03
6.673758948541399193e-03 2.467709648885790807e-03
5.254205083935280240e-03 -1.211299081643386032e-02
-2.470876342377702466e-03 -1.197436974229978274e-02
1.678834874121893934e-03 5.339343197171187230e-03
-5.525901348163777919e-03 -1.374368411660046923e-03
1.013759859325531927e-02 -2.395529255006997264e-03
5.908260352152223428e-03 -6.959348918256512461e-04
4.737283337442704974e-03 6.236845735776707332e-03
1.021270395505625983e-02 3.834182265922143461e-03
-4.397062300113395049e-04 3.506483046119474034e-03
7.198737373921897977e-03 1.899588026085503780e-03
1.562725288353929978e-03 1.906717986222940383e-03
-7.229384569244670655e-03 9.310224641402395362e-03
1.051289626780814966e-02 5.456020873833952907e-03
4.106571057695798492e-03 -6.148296141227746654e-03
-6.907574436942125369e-03 -1.448429357479535332e-03
-5.655327989510908031e-03 4.373985741351036488e-03
-7.937127533187390491e-03 -2.971006065922310140e-03
9.931527252609105398e-04 -4.848493087914017806e-03
3.294861623243457334e-04 -1.432895563685574955e-02
4.882941873945332786e-03 3.265606236628667072e-03
-5.426525087584445524e-03 -1.353310481029431495e-02
3.689487599039458637e-03 -4.407047307280557969e-04
1.133165824752892584e-02 -9.613319972695617138e-03
1.173420987316325589e-02 1.344820290666873426e-03
-7.890391775620977238e-03 -6.600838314524410354e-03
1.301158875042026427e-03 -1.212698239053569028e-02
-1.492013705624475883e-02 6.737899957984142636e-04
6.949779096947765467e-03 -1.073860604451629987e-02
-7.999978786354800323e-03 -8.400048490565935333e-03
1.490821248465324864e-02 -3.494638976472595271e-04
-9.761898729572018873e-03 8.014552183445376385e-03
1.320110588630015250e-02 1.365883959033818316e-03
9.150009348388228603e-03 1.179516387039206832e-02
4.631494676555566667e-03 3.595767932615596876e-03
-3.215982325003241809e-03 1.141701229641869410e-02
