9.315119651949010579e-03 -9.545603483795612673e-03
1.728373781810935931e-03 7.585692062715360465e-03
-4.136639992842365728e-03 -3.471053092307215242e-03
5.665152496909213117e-03 9.583634341249334943e-03
-1.097218967795400915e-02 3.586231123478292315e-03
-2.779633248158253599e-03 -1.473375848199326432e-02
-7.132164353763068183e-03 -3.634863357941071210e-03
1.082428147783384698e-02 -5.276829586844617413e-03
-6.286865122080367504e-03 -3.708817457999220683e-03
-1.157004920485369889e-02 2.431863770294002448e-03
-4.482685164371317046e-03 -3.369797281309065348e-03
7.494718786947764805e-04 -1.333897641886476124e-02
5.508494995618598913e-03 2.925146643032813625e-03
3.679791440727563350e-03 -9.052576150065912500e-03
8.787637842938572294e-03 -5.027665575726305777e-03
6.390899046836752591e-03 -8.083094047031646676e-03
4.257374251525830947e-03 -5.696030590019472879e-03
1.452578558665913386e-04 2.471618934080522210e-03
-4.170040660701751847e-03 -8.720708737717639339e-03
-3.603985264830591138e-03 1.805904264042067393e-03
3.350318833623749590e-03 5.030443689484322828e-03
2.899697007932779125e-03 -1.310121205317275536e-02
5.654806658907905736e-03 -1.000615618758670181e-02
-1.110167323781042874e-02 7.785425570955004093e-03
-4.584068744875272744e-03 7.641093753008966656e-03
1.293526252130355143e-03 -3.875150298381981398e-03
1.083303077900680221e-02 -3.089403519946406357e-04
1.381530341867238465e-03 3.759972267211608189e-04
1.078545235196788112e-02 2.392491915021039035e-03
-7.044288033531991532e-03 1.197322037300905390e-02
6.692686634488151029e-03 1.240394879111237844e-02
4.402504337889117519e-03 8.132524549907812345e-03
2.098272051611570904e-03 4.552520152853084577e-04
-1.655345719666536774e-04 -2.694407272172316052e-04
7.142191349979298137e-04 -1.049666094656749593e-02
1.364711850244579652e-02 4.271552010707869995e-03
1.840230969819503124e-03 4.807655351386599593e-03
1.092553728883335906e-02 -4.930784415314524646e-03
-1.312678945777723608e-02 8.645221403611891980e-04
-1.362179663685227039e-03 1.467810125269963404e-03
1.396321161878504025e-02 5.450570730578589013e-03
-1.734600508233625094e-03 -1.977665562432770474e-03
-8.972523093091318768e-04 2.914417496514524900e-04
4.588315625957195727e-03 6.199787070262895335e-03
1.110365308315848423e-03 -2.723433289451261501e-03
-1.105064619810068724e-03 1.161392348021725611e-03
4.488911890796507681e-03 -2.238229218973743218e-03
-3.101154822506580703e-03 -2.993800054587685954e-03
1.945063162988132019e-03 3.266944933483002409e-04
-7.929885158406847767e-03 -6.262341524898602275e-03
5.099097101038053276e-03 -9.429786605103717897e-04
-6.819647619596806883e-03 2.371161391497119113e-03
-6.676912338479120725e-03 -5.733135409553783562e-03
3.962739428212231577e-04 -3.583708548730529016e-03
-1.226469377404976625e-03 -8.339410822490699038e-03
-1.589342652368175421e-03 4.939533716491125185e-04
-2.068862725828860428e-04 -3.176034960484141328e-03
-4.988964219363643815e-03 -5.100023138957463995e-03
-8.916195364876720875e-03 5.180874464351106420e-03
-9.452298705554309025e-03 -6.626013068276547652e-03
-2.726083633703471013e-03 -3.293448376005096451e-04
4.627144751823160720e-03 -1.469534431602761331e-03
-2.216228196539522279e-03 -3.426125009520722235e-03
5.454817611659151105e-03 -1.223307955143197040e-04
3.567806483215692909e-03 5.082396767109611385e-03
-3.383719501481774385e-03 -1.028009933489360504e-02
-2.984922983911645830e-03 -3.287892148492708305e-03
-4.183292381963016685e-03 -4.815606384143448007e-03
-7.060125632319712644e-04 -1.456027287726976462e-02
3.678865402808152198e-03 -5.006590591212638740e-03
-4.023984536419051954e-03 1.061860843356373860e-03
-1.988266939442968981e-03 4.858682391093838322e-03
2.930319562034147327e-03 4.286400268799990185e-03
-1.365085546949972115e-04 2.496270300768313119e-03
-6.886448955314216497e-03 -8.128149899322586330e-03
-3.204933208252494330e-03 -1.391576096124942305e-02
6.033198690872383640e-03 1.054516541152697093e-02
-1.317251580898734249e-03 -4.526016710328800447e-04
-9.570286501866028667e-04 -8.504945394458712088e-03
1.549715258084959774e-03 -1.355825167755856254e-04
3.942079403602694911e-03 4.359013371032967061e-04
3.380941387721036638e-04 2.241805601145364316e-03
2.394886720261634990e-04 1.114739958901074437e-03
6.419925064108408623e-03 -5.317383019046103415e-03
4.788176903700142387e-03 7.672897884037496556e-03
-5.382587817932658544e-03 -2.297335060942273972e-03
8.083094047031646676e-03 6.390899046836752591e-03
-4.602493385137873018e-03 1.751300842164568890e-03
0.000000000000000000e+00 0.000000000000000000e+00
4.042566269682077926e-05 6.952579792120182345e-03
4.773328645609164513e-03 -3.043901056375511796e-03
4.166592048033434213e-03 2.190778561439486911e-03
6.835549685111642557e-03 -7.057284215785507124e-03
-7.704446476058058636e-03 -8.553449859416827061e-03
6.551132930293980831e-04 -6.251612378383300311e-04
-1.294324520545101940e-03 -3.435800348610367275e-03
-2.089394980936672662e-03 -6.844298986283236901e-03
-7.479933831626177886e-03 -6.798572635081997530e-03
-4.972391654939867581e-03 8.881740889593477822e-03
6.533506558448631645e-03 -4.830454642235568197e-03
-7.464159535617147581e-03 -1.277592535234035181e-04
-8.559006086928994030e-04 3.198035982918362267e-03
7.143691768692678710e-03 -3.535204083772415344e-03
1.653621413336679637e-03 -5.705578159608317443e-04
1.268386312583536131e-02 1.374633116533107054e-03
-1.435335495329989521e-03 7.933461540578470167e-03
-1.620092975973990487e-03 -5.536722744475508148e-03
-9.174012559045293183e-04 -8.863316249330878416e-03
4.039758832430583729e-03 5.608952538202001577e-03
1.062659111772481547e-03 1.133493518341254294e-02
-2.266456967831794334e-03 5.632772821165688698e-05
9.722665470692094802e-03 2.414492937455259541e-03
-8.521964570179741891e-04 -1.298590625249701133e-02
2.267383005751206354e-03 -4.102313287064929780e-03
-8.484668678358651267e-03 -1.245149556676687468e-03
-1.960039190584917431e-03 3.134427720856734290e-04
-4.554914958097809607e-03 -9.501314248524714550e-04
-3.848742973974199517e-04 7.770577312864025352e-03
-1.464482835433833161e-02 2.984795214406981041e-03
4.471157749442847967e-03 1.053986472302119101e-02
7.683499261046553182e-03 -7.912258786558995158e-03
3.081804144323427395e-03 1.149992702597922405e-03
9.266615186992038788e-03 -2.798185657925518228e-03
-6.700893206261834953e-04 1.265298503272303809e-03
1.391205680956883505e-03 1.297900902715581157e-03
6.575784296985416610e-03 -5.969845967823291660e-03
-4.391104692465314964e-03 -3.945655785774316443e-03
3.779195175888250963e-03 -6.145598608292732971e-04
1.372637329101108333e-02 3.554810300962175582e-03
1.208843005555981266e-03 9.760568558640009967e-03
4.018683847914414353e-03 5.001800980718011398e-04
-9.001549110360034661e-03 1.487064685337666572e-04
6.069505241993089842e-03 -7.700071825471690307e-03
8.664381009505981585e-03 -6.436497628533545748e-03
-1.909810419292645375e-03 -3.169009965646706235e-03
-7.920209819315841837e-03 -5.340437848903039839e-03
-1.076038602538412258e-03 3.927103376007270823e-03
1.953812464159726363e-03 5.294583728197135679e-03
-1.342828985503434838e-03 3.311617477258585289e-03
8.769883701586054028e-03 7.750428366267266694e-03
6.352069920968282657e-03 -4.137725451657720856e-04
9.211085727195129566e-03 2.246308021235036544e-03
5.067292970009522508e-03 8.429266988065044208e-03
4.146985830838228896e-04 2.306084362113868316e-03
-3.260239944327756462e-05 2.061295001583066892e-03
-2.277984382760262546e-03 7.226395169923782551e-03
-3.486955157825210715e-04 8.822762817123464647e-04
3.713192108586948603e-03 -3.802920504655487970e-03
6.039584838188559977e-04 6.903277058745962286e-03
-3.697705002964546059e-05 -4.226496158406701652e-04
9.154885768488139203e-03 -1.137708515244238022e-02
4.034458143924804681e-03 7.170993479631536383e-03
1.073388258284842288e-03 -3.146082905293073276e-03
1.892599007350327829e-04 4.597192696632093102e-03
1.294005213179110804e-02 5.114200898138143020e-03
-1.695899151870962698e-03 1.709949141548336524e-03
-1.841955276152519409e-03 -8.072620439527037131e-03
1.742551540991614089e-03 -3.653958497121043017e-04
2.917195610275966512e-03 -3.165433583475084703e-03
1.435335495324327926e-04 -7.933461540585540032e-04
-4.143792757185607925e-03 6.182958966830008965e-03
5.346536805823566552e-03 -2.171300113753029705e-03
7.889331726206724391e-03 1.066669793862518208e-02
-8.241603624159505453e-03 -4.957415627343082602e-03
-8.989766156419296949e-04 -2.973523338486481517e-03
2.122923418299361813e-03 7.370184258468971163e-04
2.895992856256711379e-03 3.082730182243981296e-03
-6.794996252910375997e-03 2.652927802057565999e-03
-4.182494113548269887e-03 2.495344262848901533e-03
-1.026764588204708527e-02 -7.832333499084765185e-03
-7.796154717469867823e-03 3.379344850895406056e-03
1.680923124275538177e-03 -1.069811876113221190e-03
1.167130501585184749e-02 -2.085818598765051129e-03
5.738308328553756374e-03 3.117982925938326058e-03
1.097113587053221611e-03 1.181669064121787949e-03
1.074662322609941205e-02 1.006181341688691493e-02
-2.378314155840361311e-03 2.834364439540416891e-03
-5.166824474674874476e-03 -5.510347071456061195e-03
-4.076735882463874711e-04 -6.031602154041092005e-04
1.328609730332142025e-02 5.012945087141135875e-03
-8.979548087925814590e-03 1.211493349809552103e-03
6.772867460971491137e-03 7.641221522512270554e-03
3.759046229292853630e-03 -9.769317859811605179e-03
-8.579697762932969249e-03 -7.199221228489588800e-03
1.717101905890437274e-03 -7.958112907264900185e-03
-9.566934007319751604e-03 8.289980319613173346e-03
3.440047229692290258e-03 1.254655630272676070e-02
5.222481703975087597e-03 -1.089108281355125572e-02
-1.381530341867238465e-03 -3.759972267211608189e-04
1.039288256082158274e-02 -1.020774177166380685e-02
-6.436625398036849646e-03 2.692555196340781429e-03
-9.007775836782723825e-03 5.756732968816355780e-03
-6.322117865776072723e-03 -8.665019857033171360e-04
-2.215429928125916929e-03 3.884825637472987328e-03
-7.537187597753382479e-04 -5.019044044059596315e-04
-4.305623177476194940e-03 -1.027042399580396087e-02
2.560549061736817119e-03 5.990411038327798574e-05
-2.481294273171527707e-03 -7.766458201289707730e-04
1.305376139563713817e-02 -5.755806930898304218e-03
3.274640427230081710e-03 9.201793696614036198e-04
1.380732073452491885e-03 -6.934953420271188287e-03
7.833131767499511983e-03 -2.956695235054736595e-03
-4.077789689882945975e-03 9.371319610657364435e-03
-2.977897989072849846e-03 -1.584968001781807308e-03
-3.124209652363517126e-03 1.134633482883656494e-02
-1.945063162988132019e-03 -3.266944933483002409e-04
-6.874251041474304519e-03 3.369669511804400993e-03
-2.274535770094448552e-03 1.375632534620215355e-02
-2.475993584666889673e-03 -2.338686761557145881e-03
2.888967861417914961e-03 1.379806035533080082e-03
3.055300701800676109e-03 8.960197409743802729e-03
-1.020429315899799155e-02 -3.862952384543212603e-03
4.767900187600080698e-03 9.875076090900786890e-03
9.072980635671782160e-03 -9.879322971982709006e-03
1.925712484807481483e-03 -1.517112858641682209e-03
-1.358603281513605940e-03 -3.359195904298647832e-03
9.305444312859366407e-03 -1.046750715979003279e-02
-1.118316341072695752e-03 5.066494701594774844e-03
-2.538548039302596180e-03 1.002882770892507460e-03
-5.933667186207032540e-03 -1.346408532813595481e-02
9.525454537200215774e-03 1.603616529666802154e-04
7.121690746258457771e-03 -4.597990965048200790e-03
4.693020049626820669e-04 1.307576241807728752e-03
-8.576249150270581116e-04 -6.692910522071351259e-05
7.746053715682040680e-03 -1.125382831901115127e-02
8.007415640637978796e-03 2.280634727013833383e-03
1.196712141608967037e-02 1.295378327967817642e-03
2.391438107597181669e-03 4.617469412733516548e-03
6.315092870938637630e-03 -8.364221610064419797e-04
-1.256153233032218479e-02 4.080184495127404942e-03
1.115538227315821234e-03 7.071461974966185282e-03
-6.692910522071351259e-05 8.576249150270581116e-04
7.448416891004403309e-04 6.890951375403887857e-03
-1.138861256737199075e-02 -1.984818326774651781e-03
1.223483783697274299e-02 -2.135121332137912033e-03
-6.250015841554026376e-03 8.070768363688213959e-03
3.364496592804427748e-03 -2.920644222943141830e-03
-3.975480071462080163e-03 -5.685556982513721019e-03
9.382048757171084982e-03 -1.040322839882153010e-02
-5.963747010903907263e-03 -8.268745914212431540e-04
1.243297480838403447e-02 -3.926975606502606034e-03
-2.665381254906587678e-03 4.421056747656382582e-03
-2.226829573549720786e-03 -3.020431266605092240e-04
6.145598608292732971e-04 3.779195175888250963e-03
4.364601249940061774e-03 1.175586049292041448e-02
4.446506382756417949e-03 1.025809831246074499e-02
-5.555147384738108422e-03 -4.269699934870406846e-03
-2.041944323402416356e-03 1.811204952546704994e-03
-7.222020519337414221e-03 2.059602346634742398e-04
1.338326565413543601e-03 5.561374111161938166e-03
6.233315507625584485e-03 -1.069559618639353595e-02
8.178250901110413473e-03 9.880345128015291523e-04
8.507595738710922034e-03 -1.738049120901941861e-03
6.947406873126138385e-04 -9.835320927118569242e-04
8.005305697889432762e-05 6.594208937248016884e-03
8.109597489555541577e-03 -1.419305660310489058e-03
8.325233063310021747e-03 6.724618535022487166e-03
-3.645336965446823937e-03 -1.100689969224842709e-03
2.391565877102988773e-03 -6.739466793113465908e-03
-4.234478842567780156e-04 -7.273973596963845094e-03
-3.354821253713422251e-03 3.842547898938704267e-03
-4.150689982519739120e-03 -6.876901385726514465e-03
-1.252535354870728569e-02 -2.808116536024273836e-03
-1.497602759542457579e-05 6.401372654351154433e-04
8.328457788359631964e-04 1.114209890050588819e-02
2.095621707360503273e-03 1.236272485999286453e-03
1.165102829975178667e-02 1.163596080982383374e-04
-6.903149289242658387e-03 -1.075297772202790658e-02
-2.062891538411418604e-03 -1.465450369342933580e-02
-5.203003256289771838e-03 1.377953959695617583e-03
-1.287299525706524315e-03 -1.732876201901969049e-03
5.439043315648979353e-03 -6.793144177071552825e-03
3.380941387721036638e-04 2.241805601145364316e-03
7.887735189378372244e-03 -3.955203355360875292e-03
2.751661038309312617e-03 -3.434874310692316579e-03
-1.215995769899224114e-03 -1.065564995027872778e-04
7.717825966823989997e-03 -6.708588700002986703e-03
3.825847565007760038e-03 7.299934310083197077e-04
-5.643279243979437525e-03 2.836088745874575275e-03
-9.837971271366475340e-03 -6.166386402404870973e-03
4.895787210627444057e-04 -8.946019650555616905e-04
-3.952553011108447638e-03 -8.668755660091207599e-03
-8.947871726400586853e-03 3.196183907080899986e-03
-7.820007815741551044e-03 1.040852908732730828e-02
-7.137465042268848099e-03 -2.072822416511535103e-03
-5.522672754799276204e-03 5.025941269394650600e-03
1.064642122252511952e-02 -5.687153519343433189e-03
-7.651695130018022414e-03 -1.459986862016420407e-03
-4.050232439941779585e-04 -1.384180686119447978e-03
-2.173279959094937333e-03 1.410237051773224545e-02
2.722635021037656151e-03 -6.200585338677861574e-03
1.225671108990229827e-03 1.028460175498349498e-03
7.925478856392868419e-05 -7.167417097468346690e-04
9.237589169719243043e-03 -5.563896685909701031e-03
9.624571081956868977e-04 -4.414031752817586599e-03
-6.359893184221827173e-03 -8.600102248537477151e-03
-5.248314647582313745e-04 3.736917437353967468e-03
3.590605774064660645e-03 1.345613429537774637e-02
-1.831609438145066120e-04 1.151717008930719897e-03
1.715122060548309769e-03 1.149079441628840861e-02
-2.241933370649810096e-03 1.169503034462022854e-02
4.642919047834693363e-03 5.201278949955614322e-03
1.403531364301459404e-03 1.438784107996946265e-03
-1.015154181295659618e-02 3.230510612858335500e-03
-9.179281596165458218e-03 -1.161855366981181387e-02
-1.066657016912187991e-02 -3.467604479640039924e-03
-4.133191380176551299e-03 3.058877083971155760e-03
-1.197599848676592776e-02 5.093668643028969462e-03
6.652260971791329816e-03 5.451368998992194362e-03
2.846817892386935365e-03 -8.837738844726179127e-03
-2.236504912640726282e-03 -1.223946802656071444e-03
1.030312251335811780e-03 -9.317642226697918362e-03
-7.296772887811671382e-03 -7.950289644012717427e-03
-6.523032950945381256e-03 1.306330896522369875e-02
2.483657427035644051e-04 -5.274307012097072256e-03
4.330530083171735961e-03 -1.216168200532933945e-02
-1.015936507621013896e-02 -5.783364180844914604e-03
6.624160992439084503e-03 -1.360327587846622225e-03
1.883434746273197988e-03 -3.777215330541775374e-04
-5.394785731772568788e-03 -1.379515447206926086e-02
-1.294283024554798364e-02 7.023755778422817106e-03
-3.825719795504456573e-03 -1.208692963685508229e-02
5.465418988669568622e-03 -3.246412678372030160e-03
9.007009219749459797e-04 6.238488426626918187e-03
3.953479049031722453e-04 4.622770101238858121e-04
5.300682685117662392e-03 3.795097241403086637e-03
-1.955664539998549535e-03 2.797387389509410540e-03
5.267154247753830926e-03 9.902377801840786878e-03
-9.881973316234918953e-03 -8.291960164956441864e-03
1.002643290368676263e-02 3.452628452044615836e-03
2.773917599752206541e-04 -2.508595984111528128e-03
-7.283648936054851024e-03 -4.984557917387844213e-04
5.721735764129980140e-03 -1.086378110261261749e-02
8.235376897735674842e-03 1.056544212762703348e-02
1.790129968031677066e-03 -3.066828116729145189e-03
3.611489686290401957e-04 -1.209832928227888571e-02
-2.894396319426998342e-03 1.153917111174321969e-02
-6.746619557456708972e-03 7.262446182034234567e-03
7.659773932279316175e-03 -1.224001075597521727e-02
-1.475761158026810734e-03 9.808817484582865211e-04
-1.328172265273483421e-02 -2.529000469714895449e-03
3.693841430404938043e-03 -5.646727856646611976e-03
-1.162318385937930859e-04 2.940920939036619484e-04
3.106327741506553081e-03 1.278869531900513230e-02
6.938402032939505922e-03 7.910662249730643011e-03
5.710208349201511061e-03 -3.693713660900491830e-03
-9.905570875492924511e-04 -2.397664834022372737e-03
1.900933348616386243e-03 9.558056936643494206e-03
3.355619522127027167e-03 3.468402748055005730e-03
2.149299091319950648e-03 4.283749924546420215e-03
2.776312404995743503e-03 -3.153107900131869694e-03
3.384773308904489870e-03 -5.122822429806432598e-03
-1.420455236664980650e-02 1.526660428229383373e-03
1.966265917008748042e-03 -5.921469272369623768e-03
1.150918740515973100e-03 -7.127789703177841302e-03
-2.205626819530465653e-03 -6.550206892379575006e-03
-9.367743228485743770e-03 -8.904795719451557429e-03
-2.660878834815555427e-03 -4.451934840765501764e-03
-1.323162165094836709e-02 5.345482998399708752e-03
-4.023058498501001258e-03 -2.984124715498040915e-03
3.665741451051331840e-03 -1.245842444348657131e-02
1.431759113158368856e-03 -3.106455511009857846e-03
-9.823123013275498333e-03 4.550412538008137379e-03
7.016730783585383747e-03 1.123990609883822323e-02
5.058543668837928164e-03 3.461377753216209312e-03
-6.579105140147927140e-03 -1.191702041430184322e-02
3.989657830642758321e-03 -2.265530929913743639e-03
1.115787319651742084e-02 5.837967602722412240e-03
9.506103859018202179e-03 -1.683445699024443791e-03
-1.760081794724066215e-04 -8.502295050205142118e-03
2.090321018854723358e-03 2.798313427428822560e-03
7.880454655527743043e-04 1.705574490961968628e-03
-6.580158947570643492e-03 3.485901350398193984e-03
-2.242731639064775902e-03 4.384079697625376665e-03
-6.360946991644541790e-03 6.802819516162558755e-03
-1.043848114251837676e-02 -6.539733284873822279e-03
-8.925870703966366781e-03 4.258970788356685432e-03
-1.041038116316477143e-02 2.719633019661370568e-04
-4.147113600348118455e-03 -1.170390741529512592e-02
7.923658431984158604e-03 1.187036802518119140e-02
-1.094210985325849532e-02 -9.050979613237560353e-03
-1.294455455188214116e-02 3.758790690283742193e-03
-7.064309210622943952e-03 -8.538473831821401239e-03
-6.626013068276547652e-03 9.452298705554309025e-03
-6.598711357337689112e-03 8.953044645401921423e-03
-4.280173542376159573e-03 -2.677706938249803121e-03
-1.077047632437109527e-02 -3.032629180455013139e-03
-7.588214637464264778e-03 -8.847541953320488956e-03
-4.693946087540570335e-03 -9.029776859216943896e-03
5.436392971396550831e-03 -6.012123706358716603e-03
6.324768210028282669e-03 8.548151498797814177e-05
1.638645385741254899e-03 6.957944947428369893e-05
-5.070773234059321177e-04 -9.041176504642107342e-03
3.881377024805812009e-03 -4.314500248153595521e-03
2.029490870553394243e-03 9.404848048020053586e-03
-4.674499291238585694e-04 -9.399547359514273670e-03
8.360485807006868414e-03 3.882303062725223596e-03
-8.898568993027726817e-03 3.759716728201793323e-03
-1.709949141548336524e-03 -1.695899151870962698e-03
4.472211556866705767e-03 -4.863057041680205785e-03
5.852815860814751872e-03 -4.410742561032697344e-04
5.835189488966899263e-03 9.800834800446816056e-04
-4.833104986487996718e-03 -5.752486087735794555e-03
-4.844632401417607245e-03 1.417581353977691132e-03
-6.758817471294116877e-03 -4.235373229092970898e-03
-5.708484042867352677e-03 6.958678749039567610e-03
-1.962848955738292003e-04 -6.300116843342994100e-03
-4.799704318629752914e-03 -5.028304423240104355e-04
-1.563765247762333600e-03 -3.270265776643713380e-03
7.339050626345954009e-03 6.810898318425212539e-03
2.578175433584451153e-03 -1.361253625767176127e-03
-4.037236257681678549e-03 4.966963196929423743e-03
3.692787622981079810e-03 9.756193908054783953e-03
-7.499412279312635959e-03 2.714556218775002801e-03
1.207246468727629770e-03 -4.861332735346047401e-03
5.826440187793944028e-03 -3.987805754805295172e-03
-1.326000882070328592e-03 -5.420490905881715157e-03
1.178661081652623149e-02 1.666074866184559869e-03
-8.375720865496077278e-05 9.589733298168718473e-03
7.920209819315841837e-03 5.340437848903039839e-03
-6.575656527479610373e-03 -5.387090238023690796e-03
-3.213938048436624237e-04 3.830222215599571279e-04
3.330169887026991366e-03 -4.124314309499150719e-03
2.669628135988509794e-03 9.419824075615479408e-03
-3.450776376207152687e-03 1.934461785979075610e-03
7.808927012095323236e-04 1.135958655009919327e-02
6.740392831031517470e-03 -1.654419681751426868e-03
3.196183907080899986e-03 8.947871726400586853e-03
3.947380092107332511e-03 -1.126139604324877860e-03
-8.045190959083733245e-03 -1.001423498984799383e-02
8.456440929499237091e-03 5.790389175683710588e-03
9.564155893562877736e-03 3.847976356947787648e-03
-8.187957891585893704e-04 -7.736250607086589404e-03
1.547990951753303729e-03 -3.400547604914880631e-03
-4.930273337307953261e-05 -5.635328211233961090e-04
1.997016240614562892e-03 1.092068437549967904e-04
1.277889221040968103e-02 7.328704788346008386e-03
1.947713507241702205e-03 -4.543259773658967632e-04
9.713916169520501326e-03 -2.553396297393574921e-03
3.812979152257986361e-04 -2.943571283295413465e-03
-4.058215124089249726e-04 -8.695131333111796867e-03
1.694973113952912003e-03 2.336036417306078250e-03
-2.949670240214797862e-03 -6.130207620789972743e-03
-1.040913628346230163e-03 1.244172410955562795e-02
-1.268916381434114296e-02 1.874078248964286195e-04
-1.436133763744736969e-03 6.225108935861207353e-04
1.980315906684979553e-03 -2.515620978948963655e-03
9.033512662285163829e-04 5.457467955912721075e-03
-6.753644552294144066e-03 5.559522035324475885e-03
2.460889787568161687e-03 1.433576023283902531e-02
-1.404998967737382601e-05 -3.405848293419299656e-03
8.313833417884856566e-03 2.537749770887849383e-03
1.384180686119447978e-03 -4.050232439941779585e-04
-4.281099580294210269e-03 1.368278620604611653e-03
-1.350888564141914348e-02 -3.502857223336887892e-03
1.161060263705496545e-02 -6.836220184021944007e-03
1.050646405516294721e-02 -9.720813394854633388e-03
8.959271371825752034e-03 9.906848570537382312e-04
-4.458959835605440063e-03 9.579546881060148865e-04
7.586490331130106395e-03 5.582576865181412308e-03
-8.787510073433906638e-03 -6.329270630119315788e-03
-1.276576825865286154e-02 1.231290639279250532e-04
-4.837479637074364180e-03 -8.236430705159530907e-03
-5.426717632306906659e-03 6.934027382353137592e-03
3.678737633304848299e-03 6.350345614634125141e-03
-1.093083797733913724e-02 6.492825356744060319e-03
2.878366484408858769e-03 4.503887918391932636e-03
5.548122389900672462e-03 2.566775788160647730e-03
2.208404933287339954e-03 -5.587749784181385987e-03
8.804210407362348528e-03 8.954098452824637774e-03
-6.577636372816074873e-04 1.406181708553668917e-03
-8.893268304523088350e-03 2.197675786773618540e-03
5.003141978545682864e-03 -2.851064773468857914e-03
-2.637025736543871339e-03 -1.148111907719740268e-02
-4.767101919185333034e-03 -2.564125443908438218e-03
4.735297788156804001e-03 1.193637109248385508e-02
2.029490870553394243e-03 9.404848048020053586e-03
-1.334692745162274936e-02 1.593589533450096886e-03
-4.332126620000088107e-03 -2.460219288656718788e-03
3.727242098262961972e-03 -3.970722112373308455e-04
3.076631225323454150e-03 -8.644902561819524378e-03
-4.948538556666824337e-03 1.852556653162718567e-03
4.526016710328800447e-04 -1.317251580898734249e-03
1.092898590150031407e-02 1.599145760962485466e-03
-2.967424381567096685e-03 6.647886321206103802e-03
9.394022783387502573e-04 9.926103130606664729e-03
6.690291829245051218e-03 -9.528903149866029335e-03
5.464492950750157035e-03 7.995728804812427329e-04
-1.084708076868417560e-02 -3.096907941424659021e-03
-1.921210064716448365e-03 -7.355878729780203004e-03
-1.357677243595555028e-03 -7.405181463153063040e-03
-4.634169746663099887e-03 -2.333897151067785593e-04
-6.492825356744060319e-03 -1.093083797733913724e-02
1.453632366087924573e-03 9.313267576111549165e-03
-2.617802827866525135e-03 1.719624480639342454e-03
6.271090826070196619e-03 -2.961995923558013305e-03
-1.796228924951061463e-03 -2.682081588835029135e-03
6.444576430793696326e-03 -5.035616608484295639e-03
-5.537648782394920602e-03 5.666078534827263813e-03
-6.007749055772349141e-03 -2.952448353972814046e-03
-5.725982645210541365e-03 -2.977099720658103049e-03
2.394886720261634990e-04 1.114739958901074437e-03
2.222454922963352890e-03 -2.181901490763227779e-03
7.704446476058058636e-03 8.553449859416827061e-03
-2.896120625761157592e-03 8.274206023604143909e-03
6.072953854658903403e-03 -1.170141649193319738e-03
-9.966656562809291311e-03 5.343758692065549501e-03
-1.711673447881353026e-03 -4.960864240011399369e-03
-7.140913654932644827e-04 -8.602752592781256341e-04
-1.440508414329963200e-03 -1.861433723838977483e-03
-1.227618953759011637e-02 -7.714729011276373963e-04
1.503861137379055614e-03 5.830814838380531800e-03
1.586692308115966125e-03 2.870670990662263673e-04
7.986468425631917121e-04 -1.418507391895742261e-03
3.044827094294924250e-03 7.273430867558911862e-04
-1.059619245123284703e-02 2.204700781611053199e-03
-5.613199419283922825e-03 -9.801121990841276527e-03
7.554430661094969565e-04 3.766869492545035520e-03
-1.193068709546952263e-03 -3.089755177081416823e-03
1.314269152329343437e-02 -5.550644964648436194e-03
5.559522035324475885e-03 6.753644552294144066e-03
1.241349636069871872e-02 5.586153247353033841e-03
-6.630643257873871863e-04 2.968222649983204807e-03
1.027387260846977443e-02 2.224306998802175628e-03
1.811204952546704994e-03 2.041944323402416356e-03
1.131995915581711885e-02 -4.225218463373659958e-04
-8.269033104602809339e-03 6.898774638657430638e-03
2.131129990067164373e-04 -2.431991539799808685e-03
-1.280194704026775890e-02 7.011430095079602964e-03
-3.620685598759033029e-03 -8.189235586632539424e-04
-1.349390961382235590e-02 -4.142994488770861128e-03
-3.353895215795371122e-03 -2.034376599157109410e-04
9.850296954709692951e-03 6.307269607685093982e-03
-7.538465292811448101e-04 1.085503180144102228e-02
-3.250915098461702388e-03 3.407572599753457606e-03
-3.604113034335255927e-03 1.316284046988768809e-02
-1.115362631543435554e-02 8.002913220548087125e-03
-3.744740700607510249e-03 -9.538706258461480611e-03
-8.462252696018936898e-04 4.119939658913924704e-03
-6.359094915805718617e-03 -1.289151601543987464e-03
-8.083221816528366431e-04 4.966037159013218143e-04
-2.152875473490429431e-03 5.432561050208311064e-04
6.577636372816074873e-04 -1.406181708553668917e-03
1.301493226977002912e-02 1.913514570968712254e-03
-5.158075173503280132e-03 -5.424578366072262993e-04
-8.201177961464044264e-03 1.995164164775958295e-03
1.099763931305430906e-03 4.006485934064492262e-04
3.433948272778833627e-04 6.797646597158284263e-04
7.337326320012937941e-03 3.545933230284776302e-03
-4.640268703582484285e-03 -5.982299420670952883e-03
-6.189345114144995282e-04 -6.263139793313348205e-03
-1.082865612842157620e-02 2.792884969419738746e-03
2.185477872933707429e-03 -2.604551106603898106e-03
-4.995190945788836184e-03 5.080033613253441376e-04
-8.158101954513654816e-03 8.166723486181944394e-03
2.169703576923317102e-03 -9.275364488163634000e-03
7.386629053386017420e-03 4.109466051408171977e-03
1.310226586058796166e-03 -1.250322475676660062e-03
-1.485436497116455774e-03 5.897807246386639959e-05
-1.314004117903986441e-02 4.769624493934239082e-03
2.993927824094414847e-04 -1.445809102835742682e-03
-5.395839539195285139e-03 1.607767292630775044e-03
-5.632805636473684797e-03 1.106894306886248638e-02
-1.463435474683595508e-03 1.121764953738509964e-03
2.121997380379949793e-03 4.783003984700169575e-03
9.075503210419545025e-03 6.965927631500763370e-04
5.785088487176788573e-04 -6.894399988068341395e-04
6.050952832224683331e-03 -2.232928530469105617e-03
-4.106017438739854343e-03 1.391655922966416811e-02
1.680124855861933261e-03 -8.380762523106930970e-03
-2.547297340474190090e-03 -3.965006463956327436e-03
4.802226893377515779e-03 1.107874617745679621e-02
7.508161580484229436e-03 2.253333016073832962e-03
4.527294405375446168e-04 -1.267418778674435711e-02
-1.103739447684192430e-02 7.708821126643283783e-03
6.361745260059288587e-03 5.081311308297899176e-04
-1.184447177878662251e-03 1.323507026361418412e-02
-7.851684177266777045e-03 8.423838530055960394e-03
-7.519944534411797561e-04 2.763060683733116474e-03
1.119232767179952071e-02 -4.315298516567200870e-03
2.131800488974260055e-03 -5.652028545151031869e-03
1.270599191778083292e-03 -8.919516208033522863e-04
2.194099404601997441e-03 1.372027433409169980e-02
-7.083787658309400291e-03 9.746550220355977914e-04
6.591558592994446047e-03 7.009674137353023513e-04
-1.371855002776232752e-03 5.459064492744012927e-04
9.466828121866572437e-04 -1.108484513437617974e-02
-1.054835848518938333e-03 -2.321060389709292838e-03
-6.920903430604043258e-04 2.025116219965180384e-04
4.173489273373930759e-04 1.525063891399671204e-03
1.014544285603857267e-02 -8.979420318421367508e-03
9.345869975554827597e-03 -3.514927367670991898e-03
5.469793639254794636e-03 -7.624680609469324834e-04
-4.196416333721197933e-03 -1.226744023641852116e-02
3.653958497121043017e-04 1.742551540991614089e-03
-6.209334639850597366e-03 -7.690524255885130590e-03
2.032268984310268978e-03 -2.733108628540906540e-03
7.641923672810904331e-04 8.734758727393869548e-03
-8.426488874302726995e-04 -7.070663706546870741e-04
6.622308916600261330e-03 6.731643529859923127e-03
7.410354382154396742e-03 8.437218020823034070e-03
-1.466085818935805021e-03 1.902785424453848958e-03
1.387629298786623080e-03 6.124906932285335143e-03
-6.661936310882335746e-03 -6.373272674987757666e-03
-7.903509485387401681e-03 -2.715610026197718286e-03
1.232284192670962675e-02 2.116026192965230618e-03
1.099498896880183457e-02 4.787506404791202694e-03
-2.060368963665015762e-03 -4.078587958297692773e-03
4.308529060737514155e-03 -1.322446888660512576e-02
1.791854274364693567e-03 1.981369714112919157e-04
-1.572642318438592516e-03 3.118781194353072855e-03
-2.357111401820887603e-03 -3.413799326176146336e-03
-4.550412538008137379e-03 -9.823123013275498333e-03
5.924119616621832847e-03 1.185245446293409048e-03
-7.713323546734316902e-03 -2.164402888420039958e-03
1.337065278039112869e-02 2.734162435964763473e-03
-6.426950058945843716e-03 3.614458872336343866e-03
4.096214330145545382e-03 -3.481526699812967536e-03
-7.444010589020389791e-03 9.026998745460070028e-03
1.246995185841504039e-02 -3.504325990660793824e-03
3.056226739718727672e-03 4.914211850889387521e-03
1.420231698229900861e-03 4.063611930702267817e-03
5.244354956906004638e-03 1.528640273571292519e-03
-4.255522175688368665e-03 -2.395940527688214354e-03
-3.669988332133253955e-03 -1.382456379785289378e-03
4.119141390499177907e-03 -6.464725377390454983e-03
8.595727597951109689e-03 -8.843837801645562657e-03
8.878292276927664262e-03 -1.557538521338502988e-03
5.707430235443495745e-03 8.444243015661830054e-03
1.496165643631319070e-03 -1.453999616116970206e-02
5.219703590218213729e-03 1.246873863009703752e-03
5.802331550518373491e-04 2.575525089332241641e-03
-6.753516782790839300e-03 -5.797414170522287996e-03
5.863417237824949946e-03 -3.565156138963483830e-03
-5.345068038492370877e-04 2.815013761358405031e-03
-2.439942572556656232e-03 2.129948413136797340e-03
3.803718773063869416e-04 1.102414275557859428e-03
3.475427742893583138e-03 -1.652695375418628942e-03
-9.270862068073962639e-03 -1.104269516534634246e-02
-3.232362688695798215e-03 -2.059570695248908508e-03
-1.098411214366137173e-02 9.176469647403040497e-03
6.431367456128368049e-03 -1.222842764405646966e-02
1.038447108766946646e-02 -3.251689095593894227e-03
-4.926657999759519180e-03 -1.369378144123166267e-02
4.655654274190273306e-03 -9.000734582030260611e-03
8.433075579190808108e-03 -4.211593284315112706e-03
9.243095120443720752e-03 -1.033499729254393532e-04
8.865916217318366155e-03 6.095833011940243870e-04
-5.481628574627763883e-04 -5.554686093206184609e-03
2.104717910850617893e-03 1.392855530536741930e-02
1.126665552352331019e-02 -2.098136087822889163e-03
-1.222894745528715996e-03 -9.026911801055952783e-03
9.772298600990443618e-03 6.872705970477810747e-03
-3.582185000504120500e-03 -5.228378675496984408e-03
-8.952942724388382803e-03 -6.608460113392009352e-03
-5.864613583348402860e-03 -3.839505408921288759e-03
-8.549355601105756985e-03 -3.233792115278064094e-03
9.304250062783398292e-03 -1.094878924612532195e-02
-2.742987364386776945e-03 -5.256335712790018849e-03
-1.073745439251136066e-02 -4.940170623623275220e-03
1.240988071235183537e-02 5.001880227490353159e-03
1.532274367818844095e-03 -4.829649560851583152e-03
-8.960802599658543657e-03 -6.390693608514902771e-03
-2.239483949404742769e-03 6.828451272449282891e-03
-8.015417724190411139e-03 -5.246825645800769732e-03
-6.011493877530046590e-03 -9.673105584138027430e-03
-1.228961482206195922e-02 1.212597350404713049e-04
1.252036829814538732e-02 1.489913030060049763e-03
-8.758925719739595050e-03 -1.391163718628212658e-03
-6.606247397198835442e-03 -1.125850327031135316e-03
-1.427191150715220909e-02 -2.606240584436991976e-04
2.555096054263051274e-04 1.670202641298553295e-03
1.168544401195681370e-02 -5.184450448117824050e-05
-8.132802618363771385e-03 -8.197775608473142558e-03
-9.075010438014334546e-03 9.746960198626279312e-03
5.303298294469642807e-03 -1.307293742275601571e-02
-2.850537779711454899e-03 6.921138240555873254e-03
2.860905881432363254e-03 -1.060905198774837093e-03
-5.227093688542752692e-03 3.529910478225808381e-04
1.330892936914634950e-02 4.567304970832158158e-04
6.367137304127077832e-03 -1.125021849566425550e-02
8.084154954024562120e-03 -4.657393402861758833e-03
-5.353642960394922046e-03 -1.079145924634668761e-02
-4.388025902722523727e-03 -2.220814875855362837e-03
4.065912747961143194e-03 -2.468123705107808097e-03
-8.062324234368253156e-03 -1.317370998666614248e-03
-1.353336805327719217e-02 6.336578920873422484e-03
-3.360797815318589989e-03 1.321687427688472694e-02
5.230757500289756612e-03 1.009947824951291061e-02
-3.992805664668767386e-03 1.010372848280952258e-02
-1.250261134272937775e-05 5.910416553210747978e-03
