2.446041529476611354e-03 3.618961292426696539e-03
3.354693484209547195e-03 7.514388306908740059e-03
-2.679431244583390780e-03 1.015208454236403131e-03
8.027357107283462218e-03 -9.255486906270373251e-03
-4.922498133101955650e-03 -3.934655274557315695e-03
9.818157574225440734e-03 6.345571829840954137e-03
-8.264993703472162459e-03 4.877582966161201489e-05
7.229508533135807144e-03 -5.260288673804612916e-04
-3.817098263836736852e-03 4.237895803841196067e-03
1.235809467040261105e-03 -7.262892793329566929e-05
9.705629887307932330e-03 -9.544278311669616988e-03
2.995189111465551730e-03 -9.170133160786381188e-03
-1.159238547674228126e-02 -7.964866537400196525e-03
5.482454572053730227e-03 8.712358570752847670e-03
1.283177132595359274e-02 3.065231579898970715e-03
2.839537358536307790e-04 1.217320942025438158e-03
-1.244558768211855015e-03 -4.895260306915539227e-03
-4.135170061487169167e-05 -2.906594233265768004e-03
1.783903241607846454e-03 2.541198383554805693e-03
9.859972293800698881e-03 7.229173283680656419e-03
-1.411945416017332299e-03 2.927270083573774682e-03
1.070712360132200329e-02 -9.367519340865403110e-04
-2.689441833128186545e-03 -9.240638648178253062e-03
1.749860234318782043e-05 9.935778469697668924e-03
-8.060630005637612824e-03 -7.351104944986351121e-03
2.197005287862746799e-03 -9.774618548316703348e-03
-4.744637877792658338e-03 -3.524331342059179931e-03
4.197007122184098771e-03 -1.112488748856128818e-03
8.274669042563168389e-03 8.731278463339499883e-04
2.174876495925221528e-03 5.195307762542740026e-04
4.207975400037783364e-04 8.054994067677363062e-03
3.341904781905945514e-03 9.396497881054581905e-03
3.655938342455880563e-03 -2.023391913634009845e-03
2.067856977461477071e-03 3.758519325580243851e-03
-4.312185153355175410e-03 -1.399634092194024584e-02
-2.366786740911322375e-03 -4.335703002172388784e-03
1.241445405001190879e-03 7.699273557057404946e-03
-4.363339962566289629e-03 -6.467902625355273841e-03
-8.303232040870575821e-04 -5.661831653744637399e-04
-9.677274368945215990e-03 -6.357897513184170013e-03
-2.023727163089160570e-03 -1.298988176887611729e-02
-8.183551589615620930e-03 5.740064286273265093e-04
-9.059265895449558625e-03 3.951227838981772808e-03
7.713451316237621234e-04 -9.192533317426723706e-04
4.041020119803786018e-03 1.089691040576782309e-02
5.091944336695380935e-03 8.711033398626171972e-03
-1.159112418936850825e-02 -2.676908669835055890e-03
1.210695081391864787e-04 1.668597440928678839e-04
-1.353837467764982400e-02 -4.245575471895224849e-03
5.180874464351677144e-03 8.916195364876040863e-03
9.928418225405083106e-03 -1.105436617547318409e-02
-2.706397706067098594e-03 1.084840594080902984e-02
-8.330070732855413690e-03 -7.185570373019017215e-03
-4.209205036023438290e-03 -1.038533066227153787e-02
1.078177868779205302e-04 4.071962097667059487e-03
1.087530851754165556e-02 -1.448331677582826403e-03
1.273223982128960166e-02 5.984151496509096044e-03
4.040972060747661555e-04 5.430166244972721087e-03
1.482786152864817202e-03 7.220423982507920410e-04
5.731155564211875934e-03 1.277199498507669215e-02
2.330272709841273420e-03 1.890060606903831058e-03
2.001726140654939631e-03 1.192709488760033271e-02
-4.663323533439991432e-03 8.357835462753978456e-03
7.281413551700674763e-04 4.266123552698105302e-03
-1.456557356577497381e-02 2.268053504660827793e-03
-1.490274166663209908e-03 -4.019737655338053144e-04
1.244828608543597018e-02 4.766830554483658319e-03
2.867429857942719804e-03 -1.705973625169912751e-03
-1.863621049132161214e-03 1.985361056180944819e-04
-6.927928425433752327e-03 3.221920732572672308e-04
1.475761158026810734e-03 -9.808817484582865211e-04
1.080876272083234994e-03 -3.466151538010059895e-03
-1.271507646840077353e-02 -5.382316453229840647e-03
1.033238766197461592e-02 5.732736275345838572e-03
-3.720855950938182707e-04 5.888467738718183506e-03
-9.589270279208333969e-03 -2.106749988081026929e-03
-5.307244660996071270e-03 -7.521014167540053356e-03
-9.765070978730605068e-04 1.008183459398287159e-03
4.758815636973335629e-03 -4.426756570368284294e-03
-7.942721919773944317e-04 3.902452009320159926e-03
-8.288719032239971057e-03 -4.278976139753929223e-03
7.681184166250636276e-03 2.202705110575219234e-03
4.252999600942402973e-04 -8.179975207438423563e-04
4.779890621488144982e-03 6.820158697607736110e-04
9.618759315440376240e-03 2.849468236640506202e-03
1.859246398546364042e-03 -2.682480723042512255e-03
7.689598217966509171e-03 -2.163349080995502147e-03
-1.290875907878145414e-03 3.094129827666642837e-03
5.805684045069878577e-04 1.190946851575247836e-02
6.078254543164683318e-03 -2.732182590622855844e-03
6.693277422952411890e-03 -9.759801941611320406e-04
-5.424578366066551416e-04 5.158075173502599253e-03
-7.785090321500424092e-03 -1.767729811389511570e-03
-1.200721182933076753e-02 1.085985306331555857e-03
5.299421397742528489e-03 -1.492860626163196314e-03
3.668727044758120920e-03 -3.905501487780994006e-03
-3.079026030566553961e-03 -1.328794937915888166e-02
1.944600144029677612e-03 2.349687272774827074e-03
-2.841852453338809814e-03 -2.058245523123374693e-03
4.738874170328423799e-03 7.109365062915242763e-03
6.065801090316232796e-03 8.483870409943222723e-03
-4.386857811382821257e-03 9.895225037496863801e-03
-2.896455875216307884e-03 -1.059737402816093247e-03
-5.628766235343038785e-03 4.218944259866666893e-03
4.904408742294506102e-03 7.378805790133154650e-03
-2.930782580993173108e-03 -2.263407489372782581e-03
3.497300995823358297e-03 1.076702771170528171e-02
1.147144373810832924e-02 -3.558929412538972339e-03
2.432119309303684175e-03 -1.114382320684072745e-02
1.462408861927924283e-02 1.240375771883516463e-03
7.447794451142496393e-03 6.836874857237176806e-03
4.955100532547165697e-03 1.873360272974709589e-03
-9.905826414506602173e-03 -1.262775928524540077e-03
-1.066564413120189500e-02 -7.513590038493993262e-03
-7.614845849492822734e-03 1.031959895967237383e-02
-5.216590227007549159e-03 -4.050887113151570122e-03
1.551104314963967865e-03 -6.204560855056745483e-03
-3.533016758479231613e-03 -5.901719459980810101e-03
-1.316502779518087356e-02 -4.846085343047125404e-03
4.764786824388056972e-03 1.267908934104151203e-02
9.354284027273201962e-03 -7.880981559241932721e-03
3.907880467330494476e-03 -1.212470495529901354e-02
1.319451683141348655e-02 5.588803591605923798e-03
7.009705788746015305e-03 9.536981952128003107e-03
4.814999188006612377e-04 1.280539565293425421e-02
3.467476710135594144e-03 6.903660367262459425e-04
1.360795412712410835e-02 2.606930086153969733e-03
-1.571716280519751437e-03 -9.272043644995195920e-04
-8.181699513778159516e-03 -7.517964689080360724e-03
-8.118346790727705778e-03 -3.548583574537665826e-03
-2.865242532650106796e-03 2.947945933882461806e-03
-3.803718773063869416e-04 -1.102414275557859428e-03
-6.469563046935848660e-03 -4.580093228495707956e-03
-2.512507615738299952e-03 -4.784329156826845272e-03
7.102212298572000565e-03 4.915137888808799108e-03
9.591920623461903939e-03 1.325729517366830250e-03
1.228447581980211464e-02 7.762354915404359908e-03
8.263269397139935690e-03 -3.313740917800226792e-03
-1.184685017636465804e-02 -8.439469230867979038e-03
-3.337194881863066545e-04 2.421390162790533485e-04
5.647653894564663539e-03 -3.521441284494775982e-04
-1.314010448182264743e-03 -1.461355112702172887e-02
-3.878598911047795935e-04 -7.823456428408725929e-04
9.668317587820549021e-04 -1.930087135393849379e-03
-4.603291653552048224e-03 -5.559649804828460662e-03
2.552262779524248990e-03 -6.930977903892764080e-03
1.609954617923388485e-03 6.637811847907833761e-03
5.327521377096134693e-03 5.318835960676763022e-03
2.071433359633098169e-03 -1.068486703988367603e-03
1.450646772380565202e-03 7.603446204066516539e-04
5.983225458592867892e-04 -8.686254262435975319e-04
-1.265344805168526834e-02 -4.677900426828043856e-03
8.190513281692798388e-05 -1.497762180460351228e-03
-1.294236722658895743e-02 5.000762998995610803e-03
-5.723332300958332286e-03 -3.758120191373441610e-03
-3.000825049426482372e-03 1.398230675795679922e-03
1.241972308712197687e-02 -2.187325293023616168e-05
8.168910811474557401e-03 9.400074263226202570e-03
-3.382585983611305705e-03 6.364794738518300340e-03
6.132857965042181822e-03 -3.730690710930136857e-03
-3.466550672216182558e-03 -4.736351595579519486e-03
5.961096666650908017e-03 1.607895062134759388e-03
-3.361255460087956941e-03 -1.124030523304570678e-02
-1.184191638869771016e-04 -9.478802148082066071e-04
1.050461197932570437e-03 -1.628842277144442732e-04
-2.525887106504230446e-03 1.047770940259296762e-02
7.495372878181989079e-03 4.135442590220816256e-03
-6.242351999202794439e-04 -4.701098851883812532e-03
2.925944911446989698e-03 1.802455651374430638e-03
8.068118019435433289e-03 7.031036312270044948e-03
-2.701097017561890270e-03 9.286364999380174179e-03
1.242834461879628247e-03 1.630295218776924883e-03
4.317341664679856875e-04 1.426485561123874701e-02
-4.557565302350808853e-03 -1.691109541389550046e-04
9.613586396440403428e-03 -6.945427027776940147e-03
-5.437191239817883940e-04 -1.298826940636838598e-04
-1.049998178973544872e-03 -1.860108551712763222e-03
2.245126444313098098e-04 1.754877224335509543e-03
2.105760065409963393e-03 1.351833825683217312e-04
6.743506194244112788e-03 -4.458432931892831151e-03
-5.776339186007477776e-03 1.186228922291989764e-02
-1.350762435404400871e-02 1.785100644229395059e-03
-8.446302571449208416e-03 -6.891478279115355321e-03
-1.394790034173367527e-02 3.243235430408354485e-03
-2.622640497412708112e-03 1.258672642640990078e-03
-6.621510648185514533e-03 5.793071171324255461e-04
-6.048637737428195701e-03 -7.882035366665788786e-03
-9.243352877184047439e-03 9.148930406766446477e-03
-4.724025912236874333e-03 3.607433877497086445e-03
2.482379731977577345e-04 6.082629193749909333e-03
-1.010800278704854054e-02 7.379077154835972548e-03
-4.604680710430486025e-03 5.093285334520198347e-04
-6.062687727105567359e-03 -1.128788366008508931e-02
3.091942502374029830e-03 4.890359916559657537e-05
-9.805368871923198643e-03 -8.227681403987937431e-03
1.060136537023576150e-03 7.590194482811179469e-04
-1.087438247959713342e-04 -2.597653881264448873e-05
4.073383387906666722e-04 -8.730783211015447076e-03
7.641684541471866626e-03 -8.795860240399378319e-03
5.595700816940735005e-03 -1.346564788563928312e-04
-2.265993948872768986e-03 -1.966665051215550283e-03
1.090042290318711179e-02 -3.189558046449585821e-03
5.517244296789621666e-03 7.893035877882328966e-03
-8.551470014074129267e-03 -1.174446084749593104e-02
-1.235346448081235757e-03 -1.950363851493911718e-03
3.306316788755308579e-03 2.904869926932751503e-03
1.151889439564258641e-02 5.096574526290969555e-03
-6.093230570759536682e-03 3.372319856057290517e-03
-3.505252028580776134e-03 -8.423966299561087487e-03
4.195155046346635622e-03 6.979482368851558198e-03
9.637183955708198248e-04 8.739261147486967855e-04
4.586128300664011129e-03 4.957814761551027592e-03
7.385830784971841347e-03 -3.201484595584857575e-03
-4.072361231873861294e-03 -3.547657536618934685e-03
8.455514891581186396e-03 9.836374734538124928e-03
9.621218587405368228e-04 -1.374797517923782159e-02
4.279503043464497015e-04 -1.599017991459181134e-03
3.666539719465507913e-03 -5.147473796493543495e-03
-6.935879458191170598e-03 2.665253485401461453e-03
3.965469482915352784e-03 -4.570290119901397261e-03
-4.605527037897273746e-04 3.660312993042248025e-03
-7.309194689269415610e-04 7.871833123862855691e-03
-8.047457994817864852e-04 -4.330402313666609736e-03
4.113505452538817990e-03 -1.423662786238183604e-02
9.078536863181883940e-04 -3.415523632510305153e-03
7.567602671907910916e-03 1.715776733764903458e-03
2.846227103924606552e-03 4.542190140547791924e-03
-1.270552889881443152e-02 6.896523428611344222e-03
8.924609416592593769e-03 -9.546928655921826934e-03
1.021396849808763919e-02 4.784856060537632724e-03
2.891618205670124474e-03 5.987855648177410877e-04
1.008276063189842038e-02 5.719085419876410170e-03
6.445837718168830228e-03 2.523412590819877448e-04
3.512404792922086717e-03 -1.230045759576597723e-03
-2.804875403307803029e-03 -1.635595907281562700e-03
-3.847848587442551701e-03 -1.792780312283424708e-03
-1.282924875121298301e-03 7.510684155231289521e-04
1.237996792333444836e-03 1.169343380778572940e-03
-3.983431104218927710e-03 -3.342495570370206809e-03
-1.085158318877384870e-02 5.776083646998367641e-03
4.153468096276613855e-03 -5.261055290834445661e-03
-2.051619662492984377e-04 8.893012765561480201e-05
-8.327420388603203744e-03 -7.966590843734355776e-03
6.473011659603594703e-03 1.111002340477454040e-02
1.120671291093011494e-02 8.424493203271873204e-03
3.372782875016996744e-03 4.070237791332901103e-03
5.655940176777231668e-03 6.638737885826564468e-03
-1.945526181949089198e-03 1.696298286078445818e-03
1.418635161401548064e-03 -1.055828936328379042e-02
-4.389843405090181061e-03 1.342302081791967158e-03
3.216923642139987889e-03 4.722700740110089349e-03
5.659053539989827852e-03 3.834724635685160619e-03
-2.974784625861614986e-03 -4.388981251924353906e-03
2.847153141842657248e-03 4.962045816933775833e-04
6.721377402306587950e-03 5.835716392678147284e-03
4.325564644121677495e-03 -1.265697637480248149e-03
2.174413476964835723e-03 2.542523555680339508e-03
9.496763769381778852e-03 6.728594051400910506e-03
2.567446287070949615e-03 1.311976446293980011e-02
8.298601851280321259e-04 2.589175944801670910e-03
9.380531930787984127e-03 7.022686145304573267e-03
8.832102906766609376e-03 -4.925084592602622935e-03
-4.221658488871889679e-03 8.307223382945402683e-04
1.042973184134177731e-03 1.571844050025425076e-04
-1.086049191083207806e-03 -6.328743726407386888e-03
1.000502266971680342e-02 -1.099008741450467966e-02
4.226496158416711765e-03 -3.697705002973304244e-04
-1.400881020047889218e-03 -2.219804578711143377e-03
2.853715117721067861e-03 4.222121507830344303e-03
9.609402818133751245e-04 1.301188279131033736e-02
-2.635492502496934383e-04 -1.477643535473617195e-02
2.010267961876618763e-03 -3.795895509817372431e-03
4.996915252121062953e-03 2.756961726813270206e-03
-1.035022151377330401e-03 -2.500245817146056447e-03
-2.042359283306765302e-04 -3.957055431199479889e-03
-2.560086042776431314e-03 -2.082896889809343274e-03
1.241445405001190879e-03 7.699273557057404946e-03
2.390975088638727479e-03 6.640462192160042840e-03
5.035616608484295639e-03 6.444576430793696326e-03
7.964674883144669953e-03 5.443018832028545875e-03
3.994830749642731132e-03 7.529364334503703578e-03
3.806033867868654878e-03 9.091788584448640912e-04
2.025116219968168662e-03 6.920903430594956343e-03
2.528409681252565336e-03 9.820633253913770705e-05
1.185480120912207544e-02 6.096407818723784816e-03
-3.020175727607132907e-03 -4.455766761943026361e-04
5.205525831037536438e-03 9.197961775437168627e-03
-1.968325472797485994e-03 -6.677439242190368746e-03
-1.048168491897264257e-02 -1.354356400432364486e-03
6.228350068575526019e-03 2.003881814555573057e-04
-1.164042692273364182e-03 -3.240441490954103373e-04
-2.068783015380888657e-03 2.874662332730288251e-04
-2.682544607794054483e-03 3.819221704378269067e-03
-5.115669665463189533e-03 -1.303878536804171234e-02
3.520691075134655280e-03 5.760836254699444776e-03
-2.791160663088083135e-04 -7.563691040282280974e-04
6.057850057558815393e-03 1.082693182208741695e-02
-2.970872994234843162e-03 1.179561449272713627e-04
1.030647500791533446e-03 1.630119972163878231e-05
2.178788127550632461e-03 5.026468173104757173e-03
3.935852677178864299e-03 6.043927837387247370e-03
-2.162886062035796354e-03 -9.712590997393145617e-03
3.733468824689513605e-04 -6.005098711518997963e-04
1.668134421972507653e-03 8.122976980319406449e-04
3.209307858840659182e-04 1.639970557867930596e-03
1.153106065809157265e-03 -5.885817394465973559e-03
5.582321326176166269e-04 1.512738208056456195e-03
-1.333951914824016232e-04 -3.077429493730912723e-04
3.529105126852459355e-03 1.394782063129184832e-03
-5.088495724028995783e-03 -2.181103222348480981e-03
-3.767332511504060868e-03 2.778435845536704127e-03
2.651331265229213852e-03 -7.826905041075681371e-03
-5.685429213009845530e-03 -7.381456134385363729e-03
-1.313520350949504145e-02 5.230576331931448275e-03
2.019017263048213107e-03 1.171993725031462898e-03
-5.204392313168209640e-03 7.446932297976098514e-03
-5.161188536713943835e-03 2.261555413534639854e-03
-1.123952279031694129e-03 -2.705407783395463901e-03
6.555970599843808679e-03 -5.790660540386528485e-03
-4.809044408265037394e-03 7.909209308099983404e-03
-1.035750204762085971e-02 -3.991509906480901482e-03
1.245484806131266818e-03 8.492747480622664423e-04
1.445346083875356444e-03 2.322385561835507099e-03
5.867328869451151480e-03 9.417812578888218843e-04
-4.725431376791525487e-04 1.285337321418112029e-02
-3.493054114741436181e-03 3.073853111566580282e-03
3.553852611653763802e-04 -8.513295561423505492e-03
-2.427298047426341976e-04 1.304620949708777330e-02
5.885290490753363780e-03 8.854566948159284939e-03
-3.849572893776138927e-03 -5.057745400423181367e-03
1.015208454235722686e-03 2.679431244582819623e-03
1.819155985304693988e-03 -3.011170887424583116e-04
2.227420362013411356e-03 -1.307788585861232103e-02
1.021039211591601679e-02 9.611862090106244177e-03
1.552365602338530177e-03 -9.166029874897825211e-04
-4.874919706062464698e-03 -6.636087541573675377e-03
-1.288097794121271546e-03 -9.043826848894317288e-03
3.340180475573148455e-03 6.131532792916647573e-03
4.353664623475282831e-03 5.545998949359711404e-03
2.394551470809777420e-03 1.813456162592111832e-03
1.447948369069948331e-04 4.494611713508409392e-03
-7.360253380365999742e-03 -5.627345527079688665e-04
9.540430564798142200e-04 -4.797756124686532609e-05
1.767202907678834057e-03 -8.362943914983519793e-05
-6.533378788945326879e-03 -6.526481563611195684e-03
-8.358298481714255407e-03 -2.640330754012674540e-03
-2.121869610880946925e-04 -1.613994019055286101e-03
-9.241836050800374125e-03 -8.276984137360337765e-03
1.996680991158841009e-03 -9.224736582664559703e-03
-1.749576535830410506e-03 -1.337528296998796804e-03
3.004736681053253762e-03 3.108706721055945130e-03
-1.324255827741257531e-02 -8.643785451616751991e-04
-1.318046684173668215e-02 -2.182955298185944130e-03
-4.132265342256568989e-03 -9.871084748827977946e-04
-1.238476218960614036e-04 1.197109693246809284e-02
8.489506347903472486e-03 1.706101394673897528e-03
1.268076617029748401e-03 -1.146786735593545783e-02
-7.059599310581995621e-03 3.279414212023252281e-03
-7.728299574329742724e-03 -1.524265622984924840e-03
-1.689800194951577867e-03 7.458858847112510848e-03
1.359529319433017743e-03 -6.867896545546248437e-04
5.540969625558000988e-03 1.222078784729719106e-02
-3.037339080496531327e-03 -1.047411719472878021e-03
6.159233638062200367e-03 -1.839592122299337461e-04
2.122923418299361813e-03 7.370184258468971163e-04
-3.649376366577469950e-03 5.749308839770976565e-03
-6.859913861404485537e-04 5.951421327560011375e-03
-8.803412138948743179e-03 -1.643147805830926910e-03
5.150124140745861862e-03 2.885519248751420521e-03
-3.331431174400193221e-03 -1.163643558066671012e-03
1.201019742304370534e-03 7.466937649372223842e-04
-3.322681873228599311e-03 3.804245676782164100e-03
-2.817201086651018472e-03 -1.776479112561785926e-03
6.266716175484969738e-03 -5.445940540983111415e-03
-7.632344451836011422e-03 3.838204899747044672e-04
7.605377990353092039e-03 9.449376996599744352e-03
-8.809511095868126709e-03 -7.392057511395101234e-03
5.191938860319759118e-03 3.769120702589980922e-03
1.226558816058048729e-02 3.895554783987170613e-03
-4.146985830838228896e-04 -2.306084362113868316e-03
8.651927556658892821e-03 4.779555372033675135e-03
-8.817589898130782228e-03 6.307940106595395433e-03
1.683110449568722342e-03 1.721604325986474202e-04
-2.776472989845504488e-05 2.522246839580277386e-03
-1.054125377990019867e-02 1.054013608772400891e-02
-1.458711156924880764e-02 -8.177261560410242422e-04
1.791215426844307811e-04 5.698281800064418715e-03
3.501340396954005178e-03 3.917028902709462218e-03
1.346405367674265770e-03 -8.138623506829019069e-03
-6.397461022715161469e-03 4.357177120894680823e-03
-2.534508638171160434e-03 -5.847116038101490137e-03
-1.232568334321514449e-05 -1.408832052802233884e-04
-4.983663530859796381e-03 -6.662064080387461104e-03
-1.119577628445896957e-03 -2.214631659710466160e-04
1.251130355902991230e-02 -5.977317573950249527e-04
-1.451572810299976788e-03 3.285640938446621022e-03
2.049432337198877230e-03 -2.131273585264153048e-03
-6.317615445686972087e-03 -9.739493574125662051e-03
4.141014643428163333e-03 5.954997709731632040e-03
-3.776081812677015669e-03 -2.189453389313272651e-03
-3.915240711623651886e-03 1.087837382169698584e-03
-4.273148547536791998e-03 -9.747827915395823519e-04
6.331122705951773609e-04 -1.687948119114115585e-03
1.174433307799194713e-02 2.805466191772064757e-03
-2.502832276646723298e-03 -3.862425480831963714e-03
1.174181050325327075e-03 -7.770449543357733392e-04
-6.120867531154117538e-03 -5.462369510209875989e-03
1.004359625657616148e-02 4.054463495323191655e-03
-1.044285579310417350e-02 -9.023677902298240378e-03
-6.610446252216072537e-03 -4.567767545152492080e-03
4.280636561335184921e-03 6.547141588225955169e-04
-1.783232742702551415e-04 1.612668846928610403e-03
-4.156581459487277558e-03 8.065068540976312247e-03
9.183272938239409044e-04 4.817330690477605523e-03
-2.961197655143837232e-03 1.039859820922833366e-03
-9.203262463942377819e-03 6.767566772466392100e-03
-1.173718031364369896e-03 -1.245947825090972612e-03
-3.417982904489608176e-04 1.394213663426955088e-02
-2.909116808014673185e-03 -1.053456403451655254e-02
1.150968207551060496e-02 2.151678070868200815e-03
1.027618770326819454e-02 -7.890656898332256905e-03
4.079386226712658145e-03 5.250581683329835249e-03
2.631852817543327804e-03 1.686223812780637647e-03
1.457743623015916173e-02 -1.041775199533958793e-04
9.418099769281320158e-03 -5.934593224127584707e-03
-4.123388271579739132e-03 -7.376155445880265560e-03
6.077791524205657971e-03 -7.091898111956478068e-04
-1.369715736534516184e-04 4.519263080194839410e-03
6.405747304927730465e-03 2.633704893381361677e-03
-5.878393265419232586e-03 4.205293404397238491e-03
5.062790549917566951e-04 1.730225857649079092e-03
8.115361197020345974e-03 -5.004339381167232335e-03
5.903507651066048842e-03 -5.946519773262856461e-03
-1.565154304640770967e-03 2.798712561636766682e-03
5.324871032843135447e-03 6.099856431390279256e-03
8.441592671408260085e-03 -4.926409764729298632e-03
5.356675163873596962e-03 -3.272389217184674438e-03
-3.429318083182869657e-04 -2.702757439143716259e-03
-4.856958084760250663e-03 1.276698148696787461e-03
4.646032411046718824e-03 2.397265699814890051e-03
-1.101951256598044130e-03 -1.642620902118998227e-03
-3.061527428223365273e-03 -3.352170909461212305e-03
4.170631449164081093e-03 -4.659220247556332579e-03
6.322245635281879828e-03 -1.049043422014366532e-02
-1.069029549788775603e-02 -7.795356449055121026e-03
1.051613939425338241e-02 -8.798909718858390072e-03
-7.196906133692530447e-03 -1.535266134202605600e-03
4.245383817638337387e-03 3.497029631119859521e-03
-4.731513926033906366e-03 3.927502510215214945e-03
9.394374440514302593e-03 -1.026234519354130535e-02
-8.734758727393869548e-03 7.641923672810904331e-04
9.016269598949288320e-04 2.192502867772965283e-03
1.421157736147951557e-03 1.762637184785293461e-05
3.739567781606966713e-03 -2.561890059552852927e-04
7.708613646693370305e-03 -9.653485155424613995e-03
-5.828834993034759208e-04 -1.794504618617583308e-03
-1.142967707759125770e-03 4.784728291034328826e-03
-9.599743886713515972e-03 -1.033960431106961848e-02
1.976739524509057587e-04 2.311385050613719923e-04
1.134090637082296130e-03 1.604318679963138723e-03
2.456642906485668413e-03 4.948794095678436594e-04
-3.498354803246644506e-03 4.635894052995435943e-03
6.671611649973911533e-03 7.295176350982639224e-03
-2.788973337793537646e-03 -6.321718731569270916e-03
-6.199883188377861704e-04 9.139781971387367712e-03
-5.833800432088461461e-03 -7.049061818325161669e-03
7.510684155236998930e-04 1.282924875120618072e-03
1.473573832734197510e-03 -2.222854057170835576e-03
8.221326908058872174e-03 7.159593834207052948e-03
-6.210723696728462709e-03 -1.621545917605330973e-03
-1.961763496917144200e-03 -2.951522316052941457e-03
-3.808221193161267885e-03 -2.151151167157413363e-03
-8.939457674684143235e-03 -1.169870284490501840e-03
-5.357936451246798383e-03 -2.015568650381147076e-03
1.201112346095753979e-02 3.420952090520069412e-03
2.916397341861220148e-03 -1.047638423046743338e-02
2.036515865391400927e-03 1.110777219472913399e-02
7.961561519932646228e-03 8.247032082169269279e-03
-8.786998995412966321e-04 -5.175701545350451863e-03
-4.246881081922115886e-06 -1.384088082327186026e-02
6.921701699009132416e-03 5.285834427024860456e-03
5.317510788549978037e-03 -4.937011141739036137e-03
3.487625656732352367e-03 9.845124035709718405e-03
8.653651862991119589e-03 8.044520460172290346e-03
2.312311088537698928e-03 -6.022725083367774096e-03
3.979982491548107629e-04 -3.187434605907726285e-04
7.679459859916477893e-03 -1.062259977563856546e-03
3.767667760959211160e-03 6.555507580883532595e-03
-3.557205106205275393e-04 -8.206478649967322058e-04
-8.447084432195821335e-04 -1.330597488521400099e-02
2.504684352484756737e-03 -4.229545636876404398e-03
-3.632085244189201911e-04 -5.005792322797454792e-04
-4.870545055476667093e-03 -4.152142924149257279e-03
1.710412160507361872e-03 -3.270936275562445804e-04
4.273611566495817346e-03 -1.048209987887624818e-03
5.368074809296829661e-03 9.144795469495019084e-04
3.491585347415466362e-04 -2.905269061139553743e-03
-1.016134492155134489e-03 1.366554314270453270e-03
-1.253456586883790538e-02 -5.753012991445901128e-03
9.334470330131594898e-03 -7.701796131805168678e-03
1.861768973294128209e-03 7.893435012090273956e-03
-1.187150154305051733e-02 -8.721235641429105068e-03
-1.195572177066586694e-02 2.891490436165678260e-03
2.244455945397573829e-03 -1.119114609487442550e-03
-6.846821561031000633e-03 -8.486520754196112681e-03
4.587517357542448063e-03 -1.111163576729453338e-03
-1.385493081294866466e-02 -3.401601412338056685e-03
-7.043234226108704456e-03 -3.429701391691663756e-03
-3.381196926732868771e-03 2.958164002378204944e-04
-8.658952551496897770e-03 -6.482479518742753806e-03
-1.100226950265246421e-03 1.622344186018935888e-03
-5.036287107401181233e-04 -2.511246328363737641e-03
9.200484350185502216e-03 5.370389904094569761e-03
9.899599688083342286e-03 6.870802428807810079e-03
2.314370644327008036e-03 6.576183431191538406e-03
1.123952279031694129e-03 2.705407783395463901e-03
-4.952577957798831240e-03 8.702555462157396393e-03
-6.357705858928642574e-03 -7.358129939825609409e-03
-1.566415592015904003e-03 -2.489245305929516702e-03
6.217748691566470261e-03 3.324470064314410077e-03
2.184136875113542545e-04 -3.994032481227984335e-03
-3.385571577324899021e-04 -2.188128217192986753e-04
9.426721300949039012e-03 1.039023221656869451e-02
1.040322839882539376e-03 9.382048757172008939e-04
2.506408658818344397e-03 -9.645805487366478472e-04
-4.181105056669832953e-03 -3.573634075431578964e-03
1.153214611690521300e-02 1.191472172717920538e-03
-1.984227538311751377e-03 -1.991316417902661180e-03
-1.976739524513929612e-03 -2.311385050618967353e-03
-1.088856023880292213e-02 5.353434031157017735e-03
-3.790594821312844552e-03 -3.572308903306045148e-03
-9.140804127420187886e-04 9.023550132794256468e-03
-3.359658923259034504e-03 3.381596060939671446e-03
-9.616571990147763233e-03 -1.607495927927957147e-03
-5.089293992439660992e-04 -9.492053869337404226e-04
-7.480859869546161063e-03 -2.752587076228044192e-03
-2.185350103430403531e-03 -8.752385099242865341e-03
-1.959703941129766706e-03 9.647386198505910476e-03
9.439637772756515749e-03 -2.848813563424592524e-03
4.522312558654532043e-03 3.011426426435538997e-03
-6.052677138558840847e-03 -1.032036557669970597e-03
5.410687797282182077e-04 9.109031647778808097e-04
3.991509906480220603e-03 -1.035750204762143217e-02
4.263936227406173174e-03 -1.970113663882045157e-03
5.947844945389641445e-03 5.512997415708951153e-03
-3.720552352880106012e-03 -7.233947068473826555e-03
6.231335662284247581e-03 8.753311137161596048e-03
9.033688490844286878e-03 -1.870086906896259449e-04
-1.076517563586724784e-02 -4.594670121885010249e-03
1.795845616434563457e-04 3.675289020637211544e-03
4.284133233054751577e-04 -3.622010770886388738e-03
-1.295585807919663601e-03 -8.723758216177331104e-03
1.114612189396410082e-03 1.111744753381945817e-02
5.350448437448406327e-03 2.335637283098133694e-03
-1.966601166463327610e-03 -3.412474154051292966e-03
-1.027534137578937912e-03 -2.820314449863043065e-03
-8.219091523706139636e-04 -4.932237356945866000e-03
2.807988766520399214e-03 -1.168417342859841583e-03
-6.349754826171224303e-03 -9.701191351969803631e-03
-2.290310066103477989e-03 7.085511964643558674e-03
-2.245046733861835557e-03 1.449904359476095195e-02
-4.767900187597140450e-04 -9.875076090896000355e-04
1.109902289356252134e-03 -7.004405100233736681e-04
-7.446996182728321187e-03 4.740757897558523122e-04
1.037698049530731866e-02 -5.521618947376100150e-03
1.168985742561832325e-02 -7.552961893768098990e-03
-3.972366708249483978e-03 -8.489570232655126170e-03
4.891875579001376748e-03 -1.345295704741360926e-02
-6.070303510407265915e-03 3.891211784786616223e-04
-6.123517875406326617e-03 -4.681349039494537428e-03
-6.114640804729497628e-03 -1.107039601049200454e-02
3.861355847711920967e-04 -2.482619445298883849e-03
8.466579287549839961e-03 4.689300072251384975e-03
6.966965031252136606e-03 1.269936605714339431e-02
-5.925843922955421374e-03 -4.450210534433164840e-03
-5.118447779220634992e-03 -9.008286914800722051e-04
-9.917226059931767354e-03 -5.449644692659178294e-03
3.665022893083196356e-03 1.227844074763438133e-02
8.620251195133665084e-03 2.794864814762327253e-03
9.659647997096792657e-03 7.779055249332801798e-03
-5.764684001573203327e-03 -6.664714424639209614e-03
2.585998696837423644e-03 7.652621167936754856e-03
2.157713143035823108e-03 -8.230426702430138249e-05
6.493751394662681739e-03 6.884852418484042023e-03
1.182325261710208582e-02 -7.245218944393866378e-03
1.065861913636388832e-02 5.810665891784914591e-03
2.105297046450938046e-03 2.158176161995528902e-03
1.015095102449369534e-02 1.014941837241631513e-02
1.020972161700527733e-03 -9.056024762739234377e-04
-5.274307012097072256e-03 -2.483657427035644051e-04
6.648349340164558426e-03 9.444316021405703941e-04
3.612734566002185482e-03 3.161984970806767936e-03
1.748650497910998703e-03 5.383513855852069263e-03
-5.348724131116179559e-03 9.293278050404806499e-04
-1.409295071765693510e-03 2.146249612859116567e-03
7.682573223127712320e-03 -3.866273227706402710e-03
-8.362210113339665907e-03 -7.147268150863157928e-03
4.962588546343626138e-03 1.553291640257261101e-03
-2.571150438745873745e-04 3.064177772475574569e-04
1.279811511908702766e-03 2.052944834618275656e-03
8.341135128824856554e-03 2.038495710734099155e-03
5.944109142368161577e-05 -5.375562823089293949e-04
-3.750967427030199412e-03 -3.930679758178891488e-03
1.551902583378143938e-03 1.106389791936282984e-03
-1.075112564619044517e-02 -1.188821828465029713e-03
-5.907419282692821100e-03 1.439582376411231626e-03
5.784497698714811259e-03 6.485528997202445571e-03
-1.398176402855208500e-02 1.657256442513712485e-05
-7.339976664265937187e-03 -2.764912759571258767e-03
-6.583942809692178502e-03 -1.237797225229973416e-02
7.805239268096611158e-03 1.092248781037366556e-02
6.406545573341907406e-03 9.944655540374391228e-03
1.967479145328545481e-04 4.277124063915786929e-03
-2.851064773469428638e-03 -5.003141978545002852e-03
5.449389153649495700e-03 1.279664635176266073e-02
4.673206352480911707e-03 1.325494784550812141e-02
-7.510684155232564760e-03 -1.282924875120593743e-02
-3.321292816350161943e-03 -2.264732661498316396e-03
3.619759560840981466e-03 4.864909117517668934e-03
1.284800864092357740e-02 7.713052182030818993e-03
-3.034225717283935576e-03 -3.851424969614282087e-03
-7.062712673794591806e-03 6.083427462164656997e-03
1.153075706002677607e-02 7.260450510998399734e-03
1.226340083528730529e-02 2.653582475275301569e-03
5.199426874118151173e-03 3.449052069872994303e-03
-4.474734131614469500e-03 -5.712858693452579559e-03
-9.650898695925199181e-03 -2.811166014483966469e-03
-3.818822570170324511e-03 9.729307157014394081e-04
2.607201450857468510e-03 1.404457402219510317e-03
5.618500107789132017e-03 8.239081049412422600e-03
2.525296318039969151e-03 2.902219582680541990e-03
-5.305520354661912887e-03 -4.256049079400977576e-03
4.552264613845600529e-03 1.731151895567810666e-03
8.134711875202356099e-03 -3.160532029176107895e-03
-1.466590333885450098e-02 -2.123977225723219613e-03
-1.006168564738361103e-02 -6.103129797473509643e-04
-2.902554832135691848e-03 -6.808647108380267571e-03
1.549715258085530714e-03 -1.355825167762660707e-04
-7.120301689379450114e-03 -1.470987373232959718e-03
-1.109843210509452865e-02 -6.375523885033164070e-03
1.010833803649925731e-03 1.954866271584021205e-04
-1.270599191778083292e-03 8.919516208033522863e-04
-5.424530307013722061e-03 8.175999691065005334e-03
5.471517945588953019e-03 2.502497027192143730e-03
1.384180686118877037e-03 -4.050232439934976216e-04
-9.175290254097652649e-04 2.493619956515423161e-03
-9.699275391378867073e-03 -7.420684394460634603e-03
-8.139214295292029194e-03 1.203352361759913412e-02
-5.686355250929257983e-03 -3.335470575532090837e-03
8.522571766307137156e-03 -2.378186386335235519e-03
-2.350421656438030776e-03 -1.104481860588730352e-02
5.377750148387835591e-03 1.836383222945063912e-03
1.514462514390043854e-03 2.706732955522140032e-03
-9.881973316234918953e-03 -8.291960164956441864e-03
8.069331247757601661e-04 5.572374622380300672e-03
9.663687398224585050e-04 9.290564403403839917e-05
-4.197342371639819353e-03 -8.221454677563426808e-03
1.522413547147462125e-03 3.636715433779455931e-04
6.300915111756598581e-03 7.114665751419880363e-03
6.203235682935076198e-04 1.941614550321879682e-04
-9.830020238609057937e-03 -8.509447814549065195e-03
-1.045577226491165024e-02 4.215367877695046228e-03
-3.467939729095190216e-03 1.332626742701642107e-03
1.073959823126140536e-02 8.358889270177836256e-03
2.077532316552483001e-03 4.680423001575806721e-03
2.319336083377066069e-03 -4.319800936657553110e-03
-9.158669630609673346e-03 -4.486788450255547490e-03
2.117494960290278866e-03 1.365599557312319537e-02
-3.340180475573148455e-03 -6.131532792916647573e-03
-9.401271665848432921e-03 -2.797515159015216777e-03
2.605014125564284345e-03 1.624850935076419239e-04
3.172793827767671389e-03 1.395406318340596322e-02
-5.519559391588041777e-03 2.221928019252104435e-03
-1.040852908732730828e-02 -7.820007815741551044e-03
1.152823448527844075e-02 -3.315465224133704730e-03
1.276311791439928983e-02 6.578914067862729267e-04
1.337193047543645645e-03 -1.108351996225064723e-02
3.385571577324899021e-04 2.188128217192986753e-04
-2.121997380379949793e-03 -4.783003984700169575e-03
-9.772894241983796568e-03 1.067959800276439136e-03
9.562303817724273356e-04 1.193994747465683621e-03
3.572644152760514995e-03 5.543348605106822313e-03
9.278014832415273222e-03 1.388683106208658553e-03
-1.226697721745756593e-02 2.173423554294452199e-03
1.213345425647014818e-03 8.875769702181261636e-04
-1.786553585859484809e-03 -1.760177912840147360e-03
-3.311154458300130665e-03 -3.365821764929961563e-03
-1.533014924156518750e-03 2.760410339480906527e-03
6.211186715687488924e-03 -4.014468618218766313e-04
-1.552030352883379885e-03 1.025054641391002011e-02
-1.819954253718870062e-03 -7.009833558250570806e-03
5.096111507331264195e-03 -9.495901616215950830e-03
-2.786530473497827488e-04 -2.779361883455435701e-03
-8.244253968413075423e-03 -4.176395156628885490e-03
4.134452667549181996e-03 2.229080783595346633e-03
-6.685917178659253612e-03 1.201284776729044657e-02
-4.178119462964185863e-04 4.979288880275359666e-04
6.133656233456357895e-03 3.580259936062891828e-03
-1.292600214210943340e-03 -1.708352604712913862e-04
1.188821828465029713e-03 -1.075112564619044517e-02
-2.792549719965158744e-03 -1.494712702000659029e-03
-7.875281736529921722e-03 -7.260849645205202409e-03
7.557001294898854291e-03 4.839858616623756229e-03
4.789102941620125564e-03 3.626912325183543218e-03
-1.257810489474481827e-03 -9.901579533424897765e-04
-7.182265355551466050e-03 -1.150934682605613511e-02
2.353072000689669999e-03 1.026379813517264497e-02
-1.880321383060602671e-03 -2.426291717087226962e-03
-7.950161874507481047e-03 -4.060163318034631062e-03
9.076301478833719363e-03 8.007543410143105889e-03
-2.730171093942956157e-05 4.992540601530697821e-04
-2.649016170432726223e-03 -2.288058856059213032e-03
1.147098071914737227e-02 -1.535936633112226606e-03
-5.345738537407457996e-03 9.482250760746520693e-03
1.772040577223656793e-03 3.773223988473749712e-04
-5.102703970587718803e-05 -3.828497909261330441e-03
-9.220298047326540292e-03 -5.191204476658485729e-03
2.871804508529877432e-03 7.779709922556465786e-04
-4.764451574933694679e-03 -3.345145914623096767e-03
-4.631647171914765430e-03 1.034252602002532634e-02
3.900264684028226930e-03 -4.477001167345834656e-04
5.225004278723422921e-03 -3.151670784191512587e-04
8.665977546335693754e-03 8.185403665453654803e-03
5.900394287853454392e-03 -3.142506523121452178e-03
-1.171438102280087865e-02 -4.085740722639792655e-03
-3.563096583174745011e-03 6.735491276735042568e-03
-1.431423863703218564e-03 1.244039893743009370e-02
-4.561939952936606459e-03 -2.653055571563372669e-03
1.093071020783390086e-02 4.864110849102242125e-03
2.993001786172939157e-03 -1.041210546949892894e-02
3.905102353569890519e-04 1.325172125533788338e-06
1.008414968877685731e-02 -3.498929184040707602e-04
1.018666678714956822e-02 5.284110120691844388e-03
-6.307141838181790083e-03 -1.506639251137071797e-03
-3.296976699119452507e-03 -1.131690967735742709e-02
1.419305660310489058e-03 8.109597489555541577e-03
1.297437883757126750e-03 6.317870984696434371e-04
1.160252383479231167e-02 6.863777433968551792e-03
-2.265993948872768986e-03 -1.966665051215550283e-03
1.201019742304370534e-03 7.466937649372223842e-04
-7.279274285468482694e-03 1.985488825684952365e-03
7.858581402595903563e-04 4.636021822500999644e-04
-2.910841114348261711e-03 -1.379952912265631007e-02
2.179506685523287983e-04 -1.971039701800776731e-03
-3.809945499494065378e-03 -5.416116255295346828e-03
3.301942138169511407e-03 4.209253095083338378e-04
-1.419433429815724571e-03 3.247338716290761734e-03
-1.522413547147462125e-03 -3.636715433779455931e-04
2.273018943710204513e-03 3.669589197925309399e-03
6.021799045447790918e-03 6.358296647391651832e-03
8.253003269584670634e-03 9.144284391477720819e-03
4.173154023912415550e-03 5.916695487575772752e-03
4.294223532051601351e-03 6.083555231668640907e-03
1.302288330252744826e-02 -4.295468411754819679e-04
-8.138160487868742118e-03 -3.369398147101582662e-03
9.835320927118569242e-04 6.947406873126138385e-04
-8.200714942503659760e-03 -2.782861465010742774e-05
5.093461163079054249e-03 -8.714881145500610535e-03
-8.303232040876370665e-03 -5.661831653746021709e-03
1.145911805476375334e-02 -3.699812617820338531e-03
9.534522680155537930e-04 1.333195142402664353e-02
-4.436032775251235946e-03 -2.025243989472153006e-03
-7.478672544253547189e-03 -1.510614767515495570e-03
-1.051428731841591926e-02 7.069386011507028389e-04
2.844167548140169631e-04 -8.056718374006272389e-04
-7.275234884336475791e-03 -4.864509983309724811e-03
1.509624844843860661e-03 2.245781117523787656e-03
6.269238750232733470e-03 5.129975194149673928e-03
3.053113376507492378e-03 7.718225101031934120e-03
-1.703722415128369251e-04 -7.303925652155836019e-04
2.027894333725042530e-03 -5.217053245966003783e-03
-3.697705002907454683e-05 -4.226496158413505563e-04
5.667004572747245256e-03 1.491663223540966397e-03
-5.727706951544129024e-03 -6.242064808797858841e-03
-3.089164388617155095e-03 -1.218686027572655692e-02
1.049262154543684905e-02 7.564217943993747570e-03
4.848081014083420806e-03 5.112348822300679003e-03
-1.110810744418417456e-02 -7.297427561027585059e-03
-1.314786444229340545e-02 -4.244250299769009721e-03
-1.047347834719974686e-03 -2.641129022426960335e-03
2.451342217980459655e-03 2.056920350996698996e-03
1.012558109975786552e-04 3.460451715296312763e-04
-8.668372351571067540e-04 -3.011825560643021683e-03
6.309249453025640286e-04 -2.929920427826664640e-03
-8.654577900911101032e-03 -3.998534901318336575e-03
9.666800761439463263e-03 -1.874956809803741964e-03
7.301610557356493468e-03 8.411241482009928355e-03
1.703722415128369251e-04 7.303925652155836019e-04
1.341200448100542814e-02 5.640756669231213223e-03
-8.228351902905964906e-04 -8.862517980919120113e-04
-1.124474376838383548e-02 6.555778945586350492e-03
1.542227244288498899e-03 1.844861159418626460e-04
2.453529543273643820e-03 3.298892659708567605e-03
1.350762435404400871e-02 -1.785100644229395059e-03
1.123010299024277195e-02 3.418301746267179454e-03
-6.800632190869945748e-03 -5.118974682931993168e-03
5.208176175289744650e-03 8.416941304721828332e-03
-9.590068547623870066e-03 -9.417700635075198362e-03
9.641814145275617615e-05 -1.149066664675789064e-04
7.073314050803647564e-03 -9.207509345023508901e-03
-1.331892359037866597e-03 9.521479020821111555e-03
-1.307113222848132247e-03 -1.553690774465205657e-03
9.761829846013782980e-03 4.079114862009160236e-03
-6.307940106595966157e-03 -8.817589898130100481e-03
-1.090551611174240491e-03 2.544247862014497891e-03
-8.742709760151288687e-03 3.107253779425285089e-03
-5.867328869451151480e-03 -9.417812578888218843e-04
-1.403636745042958350e-02 1.015080684732418137e-03
2.557307929020917470e-03 1.422085356637144485e-02
7.130440047429480524e-03 3.698982698013149849e-04
-1.325753430500878870e-02 -2.242412797283828418e-04
5.386627219064665448e-03 -4.552663748052403203e-03
-1.580130332237555946e-03 3.438849827070739919e-03
1.098544139921663401e-02 -7.491333477051341332e-03
1.614457038014421170e-03 -2.235179740514051019e-03
1.595106359832409743e-03 -4.078987092505175459e-03
8.381560791521677767e-03 8.991075502854281934e-03
8.726009426219116924e-04 -5.732081602137214854e-04
-1.070321196969523103e-02 5.443689330938165580e-03
4.482349914916737045e-03 -5.964146145111851385e-03
-5.637052517555606913e-03 -2.771937754409374739e-03
1.035346264649078529e-02 1.084150871547603923e-02
6.032735671913929884e-03 1.256815819095349895e-02
3.003012374719095379e-03 -1.562583670831308672e-04
3.794458393883361376e-04 5.148399834412274202e-03
-3.746592776444402240e-03 -1.446735140754474040e-03
3.989067042177925002e-03 1.111439805536044642e-02
4.793477592205922302e-03 6.110856942607961750e-03
-6.722303440224638646e-03 -1.789730833823732943e-03
5.710208349198570921e-04 -3.693713660905277498e-04
-7.559060850685221959e-04 -1.743876713117828350e-03
-8.397462857036514308e-03 -4.304952678565894357e-03
2.118548767713564641e-03 -1.746926191577520548e-03
1.793115561738466146e-03 5.486094838976433852e-03
9.891185636365536910e-03 1.123685662037807002e-02
-9.794432245458421435e-03 -2.017819860427234359e-03
-6.966166762837960533e-03 -5.388415410150366493e-03
-6.940717127735992684e-03 2.204301647404251392e-03
4.955435782000954664e-03 1.120730369939380508e-02
-9.470515865866994953e-03 8.175073653145594615e-03
-5.942544256884433121e-03 -7.075038357137805947e-03
4.888634446285476665e-03 7.079924085745602051e-04
-1.137098619552299669e-02 -3.405976062923964012e-03
4.624159158116371640e-03 -1.002245738730834015e-02
-3.080079837989840169e-03 2.114972385541834254e-03
1.433483419492527456e-03 1.585095771292181505e-04
-8.351608736330038557e-03 -1.027135003372268984e-02
-2.063482326875679899e-03 -1.274574708155826403e-03
8.537547793901990520e-03 -3.018323651769670192e-03
1.500412524713241186e-03 -6.991153378978399611e-04
1.107861840795349231e-02 6.554709312469248102e-03
-1.110465883151778854e-02 -7.674973847498932009e-04
-5.694434053189979285e-03 1.036452704245886813e-02
-1.586692308115966125e-03 -2.870670990662263673e-04
-8.931969660885750312e-03 -1.489938917207488459e-03
8.072955688980826966e-03 7.491988150266574997e-03
-4.917660463557133564e-03 -3.473703436560104767e-03
7.568321229879338904e-04 -2.302108845735444543e-03
4.653392655339875367e-03 1.343413327294420631e-02
-3.165896602434110484e-03 -8.942028308487591243e-04
7.128252722136867517e-03 -8.720740389112340701e-04
6.630259949357108877e-03 4.388582117716409783e-03
-3.003475393678120726e-03 2.179251146510338254e-03
7.207044491742560857e-03 4.341770307709608666e-04
6.065801090316232796e-03 8.483870409943222723e-03
-3.544416403903035036e-03 -1.008858822411430600e-02
-6.371883618109319865e-03 5.929579726018552495e-04
-5.190677572939972687e-04 1.518837164979047174e-04
-1.572179299480137675e-03 1.095788414926546130e-03
2.732645609581880759e-03 4.055261763737476148e-03
-8.910255828845116410e-04 -5.316584750630675739e-03
-4.598118734551504688e-03 4.235245459588305242e-03
-1.020130756528927173e-02 4.689970571162827874e-03
7.358401304528536593e-03 8.654705670415657401e-03
2.528872700211590684e-03 -1.924786446888069463e-03
-1.469821622001789979e-04 -5.736584022220278870e-03
1.940097723938645144e-03 1.122267886119671099e-02
-3.039063386830118986e-03 -4.312376807612634463e-03
4.266123552699356905e-03 -7.281413551701765470e-04
8.766770338374819602e-03 1.055444161640981329e-02
-1.106788926144227324e-03 -2.103572740117349953e-03
1.102275369870086077e-02 2.265259565210245296e-03
-6.818242155051381856e-04 -1.225551368728142881e-02
6.806395898334179420e-03 1.533940962075930337e-03
2.813161685520371592e-03 8.626477921557604983e-03
-4.441876193164366431e-04 -3.048802610672667144e-03
4.540401949461981591e-03 -4.327240891403008258e-04
8.993118650970797698e-04 1.230746676490671737e-02
9.473038440615330277e-03 2.400842081986511150e-03
8.143461176373951310e-03 1.807357205672727000e-03
-1.933998767020050046e-03 -5.473769155634360291e-03
7.537985866171992289e-03 1.232999469105286808e-02
-1.061057769036537202e-02 -1.053509093822848144e-02
2.003242967039050042e-04 -5.498819656521446208e-04
-4.086075972095514104e-03 2.380437596381322369e-03
1.267763639941210316e-02 6.982659616816376189e-03
2.450543949566283582e-03 -5.254030295996329689e-03
-3.438578462363378781e-04 1.343228119710698516e-03
3.930088969714630627e-03 9.628961558243311070e-03
6.630643257868162454e-04 -2.968222649982523928e-03
3.392596572158033518e-03 3.891052363896817939e-03
-5.402401515074265609e-03 -2.118149633505510797e-03
-1.534739230490677134e-03 -5.045547486581690357e-04
6.981605809391838377e-03 2.725285365288723782e-03
2.280506957508597436e-03 3.349520565208322781e-03
4.307012234355202598e-03 4.201445657522798194e-03
1.124103961670754916e-02 9.628163289827882526e-03
4.019482116329950450e-03 7.811130745065971923e-03
-8.627739208932058007e-03 -2.474796182045340635e-03
-2.168968611290424814e-04 -1.343188206289994135e-02
-8.627978340272504740e-05 -9.861824369640664369e-04
-1.941949799777468316e-03 -3.130707743490166069e-03
8.496068323781882231e-03 5.432018320810863381e-03
7.274708562605564088e-04 -1.440176330014054581e-02
1.147973002031896748e-02 3.431952601736608724e-03
1.203001112017973613e-02 7.287752221936579129e-03
-2.799574714803955162e-03 -3.197636848711560027e-03
3.648450328658058364e-03 -1.703323280917703455e-03
1.155759575200581910e-02 8.784189230271396975e-03
7.454356427020907006e-03 1.056279178337414353e-02
-2.194690193064897845e-03 -3.403453488170491738e-04
-1.398693694754705270e-03 -9.778322699992747676e-04
-6.860999320211677924e-03 -5.354328417686484570e-04
1.314395281066663493e-02 -2.626870970826138130e-04
-3.186173318534172606e-03 1.307975376014531427e-03
-9.592159754797874652e-04 -9.746917703170581565e-03
3.098839727708161025e-03 1.310876395172212022e-02
7.115336250330751670e-03 1.236697174108319398e-02
1.433172083170780771e-02 4.389109021428338683e-03
3.827108852382893073e-03 6.017951298574603092e-03
4.299524220556809675e-03 4.521514290239786113e-03
1.855334766919593086e-03 -7.189418119894136656e-03
-2.901293544761130404e-03 -1.520689240813303308e-03
8.818132627538920578e-04 2.371688295209048013e-03
-9.712990131600519883e-03 -1.492589261460378416e-03
4.846356707749262423e-03 1.847383734161603874e-03
-1.070147125568942856e-03 -1.101486655069509532e-02
4.702487908761678742e-03 -6.693213538200079062e-03
3.973755765127921780e-03 2.420591894374644806e-03
-9.761957615519019360e-03 7.277821343837143075e-03
3.706965382167419563e-04 1.805105995634390353e-04
5.103934770584806976e-03 -4.820268225126998589e-04
-2.198138805732644321e-03 -6.870275525095881179e-03
-1.855206997414356922e-03 -4.167518085952164920e-03
9.768982610357026045e-03 -5.574897197128064405e-03
3.051053820718183270e-03 -4.880683413527379250e-03
2.690367871047597698e-03 5.194653089324981037e-03
-3.279015077815878448e-03 -3.404123987085821285e-03
-3.481654469316271868e-03 7.260721875701218499e-03
-4.976575233267598389e-05 1.459459958304491507e-03
5.608824768692549818e-04 7.317177373417977542e-04
5.318564595975987328e-04 -2.033993290643746916e-03
-8.926796741885777500e-03 8.304956347209957457e-03
1.492924510914848263e-03 -3.790467051808531261e-04
-1.025750752399648240e-02 -8.933422602517091665e-03
-1.713525523719386465e-03 3.131106877696968743e-03
1.935850842858083485e-03 -2.618201962074008255e-03
3.745666738524990654e-03 5.492720699607746282e-03
-1.630119972183185703e-04 1.030647500791487259e-02
4.495473866675489018e-03 1.487687707162542840e-03
5.507233708244825901e-03 -2.362811224532327878e-03
-6.674389763726133089e-04 4.842780325581066969e-04
-1.162190616435901467e-03 -8.416015266803099359e-03
-1.207241662821925514e-02 5.208575309497228203e-03
1.236949431583027684e-02 3.460579484801462949e-03
-3.210361666261006552e-03 -9.967838139738032909e-04
1.222861111055005383e-02 3.472905168144677091e-03
-3.310691439340971961e-04 -5.388814544362854290e-04
-7.725984479533253360e-03 -1.163922952011981968e-02
-3.071665786273967275e-03 -2.251081806028887126e-03
-3.166822640353522070e-03 3.151782728004513551e-03
7.377751982709186696e-03 1.049851302240563909e-02
-2.355387095486729220e-03 -1.488342380370705556e-04
-1.381000273016081206e-02 -5.322013208639758686e-03
-1.350316999301037595e-03 3.631686109977394234e-03
-7.698682768593824097e-03 -1.213848358027288903e-02
2.988834615538417654e-03 7.794829545344333574e-03
7.608156104108606752e-03 -2.688579679962358089e-03
-9.678663425823652924e-03 -2.889191749036890827e-04
-1.411482397058306734e-03 9.042773041465674037e-04
-6.826209595475788219e-03 -1.354755534639166727e-03
6.637412713700351075e-03 -5.265429941420813990e-03
-7.068348611755521579e-03 -1.688475022826044052e-03
8.790160417687476607e-03 5.548250159405118676e-03
-3.045417882757824220e-03 1.265258589851876031e-02
1.712727255305210826e-03 -1.044205752468999743e-02
-2.483146349009561146e-03 7.315325297579397881e-03
-1.772503596182682141e-03 1.645670380579832308e-03
-1.946787469322290402e-03 -3.591659581487376129e-03
9.122283369039854576e-04 -9.315790150858875964e-04
-1.225671108990229827e-03 -1.028460175498349498e-03
-8.200587172999783403e-03 -1.138476482049755045e-02
1.635069003570204958e-03 4.896585479042214924e-03
5.313471387419331157e-03 1.912987667256783137e-03
1.075768762206885491e-02 4.914738754601997300e-03
-1.818996564413050826e-04 6.439674876496541411e-03
1.943338856654544360e-03 -2.938270594791456310e-03
-6.369233273857110786e-03 -1.880624981134837448e-04
-2.726083633703471013e-03 -3.293448376005096451e-04
-2.312981587447999511e-03 -1.264516176947269935e-02
-3.356082541087984563e-03 -1.445409968628259996e-03
1.015208454235722686e-03 2.679431244582819623e-03
-1.994701145817503671e-03 -1.022417074089057229e-02
-4.086874240509689310e-03 -4.930513050611706749e-03
8.800761794696533233e-03 2.424168276546266338e-03
-1.047373388621522516e-02 -3.697417812576558275e-03
-3.075242168445017649e-03 2.575924223539044315e-03
-7.969049533731037416e-03 -7.926963449452283095e-03
3.165896602434110484e-03 8.942028308487591243e-04
-1.419305660310489058e-03 -8.109597489555541577e-03
8.412901903591753910e-03 1.641822633705393095e-03
-2.884002422367856928e-03 -1.227579040338217312e-02
2.067984746966712584e-03 -7.598416880266058160e-03
4.339486864294605541e-03 1.349708686178717476e-02
1.024085524912552326e-03 -3.709615726414647492e-03
2.293630909265988518e-03 1.080135441748157621e-02
-2.172689170632037363e-03 7.224415324575946071e-04
3.252767174301096718e-03 -1.149954371746068557e-02
-1.028523478278624975e-04 -1.496794646551615100e-02
8.106484126343516117e-03 1.384707589830234779e-03
5.231103235643378910e-03 5.433742627144341752e-03
4.952913207253981098e-03 6.313879642628411962e-04
-7.655606761644794672e-03 -5.966924258868045242e-03
-9.786944231656735139e-04 -2.337888493142617876e-04
2.115435404500968890e-03 1.057087058563883951e-03
8.360485807006868414e-03 3.882303062725223596e-03
-3.247462993940294224e-05 -9.295641204264376567e-03
-2.183290547641093989e-03 3.846523415316447161e-03
6.092591723234940318e-04 5.341236117317786636e-03
-6.911643051332660103e-05 -3.843473936854909434e-04
4.599715271380427559e-03 1.038665583439707212e-02
-4.076735882458165303e-04 -6.031602154047895374e-04
-6.886113705858494180e-03 1.205793527096970380e-03
-3.358269866380597136e-03 -2.687382277340808617e-03
5.661831653750346808e-04 -8.303232040877379190e-04
-9.852021261043279743e-03 -9.572234695824851508e-03
8.163274873514987651e-03 1.628171778236644270e-03
-8.079980683819622950e-03 -9.194912296977476862e-03
-8.508394007125098107e-03 -5.572901526091087257e-03
5.951756577015052813e-03 1.001993481255943411e-02
7.826905041075681371e-03 2.651331265229213852e-03
2.057846388916681740e-03 -6.497327776834413426e-03
-5.191475841360732903e-03 -5.792113482017188092e-03
-5.962022704570319603e-03 2.438090496718513071e-03
1.140445133011800923e-04 -1.536064402616210949e-03
-6.096679183427282725e-03 -3.157610320221541922e-03
-3.741755106899579721e-03 -9.857833027572637623e-04
3.923526993836220014e-03 5.903044632106343483e-03
5.677941199211453474e-03 7.701524767102349914e-03
1.322089250442986044e-03 9.135535090307705507e-04
-4.534175223038150980e-03 -5.175302411143650055e-03
-1.414931009724691886e-03 -5.625652872131122612e-03
-7.221557500378959597e-03 -1.817032544763052919e-03
5.963283991943521024e-03 2.849867370847308443e-03
5.516573797879321082e-03 -1.077485097495814448e-02
1.686559062235107927e-03 6.702090608876337327e-03
-6.237562388707506601e-03 -3.145284636878326479e-03
1.080413253124209430e-03 -1.443158758582852941e-03
-7.931609464741007018e-03 -9.527306613037677188e-03
7.835191323288252102e-03 9.642213279505255918e-03
-6.717465770679816560e-03 -1.328778995826522449e-03
1.493052280420083776e-03 -1.173598291102715546e-02
-2.050341967454235442e-04 -1.126800607819182856e-02
-1.173823412107256187e-02 2.943443513792109133e-03
-3.500079109579442432e-03 1.370928964857501394e-03
-3.116593869060459848e-03 -3.306700097260432437e-04
4.255522175688368665e-03 2.395940527688214354e-03
4.728783871343030572e-04 -3.519429787760883135e-03
-1.535665268410088720e-03 3.541430810195104074e-03
1.826979248560521509e-04 8.712757704958070445e-04
4.215894781407655140e-03 2.754311382561522564e-03
3.958316718572110586e-03 5.083721939235825646e-03
-2.284242760580814172e-04 -6.261814621187134812e-03
9.047403231061638008e-04 -6.115103823695810983e-04
3.460323945792923104e-03 1.034437809586278775e-02
-3.585432855064116676e-03 -3.661239030960979600e-03
1.299120694100222226e-02 -2.414237398446830718e-03
-7.325000636669722932e-03 -3.405050025004552859e-03
5.343423442610970367e-03 6.327131363883745779e-04
-6.374406192857655189e-03 -9.982957762530249649e-03
-2.511709347322192264e-03 2.526621490166644848e-03
-9.383645294000009587e-03 -4.218672895163848996e-03
-6.351143883048300347e-03 -3.632213013688181252e-03
-5.098554371633777938e-04 3.096780171919532362e-03
3.429318083182869657e-04 2.702757439143716259e-03
-4.820779303145352433e-03 -5.611602882454891535e-03
3.317381184723390119e-03 -2.242204735353308439e-03
2.565386731281639639e-03 5.208559483804882633e-04
1.193590807352482887e-02 -2.712305008729595963e-03
1.079731501635150005e-02 4.556367899729150961e-03
-3.885288656432012676e-03 -1.924371486987099759e-04
1.103852799471182269e-02 8.936072946769299877e-03
-1.001583152667770600e-02 -6.576710334903468173e-03
-3.826645833423867726e-03 -8.040944078001811129e-03
1.247466175845598699e-02 8.313562053183860129e-03
3.009111331639050500e-03 5.592651338480362361e-03
-3.830222215599571279e-04 -3.213938048436624237e-04
-9.773692510397972641e-03 -6.242990846716590415e-03
6.714017158012070517e-03 -5.201151180452310424e-03
-1.021051988542125144e-02 1.745074115740057399e-03
-6.826209595475788219e-03 -1.354755534639166727e-03
-8.574397074427761792e-03 -8.761262169918442727e-03
5.293657690278294817e-03 2.092173094692866518e-03
9.587545972875534742e-03 -1.158215100056906970e-03
-8.903278893069245872e-03 -8.058171315642180185e-03
2.524370280120557999e-03 6.948205141533814883e-03
1.201907449371495892e-02 1.077890678375875190e-03
-9.167083682326116964e-03 -1.207342586841452306e-04
7.110291100834653481e-03 -8.784859729181698426e-03
1.004061066286744165e-02 -4.498459460382848822e-03
-4.506538262643570991e-03 3.659386955123516885e-03
-1.136405731880145084e-03 8.510645217170615534e-03
-8.864577536706011451e-03 -4.370556611661754499e-03
3.963282157622169052e-03 -5.812262428613266738e-03
-8.159235472383551471e-03 -8.478170587230641000e-03
-4.517474889109139233e-03 -2.550474588439008948e-03
8.924816896543079706e-03 1.114395097634403135e-02
4.263137958990636210e-03 -9.281064310876215723e-03
1.472647794814786141e-03 1.823131501682437317e-03
-1.739486236844579696e-04 4.096613464353028068e-03
-4.451136572358482292e-04 9.971829481806057487e-04
-1.027997156539323933e-03 -7.973216704369775597e-04
-1.473110813773811489e-03 1.998612777447701791e-04
-6.431228591419046320e-04 -8.567898983301002261e-03
1.223483783697045879e-03 -2.135121332135191119e-04
-1.646085340486027650e-04 -4.315426286071646217e-03
-4.348826953930459878e-03 -5.085047111362501343e-03
6.390436027875794761e-03 -6.060101267604901809e-03
-9.119170005832264586e-03 6.511776900717908614e-03
6.693149653447176377e-03 1.038095601168517040e-02
4.676319715693507892e-03 1.045093459536671800e-02
-3.748780101737586405e-03 -2.688707449466342866e-03
-8.968946710916185505e-03 -1.912588533049980680e-03
-4.492951291927154561e-03 9.088228027969562708e-03
-5.229251159805915761e-03 -1.352571374485203072e-02
2.295946004063837038e-03 6.863905203478221691e-04
3.192064795504784757e-04 -1.624994530271825629e-03
-7.307837283781684970e-03 -2.803214981727118488e-03
3.171069521434083729e-03 1.068909809526620569e-02
3.237200358240050011e-03 2.520522533246799014e-03
-8.830841619391476341e-03 1.021304246016890502e-02
-6.591893842449595906e-03 -1.003491084015553994e-02
-4.364729019445297287e-03 -3.989242870741128988e-04
-4.299524220556809675e-03 -4.521514290239786113e-03
-3.333953749148527677e-03 -1.173955929319877613e-02
5.026867307312701295e-03 1.476687195944861647e-03
5.298495359823117770e-03 2.553124932690076579e-03
1.346395755863128915e-02 5.423269019638589893e-03
4.495473866675489018e-03 1.487687707162542840e-03
-2.961995923558013305e-03 -6.271090826070196619e-03
-6.632910293610678847e-03 -3.607561647002211803e-03
4.088135527884252489e-03 1.021847091817867058e-02
7.904435523306812400e-03 -1.330375532655555040e-03
1.315892883826148829e-02 -9.028243625170484857e-04
-1.227446523125595712e-02 2.493492187011438384e-03
1.498688218379082369e-03 -3.964080426036915850e-03
-9.652623002258787707e-03 -6.076131102623722260e-03
-3.838173248352907095e-03 -8.708766362890045867e-04
-8.470235380174304368e-04 -3.191010988080246295e-03
7.034021905976725608e-03 4.848049362688937151e-04
-3.114406543767276117e-03 9.113022989858251491e-04
4.155064633104966001e-03 9.360846003151613443e-03
-3.824586277635129775e-03 4.557964436558182252e-03
3.947843111066929450e-03 -3.149132383752765475e-03
1.016134492155134489e-03 -1.366554314270453270e-03
1.036411208255767552e-03 -3.568732521134424050e-03
1.000232426640868888e-03 3.319568510017254729e-03
-2.567797944194368659e-04 9.640361203667794504e-03
-9.447924054969084745e-03 -4.142068450851450409e-03
-8.103370763132279955e-03 -4.188720839972781378e-03
3.296800870556601537e-04 6.607859792716766142e-03
9.375359011787440591e-03 -2.772209119112193070e-03
6.335272304909263068e-05 3.969381114541553450e-03
3.042304519536931178e-04 -9.848572648378521761e-04
-2.907057252225364510e-03 2.064344480042759524e-03
5.287223483903187235e-03 -1.299068003729086235e-02
-7.167417097459915717e-03 -7.925478856438067723e-04
3.830222215599571279e-04 3.213938048436624237e-04
-4.256448213607780251e-03 1.650045031165058755e-03
-1.804179957707908576e-03 -3.390201766915153583e-04
7.140913654926935418e-04 8.602752592788059710e-04
-8.265919741391574913e-03 4.094761388514885775e-03
1.414292394993237056e-02 -2.231076454631642468e-03
4.851657396255042339e-03 2.853427927320679840e-04
-6.620121591307077599e-03 -5.489671221148054517e-03
-2.447430586353688264e-03 2.450017045854925839e-03
6.427876096850412195e-05 -7.660444431171926645e-05
8.369362877682338248e-03 -2.506743908273385835e-03
1.151544578297484037e-02 -1.433355649987862017e-03
-9.697678854550514926e-03 7.201216899525422765e-03
4.127555442215621526e-03 -1.083077956896185551e-02
-1.996553221654966386e-03 -2.132199623182884623e-03
-1.201945780222421446e-03 3.299291793917192173e-03
-2.251943959195966318e-03 1.439183242204429385e-03
4.653057405884724641e-03 4.100189846523968722e-03
-3.670451351091708579e-03 6.405363996412377810e-04
-3.651403107004917194e-05 -2.445642395268557943e-03
6.739466793114037499e-03 2.391565877102308328e-03
2.277537771472092423e-04 -1.240607223165265949e-02
3.855799620199970405e-03 -5.502810998607692971e-04
7.455873253404579452e-03 -6.863122760752638982e-03
8.567372079589755107e-03 7.058338023209364924e-03
-8.818132627538920578e-04 -2.371688295209048013e-03
-6.942776683530173330e-04 -1.039460686716030908e-03
-8.893012765517137146e-04 -2.051619662492741407e-03
-4.500311536220311104e-03 -1.948639545159753118e-03
5.339511810984198109e-03 -3.874224260463249823e-03
-8.413364922550778391e-03 3.811701457218140757e-04
-5.020768350392746174e-03 4.272222509618632015e-03
5.416914523710094492e-03 3.501005147498283294e-03
-4.820907072649226947e-04 5.745333323392553008e-04
2.032268984310839702e-03 -2.733108628541586985e-03
-2.710644587148231411e-03 -2.992474882461010257e-03
8.810149943391451521e-04 -4.939262351783301093e-03
1.430833075239528211e-03 9.395300478427348178e-04
-3.831611272472564868e-03 2.855040289848423569e-03
2.580027509422704035e-03 -9.453224743473041466e-03
-8.871602531544018136e-03 -6.073480758370832303e-03
7.158156718268520336e-04 4.125240347417881426e-03
1.405590920088836682e-03 1.403769262255579776e-02
-3.580259936062211816e-03 6.133656233456928619e-03
2.157250124076797761e-03 1.940688512402906005e-03
-7.958911175680436281e-03 -9.028052552884607840e-03
8.514620733549718018e-03 -3.512497419104129714e-05
4.111190357741759636e-03 -4.121663965246260761e-03
-4.057049954823286481e-03 5.146148624366186919e-03
7.966862208437855419e-03 6.684991140740413618e-03
-9.679924713196855213e-03 -5.576877042469510597e-03
-3.802457485697033346e-03 -5.736184888013476195e-03
3.989067042177925002e-03 1.111439805536044642e-02
6.661010272962925027e-03 1.041925823384103056e-02
6.724490765517251653e-03 3.031703142536281564e-03
-4.438683119504806783e-03 -1.244223518757956110e-03
-3.217849680059399475e-03 -6.767151812568166728e-04
-6.380632919280914209e-03 -4.374931262246979646e-03
-1.559390597176536428e-03 -7.863211592192962578e-04
1.114276939942049089e-03 1.783504107401043780e-03
-1.211111798458191710e-02 1.520960605516120771e-03
-5.747983667644762304e-03 -4.039886601933887628e-03
3.186173318534172606e-03 -1.307975376014531427e-03
1.176069816246716991e-02 -3.903649411942390277e-03
1.798544019748910417e-03 -7.432882308298723387e-03
-5.950623059145155290e-03 6.624959260853151288e-03
-9.736843229872773828e-03 5.536594974972204250e-03
1.611343674802396360e-03 5.688335096266731441e-04
9.556795649270290183e-03 -7.188891216182208624e-03
3.910866061037854280e-03 -3.571781999594116248e-03
-3.803718773063869416e-04 -1.102414275557859428e-03
1.062786881275671474e-02 -2.200102243408484995e-04
6.562532575722219291e-03 -2.064743614249562199e-03
9.812521636265870983e-03 -1.426330655148604597e-03
-2.268644293124407341e-03 -1.185644580500892168e-03
3.821472914422534024e-03 -1.753951186416778186e-03
1.188821828460025036e-04 -1.075112564619000672e-03
3.729892442515960783e-03 -1.178092681950847079e-03
-1.031753940388306472e-02 4.984062665066488901e-03
9.822708053372948295e-04 -4.593217180254349774e-03
-1.505713213218449727e-03 2.261156279326695297e-03
-6.484203825076913057e-03 5.393987463357822858e-03
1.821716031268506147e-05 -1.480108672142214227e-02
9.158047190793366997e-05 -5.758585044647891163e-04
-7.573701628827866038e-03 -7.464686439328396469e-03
-6.599509625755813850e-04 1.642093998399780344e-04
-1.016134492155134489e-03 1.366554314270453270e-03
1.222557745777634076e-03 3.832473425639753781e-03
9.245540202472006834e-04 -7.906958098056641538e-04
2.895865086752045722e-03 1.443966638808960243e-02
6.470489084855259379e-03 5.341076696424341963e-04
1.643818304741798651e-03 9.864474713891050253e-03
4.428880010908566207e-03 1.167925604860869590e-02
1.162730297098340734e-02 -4.211392361316622888e-03
4.693020049626820669e-04 1.307576241807728752e-03
4.962460776839750648e-03 1.291022784610470521e-02
3.007850044263917465e-03 3.046934709140794104e-04
4.490173178169709102e-03 3.049728648592078730e-03
-4.090626451248246219e-04 5.465818122876371296e-03
-8.383748116814861498e-03 -1.023304781156615141e-02
8.650538499780454152e-03 1.084853371031415520e-02
-4.505612224725520296e-03 -3.865986037308974561e-04
-1.580928600651732019e-03 -3.872100819922288766e-03
7.441696383498458932e-03 8.950552005133430647e-03
1.142136984972299228e-02 2.354148147546435924e-03
-2.839319907028920158e-03 -1.168961405408696329e-02
-1.000892033880582122e-02 6.920328041862021558e-03
-4.276486071941719425e-03 6.792965652230357164e-04
-3.785807586254780264e-04 -1.904719462597940453e-04
1.298968187630089068e-02 -1.645111514736984255e-03
9.623731339079625441e-03 6.944391131573951666e-03
-7.749397845758443197e-03 9.084912001910529569e-03
8.074488685956414391e-03 1.122333791557868568e-02
-1.202617420438259824e-02 -8.394925180336144585e-03
9.269178282310519892e-03 -3.111925585267156982e-03
-3.235158129080979543e-03 -1.051411010088630291e-02
-1.817722890599901032e-03 -2.370157626071780262e-03
-9.035210601597905289e-03 -3.308133880768154150e-03
8.316559479592271556e-03 4.847632832283946779e-03
1.074091854807971390e-02 6.407053112026064867e-03
1.254650836157186582e-02 -3.620237728728493021e-03
4.890593032102278671e-03 -2.944959730519457891e-03
-2.142024936306389810e-03 -1.014076095477228594e-02
5.148171835804800367e-03 7.176806407838273554e-03
-4.463160605649840913e-03 -2.672473809921344264e-03
-1.167292895636448322e-02 7.385713160327200648e-03
-7.154515111809250406e-03 3.380393231311088105e-03
-8.966584291424578362e-04 -6.757223338340986873e-03
-8.133889438567510483e-03 -4.870917725192980968e-03
-7.645189029256389129e-03 -4.080142443433539164e-03
1.039604099527951207e-02 -2.681341039429228825e-03
-5.936873520357673246e-03 -1.282652880084882673e-02
7.078740407522278975e-03 3.676677814750482515e-03
-1.144375215782667855e-02 -3.806189028396911311e-03
9.059010990628646107e-03 6.070501030846572757e-04
-4.399325329568264976e-03 2.941554008995419080e-04
-3.932353796377919750e-03 -1.057408079541324181e-02
-1.235364616475862799e-02 4.358875748744376298e-03
-1.013072528396114034e-03 -9.682147302993219379e-03
-2.160209632749886461e-04 -6.236975118724739746e-04
3.243935220003686584e-03 -5.708509629647671307e-03
7.162435529877581898e-03 -5.964091104439420143e-03
-8.220972424114446906e-04 1.451607780928094830e-02
-9.929205822651838986e-03 8.769664784038904912e-03
5.194245410851121465e-03 4.150150279595266230e-03
-3.065902453278508168e-03 -1.348136104429670939e-02
-5.419523755985182316e-03 -1.012554625593524438e-02
1.025697614474896206e-02 -1.493516136780400011e-03
-2.826309687701882359e-03 1.035060277672394426e-02
-1.283671822381386024e-02 -3.454368340369935123e-04
-1.382411871901863092e-02 -1.233134609822050809e-03
-1.808301086057565376e-03 1.261514562147002770e-02
-1.034415803161612551e-02 3.514621607633073089e-03
8.074490045168882663e-03 1.139145371475996232e-02
