-1.041303150741834140e-02 1.052983772680334169e-03
5.758585044655179820e-03 9.158047190761776056e-04
-1.194329996920153684e-03 -8.377713044647239204e-03
1.421620755108338012e-03 -2.005366407578212679e-03
-8.167314274645634531e-03 5.221827030759174787e-03
-6.336630874412472331e-03 -2.249357499695409622e-03
8.351608736332407756e-04 1.027135003372815682e-03
-5.802124070563235460e-03 -5.064371261053813786e-03
8.309123517845840717e-03 -9.280138272956341833e-03
4.979288880273999643e-03 4.178119462963043873e-03
-2.900526927730150140e-04 -6.966230647589612482e-03
1.917761452050634153e-03 8.259485535018314594e-04
5.180874464351677144e-03 8.916195364876040863e-03
7.066033516957101468e-03 1.180343891996047875e-02
-8.743252489554993517e-04 -2.691756927926034632e-03
-3.421622589429689984e-03 -6.656763391882362935e-03
-2.418834772683394613e-05 -2.304759189988334501e-03
-1.294787539503556564e-03 -1.412807569183840550e-03
2.769622659612887110e-03 4.477911379579288358e-03
1.014750241182594930e-02 3.619488196137483123e-03
4.616671144317979585e-03 -9.702388754591352235e-03
-1.446776636744378022e-02 -3.915831500087231867e-03
2.892544243588394287e-04 -3.447199994034170697e-04
-1.901859386538738619e-04 -5.512071377795006548e-04
3.922600955916807561e-03 9.949030190959617242e-03
7.153239338279238427e-03 8.743635798071271864e-03
-9.385960388797067941e-03 5.896291001971726287e-03
8.053605010799604405e-03 5.648180798277272451e-03
-5.904305919480224915e-03 -1.364430873730172657e-03
-2.876642178074699952e-03 -1.238922830252856639e-03
-1.175442337698528279e-03 -4.510912913230048608e-03
-3.751430445989224760e-03 -1.907686978751683884e-03
-1.606969024218312119e-04 1.915111107799785640e-04
-6.647886321205533078e-03 -2.967424381567777131e-03
-7.526123201787803495e-03 -1.016611870634543703e-02
3.889200288058784500e-03 4.699374545550335028e-03
1.176057039296193353e-02 7.453286793903913035e-03
4.251147525102571059e-03 -8.800408973620331074e-05
7.180541049217877524e-03 8.244381737916379321e-03
-6.500776389502050182e-03 -8.587776565194263009e-03
1.029276026769197078e-02 6.091107130218685779e-03
-1.005996134105103211e-03 2.654652108388079945e-04
2.196749748851266164e-04 1.293925386337157601e-03
-1.085469655198644315e-02 8.580096897139771056e-03
5.098634082079027061e-03 1.080014118916836031e-03
-2.070044302754090078e-03 -5.000491634292792906e-03
-1.052741127017331121e-02 -6.744895251122550589e-03
9.785092155823137822e-03 1.042985961085122863e-02
-8.352662543753323898e-03 5.131571730978026075e-03
-1.425074173681029066e-02 -1.840885643035416151e-03
-1.473909082187987996e-03 -7.111089369248259698e-03
-2.907057252225364510e-03 2.064344480042759524e-03
1.826979248560521509e-04 8.712757704958070445e-04
-3.652824979243855970e-03 -7.806213365067137758e-04
-5.774151860714294912e-03 1.310426153163176712e-02
9.502527476846583249e-03 3.143560330544167662e-03
-5.480730265719572711e-03 -5.447393482613771022e-03
-8.451603259954986597e-03 -5.329437337685819648e-03
1.845994677283737447e-03 1.222621630530537412e-03
9.328243603708335011e-03 -2.093769631521898242e-03
8.030805719951208260e-03 -2.725556729991542113e-03
8.011790291224347993e-03 4.764579344437570169e-03
1.955664539999120259e-03 -2.797387389510090985e-03
2.910968883852135900e-03 2.442592916808865745e-03
-3.432223966439317334e-03 -3.532681509022829718e-03
6.924420001856203266e-05 -1.097258881216081096e-02
6.897513351282297603e-03 2.981075237036526389e-03
-2.407499594012964261e-04 -6.402697826467357821e-03
-1.310121205317275536e-02 -2.899697007932779125e-03
-9.175034715083536102e-03 2.222327153460048558e-03
7.660444431171926645e-05 6.427876096850412195e-05
-2.331997016175431803e-03 -5.155025695042907488e-03
-8.759745343535451159e-03 -8.851517469699593174e-03
-1.831481668647338273e-03 1.602338834615545321e-04
-2.927333968325997789e-03 4.266522686906730304e-03
-1.674361148397128431e-03 4.795728802250187259e-03
1.070274895073607211e-03 -3.420696551505273287e-04
6.963053399625364348e-03 8.192428660291770776e-03
-2.920308973487991105e-03 5.969446833615808974e-03
-3.993234212813807395e-03 7.092536959481674647e-03
4.802482432386056058e-03 -1.163512623423627011e-02
-9.866997288638703831e-03 -8.932097430389734222e-03
7.498358471889348016e-03 1.268836554592571442e-02
1.679071048438646619e-03 7.022159241593786683e-03
-5.836450776340099816e-03 -6.268041347610503987e-03
9.308892925526323150e-03 -3.937576983513022683e-03
4.857421103719276011e-03 -3.299690928123995282e-03
-1.388799623135096584e-02 6.826863686722160762e-04
-1.247028710786882849e-02 -5.829617435758300582e-03
1.810278914627864132e-03 6.087929882255009237e-03
-5.360459025995133707e-03 -1.259148438551325154e-02
4.473009825284612363e-04 2.447893605319431437e-04
5.811927179158116012e-03 -5.370661268798067670e-03
1.277161167656493471e-03 2.833965305333614217e-03
-1.152903275369261682e-02 -3.995485422859323954e-03
-2.228681649387972800e-03 7.789927991045355465e-03
-6.345843194544452913e-03 -5.194253955118178362e-03
-7.287097548720665452e-03 -7.028385968017155858e-03
6.090580226507328471e-03 -2.591299385341951957e-03
4.623696139157347160e-03 -7.999464607881132117e-03
9.844581306299076198e-04 -3.351244871541801153e-03
8.879218314845714957e-03 -5.603524080192917763e-03
-2.441539109385579102e-03 -1.249195288084858219e-02
4.236506746962868421e-03 9.886076602118468518e-03
6.492027088330455838e-03 3.619887330345427680e-03
6.652260971791329816e-03 5.451368998992194362e-03
2.025914488382345169e-03 1.423185407758798503e-02
2.654652108391724382e-03 1.005996134104945178e-02
-1.433702152021301517e-02 -2.827068079999482154e-03
-6.964107207048651424e-03 7.210493104408946009e-03
1.082461672728956929e-02 4.057113839574938430e-03
-2.615280253118190679e-03 1.229554021577144822e-02
1.035451645391407063e-02 -4.561413049224677559e-03
3.934128370845276640e-03 2.778962749247491145e-03
-2.195153212025284083e-03 1.682647430609016332e-03
7.615979367362149532e-03 6.325295113740892448e-03
6.689701040781361081e-03 3.851025835406799835e-03
9.529366168826986297e-03 4.667299049818305484e-03
-2.581624046251626038e-03 -5.168676550512335890e-03
-5.339384041480323487e-03 -7.482711945384194069e-03
-2.059570695248908508e-03 3.232362688695798215e-03
-5.726908683129952951e-03 1.068885838195170277e-03
7.095985572148741545e-03 1.052316438909206911e-02
4.398129687306395253e-04 5.648579932482495876e-04
2.847520042678066896e-04 8.528271589018468143e-03
8.974582648875756991e-03 9.684491018039540280e-03
-4.444782076422831157e-03 -6.993133224320988335e-03
9.829221970194883598e-03 1.198497167556036511e-03
1.399846436248052516e-02 2.608255258280183994e-03
6.400781865877671999e-03 1.352968926123045319e-02
-1.787942642738492901e-03 4.308800425441012931e-03
-1.037167980680153700e-02 3.959578005946562743e-03
1.300088228008765105e-03 -1.492333722450150035e-04
-3.231181111772499746e-04 -2.881942866579799423e-03
6.079515830537884739e-03 2.555775276942966537e-03
-1.195719053798590835e-03 -2.308734706366758274e-03
-1.881247420980014257e-03 1.619693841766046147e-03
-7.704190937043505372e-04 -3.126732227110600414e-03
-7.066161286460976958e-03 -4.465027141130339938e-04
8.576249150265223206e-03 6.692910522107559275e-04
-6.293554867463442039e-03 3.922201821709435030e-03
-9.240910012881752272e-04 -1.232296969621543125e-03
4.984461799273971587e-03 1.397301472738049152e-02
-2.187325293183947986e-06 -1.241972308711868610e-03
7.462307459775164827e-04 8.219730371222660212e-04
-6.160031906476376440e-03 -7.126991434763095372e-03
2.008878904998181829e-03 2.273082828463108065e-03
7.364165011992770266e-03 5.069671949559593702e-03
5.869979213703360559e-03 1.607607871734833237e-04
-8.097112385318447347e-04 6.565582054182482648e-03
-2.491432631222129709e-03 3.244432833033547309e-04
6.212911022021646440e-03 2.863518226317199582e-03
-8.388585786359682717e-03 -1.069399964956336060e-02
-7.485458407753657617e-04 9.292990860011486609e-03
9.601420133991990513e-04 5.700932144317308672e-03
2.996785648295835491e-03 5.451768133200139352e-03
5.871831289540822840e-03 -7.931210330534205211e-03
9.562303817724273356e-04 1.193994747465683621e-03
9.278014832415273222e-03 1.388683106208658553e-03
-8.796259374607081098e-04 -1.129715986497179404e-03
5.183987827562340847e-03 6.112182114734176011e-03
1.730816646112660374e-03 -1.388620804026583638e-02
1.788405661697518249e-03 -6.331793204868220969e-03
7.891519051499335663e-03 1.190867024733773157e-02
-4.054399610570287235e-03 4.365128153652669818e-03
1.683445699024443791e-03 9.506103859018202179e-03
3.907752697825258963e-03 -7.677687494527117486e-04
-6.901089733453348411e-03 1.845930792531405053e-03
3.540041753317237430e-03 7.604643606689888771e-03
-1.784829279527258040e-03 1.504787175298467200e-03
1.279479427592451757e-02 2.642581964057620809e-03
3.527380820518871696e-03 -1.870183025010571393e-03
-2.215302158622042741e-03 -7.472110568374456564e-03
2.341337105810715850e-03 -3.257014055381087219e-03
-2.709383299774458399e-03 2.295482985104131679e-03
1.317251580898163524e-03 4.526016710335604358e-04
-5.795099075725227908e-03 -3.361447114344735549e-03
-9.108105609862821722e-03 1.364702238432990988e-03
-1.827442267515902094e-03 -6.689764925532443174e-03
5.028719383150164444e-03 -6.615283921762826237e-03
-1.249805183776728570e-02 -3.307370596178024064e-03
-7.069386011513828505e-04 -1.051428731841649172e-02
-3.212548991554190717e-03 -2.238756122685672117e-03
-2.471155915121496429e-03 -1.877734923560616049e-03
4.088263297388127111e-03 -1.138465287668773748e-03
-2.999899011507070785e-03 -2.647754883057593187e-03
9.715305226397578237e-03 -8.622374635675196866e-03
9.699866179843127934e-03 -5.959244590812874144e-03
-8.668372351571067540e-04 -3.011825560643021683e-03
-1.277496417112214920e-03 -1.216790873175317006e-02
-1.339669320395542491e-02 3.053049491754587959e-03
-1.021754488025868740e-02 4.214996903029871733e-05
9.761829846013782980e-03 4.079114862009160236e-03
3.713527358040738871e-03 5.531022921763606437e-03
-6.465779184814311915e-03 1.128378037420221802e-02
-3.639573257982589398e-03 -4.685723690080905758e-03
-7.788538934167600278e-03 -8.297659987669023587e-03
-8.958345333905768856e-03 -5.036670415907692003e-03
-4.606995805228334545e-03 1.062429243058577409e-02
-4.796255705962796170e-03 6.027099733952999243e-03
1.223046318638751698e-02 -4.619065949563010143e-03
2.280506957508597436e-03 3.349520565208322781e-03
-1.092759684462130468e-02 -7.668124099243644673e-03
-5.474966558255339039e-03 -9.032427203469833854e-03
-3.185247280616121477e-03 -2.738010182839883781e-03
-3.080079837989840169e-03 2.114972385541834254e-03
1.417943798100241952e-02 2.145659406369154754e-04
-1.569065936267542358e-03 -1.708224835214858369e-03
7.912258786558995158e-03 7.683499261046553182e-03
-1.251376283099375764e-03 1.409269517864123952e-02
-1.523674834520663112e-03 -5.651629410943766890e-03
1.813855296799485447e-03 1.260923852686397133e-03
6.421521600936760769e-03 9.304518274939955688e-03
-9.896310496304520227e-04 -6.443650392874965618e-03
9.516577466523384182e-03 6.549408623964148198e-03
2.715482256694414388e-03 3.453426720459362199e-03
8.950649840165188697e-04 -1.533414058364001653e-03
-8.387372558048620912e-04 3.799871026195796204e-03
3.081341125364973205e-03 3.172985482024449130e-03
4.506538262643570991e-03 -3.659386955123516885e-03
7.149455476156341659e-03 -7.120237804627797297e-03
1.327389938948765526e-03 -6.484874323987651224e-04
8.445839552490182200e-03 8.914471058542563359e-03
-1.198925020802719434e-02 8.998770996603160793e-03
1.958218766134429620e-04 8.323109622769060689e-03
-3.535331853273435371e-04 4.213244437151363497e-04
-1.758788855961029764e-03 -4.282424752420424530e-03
7.527927218572876607e-04 4.547889963260374514e-03
8.013051578598910304e-03 1.005253721200453400e-02
1.010522467329109594e-02 4.758879521725668457e-03
2.081108698724104100e-03 -1.465830279928054909e-04
4.787043385830816455e-03 -8.971996189375769717e-03
2.342135374225463081e-03 4.053936591611261887e-03
-2.693944253219218796e-03 -3.676470597563693665e-04
-1.056703866445595635e-02 -6.386524396249703382e-03
4.270242664270382238e-04 2.446967567394091759e-03
-4.161754378489182851e-03 -1.729826723441596405e-03
2.723896308410286848e-03 -9.126274711113590730e-04
3.493980152660847334e-03 -7.119838670419853174e-03
1.112089614648777494e-02 5.415317986881742346e-03
-1.773972363502723977e-04 -2.433316711925342934e-03
1.473110813773811489e-03 -1.998612777447701791e-04
6.593410668831909197e-03 -7.391003703972384882e-03
2.221975496334615066e-04 1.186984112146926250e-02
-9.852563990446548507e-04 -3.959705775450547520e-03
3.660312993041677301e-03 4.605527037904076030e-04
-8.717132355545446215e-03 -6.569653688675413522e-04
5.265557710923898663e-04 -4.719523492148915795e-04
2.085148099854750980e-03 -6.996581836988624223e-03
1.217308165075257215e-02 8.517398847305911874e-03
-2.572411726119645890e-03 -2.223780095089567151e-03
-6.208536371435849702e-03 -3.795736088927819177e-04
1.257810489474481827e-03 9.901579533424897765e-04
-3.373708912935047440e-03 -2.425223247848589531e-05
9.315790150865678248e-04 9.122283369045563984e-04
-1.187646698210057666e-02 2.174748726419986448e-03
1.492972569966670611e-04 -4.378379874914616401e-03
-4.826543010609586105e-03 -2.026569161598828703e-03
1.311791238710176624e-02 5.524524830637419365e-03
4.207975400037783364e-04 8.054994067677363062e-03
6.842111660990053169e-03 -3.331367289648540838e-03
-1.094627702389301509e-02 9.155955401605703897e-03
-4.102185517561625014e-03 -1.362431921159797110e-02
-3.272788351392048271e-03 -9.012150487369773033e-03
1.498225199420057238e-03 -1.941087646609708679e-03
-2.085483349309900838e-03 -2.337361589431612065e-03
-8.025632800951233714e-03 1.252045199440898933e-02
9.727503140236917756e-03 2.875444775452470035e-03
-4.532450916704563321e-03 -1.910337323003893613e-03
1.968453242301360616e-03 -4.679496963657075147e-03
7.721434000379379797e-04 6.391697315250357073e-03
-7.852673517953290619e-04 -1.384353116752360877e-02
3.120968519647617477e-03 2.814614627151602790e-03
9.344943937637347625e-03 5.310581911827424312e-04
2.726881902117647086e-03 7.640295484593538980e-03
2.583013103130063839e-03 -9.003017877681437388e-04
1.752099110576593906e-04 1.191344403212793879e-03
-3.728838635099258501e-04 -1.422482908275307482e-03
-2.542922689888393352e-03 -1.481061846531909988e-03
6.128355544951149137e-04 5.142300877491747489e-04
4.917197444598108216e-03 5.496696215987312804e-03
-5.052907730876998391e-03 4.310524731774492170e-03
3.015801077020546003e-04 -2.038367941231937356e-04
1.529566311490133165e-03 -9.290340515758596651e-03
-4.724824180651621131e-03 -3.703516769495262661e-03
-1.150126802379416134e-02 -6.517732262439601340e-03
1.210144264549091117e-02 -2.442864281511684076e-03
4.789773440523269980e-04 2.229479917802148874e-03
-1.352651201326620506e-02 -2.081699487187113791e-03
-2.263806623579585255e-03 -7.246927425036818905e-04
-1.804179957707908576e-03 -3.390201766915153583e-04
8.823688855048805735e-03 -5.590304010323638578e-04
-5.111885803341653656e-03 2.825088234656213636e-03
-2.777573692369734656e-03 -2.134849967435774581e-03
8.158101954512293492e-04 -8.166723486183086493e-04
4.815478614640144109e-03 7.173643823883747196e-03
-7.229971552094833359e-03 2.549021646807668462e-03
1.047903457471907260e-02 2.135376871146561599e-03
-1.203484878972591911e-02 -7.748704059934930638e-03
-5.628638465839163295e-03 -7.137991945980776999e-03
2.203439494237852646e-03 5.308234583667026385e-03
-1.096778337597500378e-03 8.152274362297767460e-03
1.076955028645304457e-02 7.078614739309426612e-03
-2.478516159414652538e-03 -1.291460249668993296e-02
-6.053267927023101708e-03 1.234789242760353858e-02
4.122590003165563059e-03 6.520479888723514084e-05
-6.952116773161156997e-03 -1.982567116730386825e-03
4.685995054783153799e-03 1.137283827136113812e-02
-3.602133188992557699e-03 -6.286066853666300719e-03
1.077438795599786753e-02 7.539566577306637540e-03
1.385106724038288623e-03 -4.451008802846770189e-03
2.266456967831794334e-03 -5.632772821165688698e-05
7.381456134386043741e-03 -5.685429213009274806e-03
2.762597664773519968e-03 2.774987232869067372e-03
9.234938825466242063e-03 -4.782876215196185665e-03
-1.816042622092098454e-03 -2.502896161398945971e-03
1.462174187309033414e-03 -6.409722821305473793e-03
-3.187434605914530195e-04 -3.979982491553817037e-04
-5.741293922261905477e-03 -1.167090588164504741e-02
-3.757992421869566987e-03 -5.633603904889111606e-03
-2.647011967001864328e-03 -1.247538372799708757e-02
-1.370006045960409265e-02 3.258545092380119024e-03
1.339606485983536183e-02 6.287940693025844720e-03
-5.941058775172316023e-03 -7.779480960076543515e-03
-4.316169808341962719e-03 -9.111238983860884058e-04
-8.819267923731570827e-03 6.634162799571415676e-04
-8.763017732391631398e-03 -7.012492437979397919e-03
-2.871022295267916438e-03 -9.854259994200028488e-03
-5.102368631168646348e-03 -1.127569722310437731e-03
4.178309799869389315e-03 -4.969883567812234323e-03
3.324988615748190358e-03 -1.016404684048544636e-02
-1.081240240468630924e-02 -5.420332128695315617e-03
-2.000630918955202502e-03 -4.995048460692876405e-03
1.049895059492055548e-02 1.019125968364913148e-02
-5.774698777959883997e-03 -5.479100807227112180e-03
8.048789490744093569e-03 -2.640786061798989972e-03
-1.044798373183631821e-02 -4.282388863272480230e-03
1.214648578058273240e-02 4.393532360546258987e-03
4.488749917475122996e-03 5.109412036975890907e-03
2.651431486894556457e-03 -1.078397216169411400e-02
-3.635600084869293133e-03 1.296748720678228594e-03
6.427032381347091983e-03 1.183242188432609421e-02
6.610565867516901735e-03 -2.725056356217870311e-03
1.167522907750885054e-02 -8.979825568726139406e-03
-7.920074358099901332e-03 7.988625630834489746e-03
-8.003287902655130751e-03 -7.514233925014912260e-03
8.892757314144458108e-03 -8.210515275739163968e-03
-5.320091021931957001e-03 4.582509324290562520e-03
-1.185809103693467870e-02 -6.688260281769125085e-03
-4.589814376065994538e-03 1.047556774283753614e-02
3.322254788274981059e-03 8.158355827725543435e-03
5.559999583328058097e-03 5.896551580793408034e-03
-7.532164443259397116e-03 1.039924764069480312e-02
8.366303618776748871e-03 -2.006985386741423367e-03
-5.557759297937727881e-04 -7.496160699622290632e-03
-8.475700842761592357e-03 -4.406204861651038217e-03
3.551477260270522081e-03 -2.264833376102979440e-03
-1.898598951006403223e-03 -8.246822813765616531e-03
1.152495684365742283e-02 9.402810501572635149e-03
1.445162863103707784e-02 2.713998077444691737e-03
-4.760284927409820857e-03 -2.023081618019789783e-03
1.106309821432383336e-02 3.469214610792680301e-03
2.621220980711427492e-03 7.924012364379296944e-03
6.228809307097675279e-04 3.725898671316687626e-03
-8.978174894803125916e-03 5.533060477662266746e-03
7.517546356211730202e-03 -8.286530067288265522e-03
-2.541908501885805759e-03 4.282452514699267541e-03
4.157233239483153556e-03 -1.068372341948767290e-02
3.131203334779335268e-03 1.394247124223544319e-02
-1.164052646478341141e-02 9.329066511457554268e-04
-7.847981083511795103e-03 -1.250875129431913875e-02
