-1.619294707559243473e-03 1.774227902516840524e-03
-2.499846682939934218e-03 4.690497474873614459e-03
-2.024317951553421431e-03 3.900472163973926548e-04
-2.089394980936672662e-03 -6.844298986283236901e-03
-2.477717890999906608e-03 -5.603651849697582552e-03
4.876436532446137145e-03 -1.078982700255310713e-02
-9.712064093672809163e-04 -5.538574820312485141e-04
-5.028591613645718231e-03 -4.741652284085298534e-03
-1.127065642244289663e-03 9.860546674594016479e-05
3.814256847302450668e-04 -1.430050748914353867e-02
-1.101964033548826459e-02 -5.069272815351649579e-03
-1.271553948736058731e-02 -3.359323673804454936e-03
-9.361644271566358505e-03 -3.155886013887383539e-03
6.640861326367526393e-03 1.264500234858698460e-03
-1.973387029965446848e-04 9.102804921357041806e-03
8.626477921556924972e-03 -2.813161685520942749e-03
-2.062891538411418604e-03 -1.465450369342933580e-02
1.866095564828237040e-04 5.378213167347432530e-03
-5.056021094089022117e-03 7.114537981915215574e-03
-1.733802239820019962e-03 5.333285084560939956e-03
8.707457016456372767e-03 -2.649383071275596482e-04
-1.448539273929220356e-02 -2.494673763938600949e-03
-4.129742767510251799e-04 9.588807260240657989e-04
9.688116041178178144e-05 -2.137899445894786334e-03
5.025941269394650600e-03 5.522672754799276204e-03
-9.118579217368574449e-03 -6.868152084554920121e-03
-7.529204913605917759e-04 6.809046242586389366e-03
-9.379398412918658196e-03 9.622207928108693006e-03
2.830915826873241573e-03 -4.151616020439151573e-03
4.311051635485278755e-03 -2.648553151472339984e-03
-1.236246932099284088e-02 -1.757655338091703399e-03
1.788405661697518249e-03 -6.331793204868220969e-03
-2.307393708545694803e-04 3.853149275947760459e-03
-2.377388117920950159e-03 -1.211621119312856001e-03
-3.604113034335255927e-03 1.316284046988768809e-02
9.856523681133523562e-03 6.992431074011439679e-04
-6.060755940820134607e-03 1.266796106032166795e-02
-9.571564196924098626e-04 2.851990811388269934e-03
9.525326767694408669e-03 1.151729785881366180e-02
-1.248665219234348228e-02 8.794981679554727053e-04
9.051553727471916416e-03 2.761772534912890469e-03
1.168629305935835715e-03 7.326549511179056458e-03
-6.916520828978631186e-03 -1.036297002312320734e-02
-2.598629582013150651e-03 -1.278297459290938382e-02
1.844793464281339239e-03 -4.041693841651230329e-03
8.522263219667628245e-03 -1.909559343726785984e-04
-1.241014868601613037e-02 -7.948190432337728928e-03
-6.783900778101414290e-04 2.031870232547672815e-03
3.508240408438222080e-04 3.445410067418622647e-03
-8.161775971690449910e-03 7.224861882735065556e-03
1.294451413525836078e-02 4.052209840257707356e-03
9.487085097765928302e-03 -8.987992235463657456e-03
-1.001346241410672189e-02 7.994688480490428489e-03
1.036158019212879249e-02 2.955448984987313777e-03
-1.094811543786476660e-02 -6.425537603171332587e-03
-5.359518909466155778e-03 -4.461443864157426872e-03
-8.239842198103804888e-03 6.933126418636863415e-03
-1.498385238367406710e-02 5.894766482027560296e-04
-7.382403476626760684e-03 2.366138910154269928e-03
-1.134352580689134034e-02 5.484198425938562223e-03
2.190508030739720096e-03 -5.193947242287875500e-03
2.264528667159189032e-03 -7.564274273493124152e-03
8.398924520714881256e-03 -1.694228005139794503e-04
1.120471426350368345e-02 -9.134918939077517688e-03
-7.477911898355601994e-03 8.322722365650557855e-03
-3.890945542981523279e-03 -9.783591722881899641e-03
1.104309145844300111e-03 -4.580380541021723297e-03
-4.741349090310581667e-03 1.408903060706436991e-02
1.324398976404506361e-03 -3.165451236869647710e-03
-7.519179975086174965e-03 4.822355974166667864e-03
-4.507739455434219174e-03 1.080959101408471724e-03
-5.749146861623513974e-03 6.898438204109985650e-03
-5.683353983301819672e-03 6.370846562217831639e-03
-2.356894841361488729e-03 3.650441246867512472e-03
4.952364744088455679e-03 -1.811825550442166437e-03
8.623304010914411774e-03 -7.316433915763581944e-03
2.386643142562168592e-03 5.002268952514735308e-03
-8.496977132599657992e-03 -1.124001650539235841e-02
4.898101611047299755e-03 -8.061558547702914190e-03
7.801858705046264483e-03 -1.056590542538572361e-02
6.721609495070278960e-04 5.222851210987831082e-03
-1.340865154055356041e-03 1.416508046872922127e-03
4.467244041040709449e-03 2.626245246459098172e-05
1.019856091976768624e-03 -1.206092763215523868e-02
-2.149540679127431506e-03 4.154061357116149711e-03
1.434098737739658179e-03 -2.002842476817610906e-03
-8.967161723779062260e-03 -9.698129439366572416e-03
5.488610175312159424e-03 1.110509369355052768e-02
-7.571597818419125228e-03 -8.390470583755020150e-04
-9.548426815035510051e-03 -3.273178885301895012e-03
1.116795247231539001e-02 3.737691332233295579e-03
