6.551132930297625702e-03 -6.251612378384879994e-03
-5.993571296590310959e-03 -1.090353626639913726e-02
-3.323815391098496400e-03 -1.284064839663042260e-02
-7.472110568375137443e-03 2.215302158621471583e-03
-4.495809116130639743e-03 -1.082163113358277848e-02
-4.407805026393755987e-03 -6.570483608479637562e-03
1.314256375378762727e-02 5.806291241198547129e-03
3.804644810989647220e-03 6.978157196726024816e-03
-8.972523093091318768e-04 2.914417496514524900e-04
2.362412090325525203e-03 1.851758384747971553e-03
-3.807295155241856299e-03 -6.197136726010686256e-03
-3.797747585655515158e-03 6.081703155830497746e-03
1.377567602438280366e-02 4.118343122084431110e-03
-7.598177166947229708e-04 -6.250814109970134064e-03
2.820186680359739601e-03 1.032940206826782684e-02
-1.196274676550330117e-02 1.188566289455919578e-03
-2.297335060942273972e-03 5.382587817932658544e-03
2.360687783991366820e-03 -1.413206703391104661e-03
-3.583708548721660568e-04 -3.962739428207381941e-05
-1.176368375618511023e-03 -4.649273543760952163e-04
1.029587363090399450e-02 3.287093880077961508e-03
-6.980679771473788549e-03 -6.771270924143138123e-03
-3.916501998996853307e-03 -4.200120485396123364e-03
8.307734460966833059e-03 -3.211159934675182626e-03
1.165023003133703987e-02 -7.194591038894109468e-03
2.734832934875064923e-03 5.297234072449344758e-03
-2.564923712323185015e-03 -2.543848727807015205e-03
-1.080930545023956434e-02 4.636692321410862752e-03
-4.551466345430853731e-03 5.579798751424538440e-03
-2.152875473490429431e-03 5.432561050208311064e-04
-2.314163164375161209e-03 1.411469620107546133e-02
6.093869418293007025e-04 -6.015700088529196687e-03
4.112499704180085699e-04 -4.223845814164502686e-03
-8.641326179647903713e-03 -7.903637254892065603e-03
1.157017697435357715e-03 -1.378879997613668279e-03
-7.214069486580567542e-03 -2.137101177480039537e-03
4.129742767510251799e-04 -9.588807260240657989e-04
1.091573418023904750e-02 5.504248114536676798e-03
9.931403819112444645e-03 -2.501443219768286364e-03
3.049329514384596044e-03 -8.145648501667135041e-03
-1.108219479012511298e-02 -1.727703282900635781e-03
-6.720914383346200845e-03 -7.858709172104213006e-03
1.085317972560220084e-02 8.845817646987689728e-03
8.112247833807749789e-03 -2.200326131025828053e-03
7.369928719457575529e-03 1.484638228702850858e-03
2.646701075634877269e-03 1.240302275319296599e-02
8.576249150270581116e-04 6.692910522071351259e-05
-9.651074524492570840e-04 5.195052223531783711e-03
8.576249150265793930e-03 6.692910522100754822e-04
-5.119246047634811066e-03 -8.211779338473102624e-03
-1.264372465352892223e-03 -4.716074879479456930e-03
3.595235963658997228e-03 -6.773793498890902723e-03
6.377519556068318024e-03 7.178944512388384797e-03
1.983764519351936297e-03 4.014309197328046024e-03
-1.232376796462903747e-02 1.929959365888042275e-03
3.146082905293073276e-03 1.073388258284842288e-03
3.720217103424384129e-03 -2.099996357945729288e-03
8.631650840558259541e-03 6.981733578897645481e-03
-9.153033692649314296e-03 3.285114034735834437e-03
1.096503691361076609e-02 6.067780935658930591e-03
-2.846817892386935365e-03 8.837738844726179127e-03
-1.106642049411358034e-02 4.943110098657740523e-03
-1.641295729993464412e-03 7.114410212410550785e-04
-3.101154822506580703e-03 -2.993800054587685954e-03
-2.625753860623372248e-03 4.062685892782856231e-03
6.824150039693986126e-04 -1.124415297992080150e-03
-6.359094915805718617e-03 -1.289151601543987464e-03
-4.094362254308083100e-03 -4.610444417894719697e-03
-5.037468684323118812e-03 1.647394686912849026e-03
-7.291599968811698571e-03 1.844605620404729789e-03
-1.008726305198809348e-02 3.153906168546616057e-03
-2.279580919589975583e-03 -7.395506124063417133e-03
-4.313701979737487834e-03 3.429573622187678545e-03
1.264372465352892223e-03 4.716074879479456930e-03
-1.178833512286038901e-02 -4.931039954323635649e-03
-1.164227899858019319e-02 4.851529626750596125e-03
1.028274967914717501e-02 -4.164739972195971064e-03
-2.833629473913013702e-04 -1.459724992729941051e-02
-7.424532141335074900e-03 -4.861301083955689786e-04
1.011632072064101804e-03 7.506437274151431943e-03
1.147858026326285807e-02 7.923347987666320546e-04
-1.044244184739134829e-02 1.049678320562357457e-02
-6.397190712871974640e-03 -5.067103952928848562e-03
-9.543439471678179936e-03 -5.047315075505428433e-04
-7.076317568026931201e-04 -1.067213210017219256e-02
1.024399432778760888e-02 4.961023135947401075e-03
-7.720802354871760149e-03 9.506597855158853763e-03
-5.774153471297278732e-03 1.383518916401002725e-02
7.152432140994076024e-03 -5.537484832835254389e-03
1.428396979113058171e-03 -2.402854731147568978e-03
4.402097513114993851e-03 -4.719332805538439465e-03
1.406512578254914174e-03 9.496172811150935256e-03
-2.449045739369170877e-04 -1.071160498037678800e-02
1.192718163871109120e-02 2.388168692641937270e-03
-1.454910989690011598e-02 1.987354480361823873e-03
3.871345799226078542e-03 6.465075972112215193e-03
-2.885906544955029168e-03 -4.979116031331610494e-03
4.032220119041507976e-03 -1.357135008589055881e-03
5.081197829189084553e-03 -1.087640073249411012e-02
1.332256888584672921e-02 5.033466206974237584e-05
-7.780369606124530428e-04 3.063605774320967649e-03
5.469622928536531890e-03 -8.517335127954514182e-03
4.390115989265097780e-03 6.834718027653810708e-03
8.631908204713772612e-04 9.720936231046646558e-03
8.447004428741385421e-03 6.097282922409533613e-04
-5.660904637349647040e-04 1.129643651193736921e-02
-1.671455823514879195e-03 3.045660616503471484e-03
1.031289589388584629e-02 7.209411438538183836e-03
1.008801395374607328e-02 -1.008767228870284874e-02
-3.792924901279624535e-04 1.676770901888300323e-03
4.308819386675045472e-03 -8.874341077842263018e-03
-7.489295186676876194e-03 1.269656622173895300e-02
6.885966127852094672e-03 8.530005435062456773e-03
-8.366266733754040841e-03 5.121189426720125330e-03
-6.824062597888532833e-04 -1.292325082498749916e-02
5.200683931935207172e-03 5.792700634960530354e-04
-2.957048840900618984e-03 2.555845825223003378e-03
2.988014240945957405e-03 1.741511480987000069e-03
-1.226598177969914598e-02 8.488313258089730945e-03
2.800549309055345819e-03 -9.411005792748972434e-03
-7.706676374219940603e-03 -7.423347339089560529e-03
5.158208411373102313e-03 8.880437613086043444e-03
-6.616905462458867390e-03 1.147059319593173726e-02
1.072182408133274222e-03 -5.971596630916734677e-03
-2.743243980798949246e-03 -1.015712376398440406e-02
1.146050871680144578e-02 -8.899068250341604647e-03
-9.642124825232009915e-05 6.079834555460651539e-03
-6.020831130291141517e-03 -2.629578124442809393e-03
-1.705686487043168260e-03 5.012671724292456533e-03
-6.011158268678880312e-03 -1.329056595292921888e-02
4.000213649759428412e-03 1.379863279574042659e-02
