1.481189616035894115e-03 -1.389985889573458651e-02
7.351504079194976123e-03 -4.405154682141546041e-03
6.094028839173712755e-03 3.938630790935739034e-03
-7.898336566387428870e-03 7.079285238219728930e-03
1.440508414329963200e-03 1.861433723838977483e-03
-1.551439564419118374e-03 -3.129382571363490372e-03
1.234497071864965219e-02 -8.178123131605966392e-03
9.868977133981403360e-03 -1.051680989316425459e-02
8.124573517150965665e-03 -2.059442925745604176e-03
2.594875767514253501e-03 1.263574196939286874e-03
-1.822732367476315087e-03 5.128123118311070198e-03
2.201252168945239639e-03 4.066262274954476896e-03
-4.231796846922491681e-03 1.931811441726865881e-03
2.516547016868375241e-03 -2.065669652168293340e-03
1.612269712721807729e-03 -3.477152049226600074e-03
-7.543414324181076103e-03 5.889824562234310425e-04
-4.887804526491393818e-04 8.205552612049270278e-03
4.165506589226463871e-04 -5.785886755592677469e-03
-2.400315178274582684e-03 1.771577558264631012e-03
2.694407272172316052e-04 -1.655345719666536774e-04
8.654577900910530308e-03 3.998534901319017454e-03
2.235706644225979485e-03 -6.087003844336277662e-03
3.256088017463035656e-03 6.387322664665131058e-03
-3.055428471303980875e-03 2.396738796102961151e-03
7.697549250723927441e-03 -4.506410493139696369e-03
-1.655345719670838238e-03 -2.694407272178244144e-03
-9.956853454212480012e-03 -5.091273837785870518e-03
6.160957944395787159e-03 3.081005875909822913e-03
-4.093691755397782517e-03 1.405744243494575288e-02
-4.739800208246475362e-03 -3.063379504060827555e-03
4.818927227305958537e-03 1.370357400016211820e-02
1.666745365093499995e-03 6.881276036313101370e-03
8.976897743673602909e-03 -4.304728790942135425e-04
-9.582708303329922489e-03 1.619166938055939357e-03
-3.394448647995495800e-03 4.200918753810870161e-03
-6.066727128236215974e-03 -4.437884851089269819e-03
8.804210407362348528e-03 8.954098452824637774e-03
-1.332055177860216183e-02 5.140321032149620419e-03
-5.550772734152881541e-03 -1.785755317445308953e-03
2.322784696043451221e-03 2.210129239620137447e-03
7.903637254892065603e-03 -8.641326179647903713e-03
-9.542953139543404462e-03 -1.009614012266435087e-02
9.227913830628235378e-03 -6.485800361905265203e-03
-9.807348717265107138e-03 1.122122591956787457e-02
2.879164752823604699e-03 1.181483856538428218e-02
1.087530851754222802e-02 -1.448331677583506415e-03
9.860546674594016479e-05 1.127065642244289663e-03
4.448358458595022547e-03 2.166127194751696003e-03
6.467375721642664062e-03 3.338120919783838913e-03
-2.490969612262533637e-03 -1.698549496124532885e-03
5.836522175128830946e-03 -9.764346432657663305e-03
1.033442838212939681e-03 7.845249287883384118e-03
-2.715757544524283803e-03 -6.357334894367441293e-03
-5.775827328488536779e-05 -5.449052609859449635e-03
8.699081101725466159e-04 -6.077059057705970317e-03
-2.170755806219489079e-03 2.822801983257234096e-03
8.484923439330660511e-03 -8.313626473546253601e-03
-3.320917943235289840e-03 3.151705681969656832e-03
-4.554971672192088122e-03 -6.282870148729162961e-03
-5.041745076122787148e-03 -1.454557836983839426e-03
7.405357307085993785e-04 -4.861123455736765346e-03
7.724603203915561545e-03 -5.507379763996282651e-03
-9.853341966271625049e-03 -3.794093447926948255e-03
-8.156752965514600315e-03 -5.143644797987667432e-03
-1.725049705952452946e-03 -2.310095010846364028e-03
-1.347308038112673793e-03 -1.074376540704528871e-02
-9.173822423009138013e-03 6.154361055182792049e-03
5.491759291767548193e-03 1.383429719081359990e-02
-2.246262504552461181e-03 7.549771874930843313e-03
9.896266732487094334e-03 -6.851177600048286628e-04
-1.472419100792701947e-02 1.479565185789993810e-03
-1.296853956805342663e-02 -7.373593894403162978e-03
9.584363054734666709e-03 -9.621133963881700613e-03
-1.275715260197136589e-03 1.233749107101078310e-02
2.033067195453118481e-03 1.341615256313761183e-02
-9.423905116634953213e-03 -4.902694150582569826e-03
-9.944388706564253472e-03 -6.717255727049523985e-03
1.418688584235893758e-02 -3.768228891927520759e-03
-2.487762105078587457e-03 1.246668660174506810e-02
1.161936639133311755e-04 -1.333757007522469971e-02
-3.090488891915695556e-03 -6.537937013207247537e-04
-7.103913913208668302e-03 -9.035764397470669174e-03
-8.954649459702514191e-03 5.646102928463434239e-05
-1.095827642625483295e-02 5.127268862356486930e-04
-8.723270142588371648e-03 3.690275325873938750e-03
-5.461002970742664595e-03 2.824917775318735243e-04
-1.191726223220693041e-02 2.816567053058412554e-03
-1.795846510548502377e-03 1.082071033939546040e-02
1.231179560258844740e-03 -7.780210560700481781e-03
4.889051307760439689e-03 -1.412197928327350556e-03
-8.321794406830751792e-03 5.157504898709208002e-03
-1.033221143073723191e-03 1.448573598022618800e-02
-5.917956370404296902e-03 -4.794998301069071552e-03
-9.142363862559586829e-03 -2.734702343546855340e-03
1.499289260815472955e-03 -6.127950238480429045e-03
5.266651662880632127e-03 3.409748335361679605e-03
-2.993450119161474455e-03 -1.042837199616853186e-02
-2.937212189124188341e-03 3.340480945494402228e-03
-9.643655534372110039e-03 -5.737305313630054922e-03
-5.604240412165653086e-03 -1.034030149858024663e-03
7.720793142817767261e-03 -1.132686266255599795e-02
