2.374737773668740212e-03 1.992641590028194996e-03
-4.865707385931274283e-03 -3.691191086152727664e-03
-9.166285413911940891e-03 7.190216388308884321e-03
-1.950363851493911718e-03 1.235346448081235757e-03
-2.599378187603925295e-03 7.609417391483739787e-03
3.733468824689513605e-04 -6.005098711518997963e-04
-6.849599674787874501e-03 3.651435922364847445e-03
-2.262880585660173235e-03 -4.770678301356954566e-03
4.619193719066314041e-03 8.735269805407522292e-04
-4.402759876896649273e-04 1.458134786178957908e-03
1.289790216276148933e-02 -5.103343982119975392e-03
3.432670577720774510e-04 1.203670086556280980e-02
-5.763885733159598845e-03 6.462362223544999493e-04
-5.666876803243371501e-03 -1.284859942938841072e-02
1.236154328307343016e-02 5.803640896944977159e-03
-8.816663860211369774e-03 2.261954547742122974e-03
-2.040890515978558556e-03 -1.359171681215469267e-02
-9.090607007519634769e-03 1.130048070813065991e-02
5.119373817138115831e-03 -3.145156867373662124e-03
2.762262415318369677e-03 -6.558956193551169350e-03
5.456541917992167173e-03 3.142634292626117400e-03
1.800731345042094148e-03 -6.190909999586855644e-03
1.054708079014492553e-03 1.367799659555741718e-02
-6.138158653546819422e-03 5.292731652358312507e-03
4.893935134789325833e-03 -8.540485328554369045e-04
4.320726974576283817e-03 -1.726649475476777764e-03
2.720910714694410094e-04 -9.465550426819924548e-04
-1.201735018738079967e-02 2.187074409763200590e-03
-1.356878975179447340e-03 -9.423081615957216040e-05
-4.236969765922464493e-03 -7.863083822690582203e-03
1.145461563467351125e-02 5.173178970603369009e-03
2.518143553693787248e-04 1.255623164181297879e-03
6.005098711518997963e-04 3.733468824689513605e-04
-7.402658888404158727e-03 1.193359297872697948e-02
1.616644363307034177e-03 -9.932074318015017469e-04
-2.575397319827795427e-03 -1.077670305079628590e-02
-1.029386213417761084e-03 5.271656667843502286e-03
-7.281413551694965354e-04 -4.266123552698786181e-03
7.669704810379651683e-04 -3.403197949167089710e-03
2.975247644820639900e-03 2.365988472497146302e-03
2.815360921605866533e-03 -1.209604578245820905e-02
4.112305632104481731e-03 -2.770891058030569218e-03
-1.523351538814273626e-03 1.231311533666299557e-02
8.140282844602605289e-03 -8.092984966536466429e-03
-7.012585814245809665e-04 6.046244490698272911e-03
1.664499934662668065e-03 -1.317185021829042103e-02
-6.278610088614383633e-03 6.939447534898735177e-03
3.934127531920079100e-03 -9.394833276578870053e-04
-5.740422777475279702e-03 3.264265193867463451e-03
1.276798929047239526e-03 -9.013872035366698315e-03
-1.050255204529649579e-02 1.000067966411621705e-02
2.385494345325687472e-03 1.461320445911550026e-02
-9.409043198853678930e-03 9.720991206478872201e-03
-4.629882532048499102e-03 1.294749260361131860e-02
4.686378661000906512e-03 2.008870276072289435e-03
1.212874133531075156e-02 8.740431989842025948e-03
-1.024315098331463406e-02 -9.680116995274859817e-03
8.811070394579645707e-03 2.436373166544805215e-03
-7.485749064429299444e-03 2.022363055454477927e-03
-4.069079929189267815e-03 4.361754484633969045e-03
3.115833681158745438e-03 7.322769302337268742e-03
-9.984499878678472842e-03 -3.214349312590778808e-03
3.975260777124229976e-03 1.018074812465610650e-02
7.079554296146190959e-03 -9.166697662104549699e-03
-1.012919421325291294e-02 -2.857307028593312950e-03
-4.941586452596206588e-03 8.800241515376882109e-03
-2.168866236822646759e-03 1.393804608725411273e-02
4.345720543643565026e-03 7.207415634505206191e-03
4.431794012397239670e-03 7.461478712014727246e-03
-1.552386194136733165e-03 -1.273982027191558619e-02
1.638134943210992674e-03 4.831185587093493605e-03
8.906056411956951926e-03 -1.042843395359886911e-02
3.645954015651971334e-03 1.068982514475038705e-02
9.436906376605949665e-03 7.692975932193418277e-03
1.287117534282564667e-02 -5.298772065884644299e-04
7.244620809375209441e-03 1.822026643863552346e-03
1.280619338290149567e-02 -4.939004232117245874e-03
-2.908825766104392030e-04 5.509421568813475077e-03
-1.278946248716391135e-02 -5.187779138561054125e-03
9.025016848461769881e-03 1.861333427529400508e-03
-5.324322385173556500e-03 1.251961301513356169e-02
5.104753111284966987e-04 3.132307598658473895e-03
-9.022541676097941762e-03 2.340547356527581443e-03
-1.110134417811746259e-02 1.141537268552830124e-03
-3.695989477904513924e-03 1.625773673062272861e-03
-1.020250263055772974e-02 8.602518624607534067e-03
7.674514260806071519e-04 1.482446475458437662e-02
1.306837540673037173e-02 -1.307064957512498902e-03
9.916862021846526570e-03 -4.312223849949843590e-03
-5.175381846536668620e-03 4.468890349286966206e-03
4.872023446868584302e-03 6.125199773282814959e-03
