5.901192556268200322e-03 4.168444123870896495e-03
4.431658124665439208e-03 -4.587006279522646592e-04
-6.995783568573877426e-03 5.225802547137598127e-03
3.986209217975801578e-03 -8.795461106190753317e-03
6.480882981919625562e-04 -2.328085384548089255e-03
4.601439577714015218e-03 1.365162092253682791e-02
1.916164915219779885e-03 -1.379595274048400766e-02
-9.103730959277595708e-03 3.848646855858089098e-03
4.345378341262714703e-03 -1.444883064916331096e-03
-1.183936216256626685e-02 -8.759537863584965223e-03
1.979389868765567967e-03 1.530364579904309238e-03
2.298133329357021203e-03 1.928362829059690779e-03
-4.691295743288361256e-03 -9.810797329932282457e-03
1.060137700905662561e-05 -3.124081882858852771e-03
-4.996915252120491362e-03 -2.756961726813950651e-03
-1.462381667260879807e-03 -1.428115681096152681e-02
-7.105149833230039493e-04 -5.687281288847879403e-03
1.200330019770456773e-02 -5.592922703183862004e-03
-8.006489602718566342e-03 -6.326620285867106709e-03
-7.706298551895520918e-03 -4.614787417091389607e-04
1.351511236784297409e-02 -2.105169276947062990e-03
5.691655939433105417e-03 1.773429634102093727e-03
1.790129968031677066e-03 -3.066828116729145189e-03
5.171326894764545837e-03 -3.362644516966965466e-03
3.952553011108447638e-03 8.668755660091207599e-03
1.240474705952712350e-02 6.182640125041985110e-04
5.817563117117904338e-03 2.401241216193993836e-03
3.178174226720412165e-04 4.443983808008655084e-03
3.521441284494775982e-04 5.647653894564663539e-03
4.701002733774285389e-04 8.618526888800076557e-03
1.856931303747944365e-03 7.432483174091921579e-03
-7.525787952333223493e-03 -8.321752799245207312e-04
-2.596727843351715782e-03 6.828396920768401226e-03
4.349752991852461189e-04 1.039061552517197824e-04
-7.537187597753382479e-04 -5.019044044059596315e-04
-1.178143789752625695e-02 8.128820398232887781e-03
-1.546138875915841230e-03 -4.691423512792807470e-03
5.052316942414097553e-03 9.069404253500159760e-03
-2.071896378592123517e-03 3.091479483415575207e-03
-6.840722604111616235e-03 -2.737611048631938791e-03
2.970446855633422038e-03 -1.271138350093036287e-02
-7.680716954517217629e-03 -9.479777477240936001e-03
-6.947519574723113808e-03 -1.009680798792843975e-02
-9.431673367522106291e-03 5.932435171190528558e-03
-7.979762846323737056e-04 5.394036610820956805e-03
-6.946490798795204938e-03 -1.135176273419032317e-03
-7.029903019288667558e-03 -8.477448161134071639e-03
-3.594801546584894866e-04 -7.071442956315719154e-03
-1.289868966553397870e-03 -7.197218233562587041e-04
4.295692472832691663e-03 -2.732007199190825564e-03
-8.162914298002525715e-03 1.200881055074434420e-02
1.184022427129438441e-02 -7.706274717019891314e-03
9.144448903667098949e-03 -7.144325345942485576e-03
3.464003378373124720e-03 -1.007353336679740925e-02
-1.031689564627430661e-03 3.941917250048009719e-03
7.701925028216305251e-03 4.871327397208445771e-03
-1.319797626231123538e-02 1.189263564058928770e-03
-5.726042203374567818e-03 1.244234242912814654e-02
9.914536415961922727e-03 7.536767433660971488e-03
3.295950994507268819e-03 -1.022918669285692757e-02
-2.514865990777738632e-04 1.304223351132215679e-02
7.420163840123290833e-03 -2.304025335580550671e-03
2.354804934143772590e-03 -1.422611144470186349e-02
-3.341204594588500359e-03 1.199366573898445580e-02
1.641948461165787477e-03 -8.802211632263095067e-03
-2.750930959999406747e-03 6.881872666548018852e-03
-6.752218958842396042e-03 3.148614026066510595e-03
-1.176713129889434342e-02 2.779518550940236494e-03
5.233581328236877953e-03 4.265600123031201146e-03
1.467015511852283807e-02 -2.420210933965858107e-03
1.010214134558797862e-02 9.024483700178076787e-03
-1.013679222574856301e-03 -1.330408336371393871e-02
-9.396327220583500575e-03 8.082808877507629414e-03
-1.117460516334128733e-02 -7.791807279492113034e-03
-2.375820883499870327e-03 -9.411040708729926166e-03
-1.078033770205865521e-02 8.171475885970575642e-03
7.208176371581635419e-03 -3.019837382348357878e-03
4.442761512917547994e-04 -1.393992704893387904e-02
-6.202709391774962125e-03 7.857610923402104028e-03
-5.714134928359243699e-03 5.255827939858420499e-03
-8.864079221107528522e-03 3.248388528712997485e-03
-6.273342190202898898e-03 -2.147680371612129858e-03
-6.872883324916381764e-03 -8.450439250513761338e-03
1.155255796821176226e-02 -5.306385184239060041e-03
6.571907348288323625e-03 1.316885281815183967e-02
-4.222138674485567504e-03 -6.745707129867002660e-03
1.832394540231368748e-03 9.699699949364088206e-03
1.384133841908928748e-02 1.134816387871580203e-03
8.350329723366198623e-03 -1.574328921989941697e-03
1.107106588314568305e-02 7.084675702403833361e-03
6.225357869711851087e-03 4.698675135078570105e-03
