7.480061601131984990e-03 -4.558363570764984926e-03
3.489940751528840431e-03 -2.698398614251759989e-04
-1.169456732565926985e-02 -4.264926150076555830e-03
-4.883333757780269208e-03 -2.270033350003415433e-03
1.480471058068329356e-03 1.083700629538568785e-02
-2.107947390703147125e-03 -1.377155691280190341e-03
7.317975641831715380e-03 1.702125878295474189e-03
-1.135024646046390792e-02 -7.631147049214461950e-03
-5.029389882060465028e-03 -1.205260293107764807e-02
-2.160363487287461463e-03 8.633247377389598231e-04
7.770114293905000871e-03 2.407867076824627122e-03
2.628787513388216972e-04 -3.891451498103620180e-03
-1.439119357451525399e-03 -7.930412062119456679e-03
-1.173718031364369896e-03 -1.245947825090972612e-03
7.017656821500493653e-04 7.193920539979021915e-04
-5.164174130423586969e-04 -6.291367542167536960e-04
1.203093715809914858e-02 3.241766663083305369e-03
3.401808892288653210e-03 6.835948819318445231e-03
3.513666080297219319e-03 4.057912107989685227e-03
-1.203266146443273538e-02 -6.506731751223062896e-03
2.548834990846389568e-03 -1.313357120950742890e-02
-5.212446729833543997e-04 1.272694059881018108e-02
4.078607898456139934e-03 5.314930175299104921e-03
1.097455916047677948e-02 1.014436714437740895e-02
1.080335662602208971e-03 1.342751755174379641e-02
-2.726891917714825090e-03 -3.098463683258599524e-03
7.681373302781261021e-03 -1.916731289093681146e-03
3.422232866518366487e-03 -6.302572424778972622e-03
-1.310871447229721223e-02 -8.876391690110786411e-04
-9.343125896646131343e-03 -1.587836779442908892e-03
-3.714279984043564100e-03 -8.640531655158838545e-03
-2.183052221128035583e-03 -1.455730712058216254e-02
-2.000921555844584893e-03 -1.178873432048195037e-02
-6.603883167194340466e-03 -1.093215390057212036e-02
-1.030146515039236446e-02 3.207220972874366780e-03
-6.742646860199794784e-03 4.363091347355700124e-03
-7.908951815698722111e-04 1.213835936842969261e-02
6.401123217620430890e-04 1.091962052381663731e-02
-6.850649634363427561e-03 3.403325149817745462e-03
-4.277286253442458795e-03 6.541811636482938210e-03
-1.563435665908167972e-03 5.875155790696357308e-03
-2.642755083226665247e-03 -2.372927330737402245e-03
4.182520821599011382e-03 -9.104427181248993250e-03
-4.640556179910142014e-03 -1.341604203771573633e-02
8.877710788062148986e-03 -2.435619330852474736e-03
-9.732923187333476084e-03 -1.120943184827032047e-03
6.527014548701188905e-04 2.428653667774931940e-03
-2.321818379850010836e-04 5.974973111942115042e-03
-1.445021827312351417e-02 -1.580118177368032518e-03
9.923704074117051244e-03 3.019869671484783687e-03
-6.392458440160145479e-03 -1.629859593160832079e-03
4.301091361516446712e-04 4.933122101920445028e-03
5.339532196123453339e-07 1.371212515411632769e-02
5.231862973185184666e-03 9.008354486495112959e-03
-1.079669588194166231e-03 1.094201464461341637e-02
-5.813360434404832473e-03 2.087607963438430168e-03
-9.513681774613631445e-03 -5.295578433525077006e-05
-4.608263282015244953e-03 1.288654607435708909e-03
-9.816720829631692471e-03 4.000665203988296344e-03
9.307227834671921371e-03 4.304564628693273096e-03
1.264323113297998076e-02 -4.158317945926272123e-03
1.948364915922712196e-03 1.295441103900106181e-02
-1.395335870296257434e-02 -6.336566051434838450e-04
1.014542543977362855e-02 -3.785118819555340335e-03
-1.064078004789109112e-02 -2.258569962129136546e-03
7.941566876248504908e-03 1.248263842046193860e-02
-6.991314941253878000e-03 -1.177094396311693068e-02
-9.888556323835541451e-03 -3.796539720052203443e-03
9.155027599261003277e-03 2.577923023657512341e-03
4.946840144709702645e-03 1.090941329196157966e-02
-4.520354895962387480e-03 1.308293565003217085e-02
