3.357471597965060606e-03 -4.623568369653362382e-03
-3.891052363896247215e-03 3.392596572157352639e-03
-1.271957888849123593e-02 3.490675135191364555e-03
-7.710337953026167798e-03 6.388520067286680530e-03
6.854309574829393556e-03 8.166452121479126497e-03
-2.407212403608143154e-03 -1.128828279429257286e-02
-4.318411879778435297e-03 -8.388314421656975842e-03
-5.518170334709603976e-03 -3.847050319028376495e-03
3.717566759172745774e-03 -1.318975887231070739e-03
1.235809467040261105e-03 -7.262892793329566929e-05
4.072105692867909656e-04 2.626152994831996816e-03
5.903715131018686269e-04 1.474435985900596473e-03
-4.521514290239786113e-03 4.299524220556809675e-03
-4.568038909856561580e-03 -8.401965277126867415e-03
-4.093563985893335436e-03 2.700506229097628975e-03
-1.901859386538738619e-04 -5.512071377795006548e-04
1.237445975488033444e-02 -7.435404883047629435e-03
-4.090450622681310842e-03 -1.035070210430948622e-04
-6.586720923449624829e-03 -2.400155757380922905e-04
-3.326593504855370701e-03 -7.026917200694609515e-04
8.087852006132229899e-04 -2.519596495327387428e-03
-3.218312699018424823e-03 1.346277598170390714e-03
8.008341678563757685e-04 -1.765350831838735429e-04
8.143461176373951310e-03 1.807357205672727000e-03
1.321626231483960480e-03 2.936546288457977938e-03
-4.938990987081054787e-03 1.413139653500458323e-02
1.130014545867608078e-02 -2.433364189012828319e-04
5.905694976358662716e-03 -4.704547464550307839e-03
4.672408084066736501e-03 5.943997198515092728e-03
6.370239022219488598e-04 2.818989277737509250e-03
6.940126339271731823e-03 1.117562733786925909e-02
1.043595856777061390e-02 -4.036182450258963064e-03
-2.051619662492984377e-04 8.893012765561480201e-05
-1.846457696242762795e-03 8.003711488966698670e-04
-8.511635139841568914e-03 8.588047929897762653e-03
2.287196702892243128e-03 -4.281498714501012944e-03
-6.503091484298537811e-03 1.527187331940632695e-03
8.091204500689443309e-04 6.814346931092169282e-03
2.998046935669036912e-03 1.073972600076596173e-02
7.794893430096665535e-03 -8.667302718461229738e-03
-6.749940400619219502e-03 -1.062442020009089945e-02
-5.967323393075528795e-03 4.000131438147368733e-03
-4.392365979838516385e-03 -9.233613653340137090e-03
6.511840785470131288e-03 3.440701902908203068e-03
-3.385571577324899021e-04 -2.188128217192986753e-04
8.433513869147537048e-03 8.773587853261658603e-03
4.043798233560659885e-03 -1.241046270793137035e-03
-4.820907072649226947e-04 5.745333323392553008e-04
8.304956347209957457e-03 8.926796741885777500e-03
3.867199265624563127e-03 3.636587664274549148e-03
-6.042411011003574056e-03 -1.349006186694791734e-02
-6.300116843342423376e-03 1.962848955731491887e-04
-1.764552563425834811e-03 -6.973910315636813609e-04
-1.583914194359091823e-03 -1.242502377562718779e-02
1.058731538055601717e-02 4.184346189386413048e-03
-4.712961516267431469e-03 -1.539640784787832048e-03
4.761801230680695433e-03 4.126166385336613868e-03
5.172156814565345533e-04 7.940087401209782597e-03
5.868717926329587546e-03 -5.127197080391658612e-03
-7.465659954326662323e-04 -1.015591646354250394e-02
5.091944336695380935e-03 8.711033398626171972e-03
-4.944962174495202804e-03 -2.974449376405893537e-03
-2.141475828065836275e-03 4.730124869156149443e-03
-1.315707676242402688e-02 -7.189146755190637880e-03
-1.976739524509057587e-04 -2.311385050613719923e-04
1.804978226122655374e-03 7.649970823683864898e-03
3.227062000190018733e-03 3.621611636678444181e-03
3.844112784383941703e-04 -5.747584533436818181e-03
2.688643564714010472e-03 1.929688001185224377e-03
1.072740031742206585e-02 -3.138930140949831513e-03
-4.455766761948735770e-04 3.020175727607813353e-03
-9.490329563007243729e-03 8.354259080583499239e-03
7.716436909945552196e-03 -6.396103617225066401e-04
5.708021023908327329e-03 -4.935685969612359572e-03
3.096317152959827002e-03 2.532848216590014023e-03
5.067420739507820428e-04 -2.927669217781280787e-04
-9.369132285364180704e-03 -2.835817381171076498e-03
-2.335573398346481745e-03 -3.280196654749758297e-04
-4.042073927227072226e-03 4.506011358932893694e-03
6.095417896052721281e-03 -2.130347547345422341e-03
4.257837270486787909e-03 -7.719023369446219481e-03
3.302405157128537189e-03 -1.602067469918873333e-03
-9.336992904879928487e-03 -2.874119603326936220e-03
-1.914185069879013271e-03 -5.652954583070442587e-03
9.571564196918389217e-04 -2.851990811387589489e-03
-1.132366330749498421e-03 1.660646408174795609e-03
2.061196555578400508e-05 7.131765219556266376e-03
-2.220730616631126121e-03 5.446866578901842122e-03
-3.081341125364973205e-03 -3.172985482024449130e-03
-3.113145256394074262e-03 6.199260166551647314e-03
-2.622879628745604028e-04 -9.488477487169889868e-03
-3.670914370051304651e-03 2.663529179069125397e-03
-3.501005147498854018e-03 5.416914523710774504e-03
3.070739748354555688e-03 6.297067364882160019e-03
-2.667105561240175338e-03 1.156091659516626791e-03
-1.499949505754215621e-03 -1.323877441529367534e-03
6.257839104808139881e-03 9.431064300143561334e-04
1.189620096879206220e-03 -3.440174999197415616e-03
-1.950236081986963274e-04 -1.012158975776710716e-03
-5.678867237130864193e-03 -3.655539208249078322e-03
-1.255841896711094863e-02 1.276171244984859211e-03
-8.988760408056434281e-03 -1.733403105612075622e-03
6.921366449555342582e-03 -4.048108999394233951e-03
-9.426386051493889154e-03 -1.056288790148456926e-03
-1.709150873133589727e-03 5.615051495121385974e-03
-1.236293233995129637e-02 2.653374413348237593e-04
-1.459523843057395059e-03 5.628702350590815244e-03
3.855001351785223608e-03 -7.861231746853117319e-03
-3.412075019846993063e-04 5.622076489960400750e-04
1.265298503272874533e-03 6.700893206255031584e-04
9.905570875498633920e-04 2.397664834021692726e-03
-5.307244660996071270e-03 -7.521014167540053356e-03
4.736686845035240068e-03 5.867392754203373285e-03
-9.765070978730605068e-04 1.008183459398287159e-03
-2.184551835014866567e-03 -1.441434452248694341e-03
-1.462143827502624359e-02 -2.021396242597033564e-03
1.839767950859906836e-03 6.830648130814487642e-03
-1.594308091418233236e-03 1.138993773949820501e-02
1.623541588641165372e-03 1.206665292075502147e-02
6.643256131613783401e-04 2.319735217584439468e-03
9.823586032234522813e-03 -6.573405317435344550e-03
-6.222251111657502512e-03 5.548521524107475136e-03
-9.451659858029843632e-04 -6.341069409750601030e-03
3.648913347618444603e-03 -3.726316060343769394e-03
-8.970207998289958518e-03 -7.200546400615123049e-03
1.983301500392339357e-03 6.037301976755934073e-03
-2.961069885639962176e-03 -1.031707638492461096e-02
-6.537753439531123617e-03 -9.010426181035613782e-03
-2.841852453338809814e-03 -2.058245523123374693e-03
-8.893012765493441094e-05 -2.051619662487274968e-04
-1.049228629598169919e-02 1.769725482426488285e-03
1.247731210270819693e-02 7.532541582468521568e-03
-1.190986764995996192e-02 -3.074906918990438082e-03
-2.024780970512447213e-03 2.413039995824599934e-03
6.651334933873278253e-03 9.497354557846610437e-03
3.635198607396792226e-03 2.201779072656488093e-03
6.610446252216072537e-03 4.567767545152492080e-03
-3.381659945691894553e-03 2.318809179665027882e-03
4.764914593892720027e-03 1.322153135195889163e-03
-1.984227538311751377e-03 -1.991316417902661180e-03
-1.043423426143645465e-02 7.301147538398038844e-03
-1.258214429587739720e-02 -3.051580724429541445e-03
3.764809936757087735e-03 -1.335435158066766714e-02
6.828780229278532364e-04 -3.147408077418607526e-03
1.242594981354659851e-02 -5.629899753212364716e-03
3.516779443509244780e-03 1.253898857848961606e-03
1.230971797495438586e-03 -5.335807659305058384e-04
3.315529108885927403e-03 5.849766382354379228e-03
-8.009602965931164262e-03 -3.522607035725701559e-03
-6.385007569866710947e-03 -6.858875879671396877e-03
7.447794451142496393e-03 6.836874857237176806e-03
-7.535128041968507974e-03 7.579864470499473976e-03
-9.877789737924181496e-04 -1.453562151058333460e-02
-2.901756563720155752e-03 5.023035386139038626e-04
5.839101120592309763e-03 5.487020876895164559e-03
5.976535713206147619e-03 -1.055234982725741007e-03
-8.262806378179551187e-03 1.290748138374161504e-03
8.198495965818755789e-04 -7.666671157614127381e-03
2.956359985599014712e-03 -1.500811658920043860e-03
-3.177759266817729421e-03 -3.058078815556870399e-03
-8.577510437639785518e-03 -5.957248919777719323e-03
2.111396003370893167e-03 7.907085867559022346e-03
1.027202053263288201e-02 1.031627811650918415e-02
4.112499704174374122e-04 -4.223845814163821807e-03
5.950495289641850524e-03 4.731976944993612592e-03
1.268340010687690755e-02 3.397625895959634212e-03
-6.337892161787605366e-03 -7.537315367261691705e-03
7.761828011685846431e-04 -4.583014937454622014e-04
-6.078126773659446938e-03 -8.624753615223447467e-03
9.765070978730253787e-03 -1.008183459397968967e-02
-3.913053386330467287e-03 2.329809690881567193e-03
8.512305638751868631e-03 1.007983892294271253e-02
-4.626681732864706964e-03 -5.534583478237656111e-04
-8.832901175180785450e-03 -2.385866054390406617e-03
-8.330996770774826143e-03 -3.139584814165744323e-03
-3.286040072654674866e-03 -5.107048133796722282e-03
3.875150298381981398e-03 1.293526252130355143e-03
-8.118346790727705778e-03 -3.548583574537665826e-03
-7.010631826665426891e-03 -5.490996393274730214e-03
6.004300443104603098e-03 -3.577481822306017960e-03
1.153168309794482677e-02 3.214464952143985393e-03
-4.834494043367004376e-03 3.164922505453655194e-04
3.193996581787716255e-03 7.705899417688718243e-03
-5.035616608484295639e-03 -6.444576430793696326e-03
2.678968225623794275e-03 1.007784325191484701e-03
-7.374814448059226809e-04 4.145916197726568983e-03
-3.700403406283347355e-03 1.920810930509646124e-03
-2.502832276646723298e-03 -3.862425480831963714e-03
4.842780325575357561e-04 6.674389763732936458e-04
-6.385598358330971808e-03 6.521053105602111870e-03
-1.183153889931408409e-02 2.543369301171421321e-04
9.442751135968541210e-03 -5.652826813565316362e-03
-5.479005959385985051e-03 -2.182428394474014797e-03
1.124381773046442476e-02 -2.509793386733077600e-03
3.348594527289591640e-03 1.765478601345246397e-03
7.736122837583285505e-03 1.053814041668817494e-02
2.867429857942719804e-03 -1.705973625169912751e-03
-8.699042964737998401e-03 -4.101115884443380308e-03
3.513666080297219319e-03 4.057912107989685227e-03
8.168910811474557401e-03 9.400074263226202570e-03
8.469692650761865421e-03 1.885286822110660270e-03
8.750197773949681609e-03 -3.427322412142271707e-03
-2.379575443213562732e-03 -2.453593428025405490e-03
-8.674280236175050361e-05 1.036810342463141167e-03
9.337455923838954702e-03 8.511268238997286156e-04
2.280890266029311254e-04 -3.072128805233101910e-03
1.041256848845795516e-02 9.700090067457315529e-04
-1.416783085562154602e-03 2.466318245576564622e-03
6.554453773460136232e-03 1.163525400374025402e-02
9.314065844526297697e-03 5.857318280904423233e-03
4.607794073642510618e-03 -3.313341783592743672e-03
-5.788872349300607997e-03 -8.969473614626863670e-03
2.827211675197745418e-03 1.203232621497690377e-02
4.062222873823830883e-03 4.648746640050578985e-03
3.911664329452030353e-03 3.739168647398913303e-03
-2.604423337100023918e-03 -1.354241407878115089e-02
7.460247903990377058e-03 -4.379178143328221751e-03
-2.750271981430304526e-03 -2.634104027588844363e-03
-8.140858891176419067e-04 4.081637436758064549e-03
-6.224438436950115519e-03 4.306549215394926515e-03
-2.664455216986605368e-03 3.750711888024296781e-04
-6.575321278024459648e-03 3.946853188396545926e-03
-6.966294532341835155e-03 5.968520795697078267e-03
-7.037933537603496131e-03 -4.991742333120517683e-03
-5.299756647197679214e-03 -7.841082800257040408e-03
-5.923991847117959092e-03 -1.254218165214085468e-02
2.210927508034884678e-03 4.988165950948897885e-03
6.766512965045934575e-04 2.460618422864662910e-03
-2.324173752921888589e-03 3.858849098660342616e-03
6.304826743383370839e-03 1.162160314827150563e-02
8.415216998388241540e-03 -8.473141263429502176e-03
-7.634531777128624429e-03 -8.581518187378450215e-04
-1.743014559952000327e-03 2.388388629138169916e-03
3.605709571164178798e-03 1.459060824097688832e-03
4.095751311186520034e-03 -1.458533920385760583e-03
2.906594233266339162e-03 -4.135170061555192011e-05
-9.633272324076774112e-03 -4.232323750632598254e-03
-6.548817835500567348e-03 -3.863351518750695289e-03
-4.028359187009940105e-04 -1.422083774075794224e-04
-3.072128805232992622e-03 -2.280890266016797393e-04
6.454587019340423705e-03 5.220230493930823508e-03
4.748549509419429729e-03 8.031268738910805199e-03
8.369235108178461890e-03 8.850192297574058925e-03
-1.418970410855338550e-03 1.224345936864696012e-03
8.977153282681573331e-04 -2.314434529078659986e-03
1.077922562554405050e-02 8.000518415304989917e-03
3.631749994729046183e-03 -4.328151103622344779e-03
9.253826484689229442e-03 -9.160760837778536211e-04
3.557205106205275826e-03 8.206478649967322708e-03
5.198165586744379896e-03 -1.838905797692147199e-03
-9.845124035709718405e-03 3.487625656732352367e-03
-4.252871831436729443e-03 -3.176960998402872469e-03
-2.510783309404141135e-03 -1.519364068687769709e-03
1.145726597892572120e-02 4.392158499888030448e-03
2.317947026498057977e-03 1.749177401623607832e-03
1.366219064815302978e-03 -8.317808934265102233e-03
-5.989324415509748867e-03 2.937344556871583287e-03
-1.493722779329595494e-03 -6.931903941811495655e-03
-7.384776977548555138e-03 -1.220143716911585921e-02
2.382225787467133135e-03 1.672572957311208161e-03
4.185942726216015930e-03 4.034585913429930906e-03
7.574962916201068326e-03 1.275264430689421712e-02
4.980550167647200197e-03 9.466077330528866254e-03
1.055563901903079117e-02 2.199655632115066033e-03
-9.205785038689349650e-03 -3.808348962664572217e-03
-1.279811511908702766e-03 -2.052944834618275656e-03
-5.533944630714332166e-04 -1.051786370058104252e-03
7.352430117112456961e-03 -8.451140240995280370e-03
-2.165201156833645307e-03 4.023728997406077722e-04
-1.366554314270453270e-03 -1.016134492155134489e-03
1.130048070813123237e-02 9.090607007518954757e-03
8.112710852768136027e-03 -4.223318910451892907e-03
5.070406333221547102e-03 5.625253737924320804e-03
1.158742003769516315e-03 1.886085090525407718e-03
-1.843344333031527935e-03 -2.003642101245876189e-03
-3.944729747855694156e-03 3.451191336102197443e-04
3.035614774162943667e-03 -2.217553368666878421e-03
-9.439046984292122182e-04 -1.053111542185460178e-03
-8.451603259954986597e-03 -5.329437337685819648e-03
-4.007284202490610930e-03 3.686688666061694979e-03
6.702489743083030714e-03 1.968916261260495685e-03
2.246404139324634100e-05 -9.602058981514218329e-04
-3.709024937951066643e-03 -1.440401451018663223e-02
-5.952682614934464399e-03 -5.973949253706161214e-03
-6.107280560436339351e-03 -3.352843736268915076e-05
-2.070970340674072822e-03 -9.545060754388396762e-04
-8.660389667429306809e-04 4.299125086350007868e-03
2.594747998009017988e-03 1.262051040278558932e-02
-1.243642342105235124e-02 -2.602954569775546394e-03
-6.913878435756949659e-03 3.728040366677247766e-03
-2.531858293918950054e-03 -6.628136508816828698e-03
3.199297270291563688e-03 6.143858476258721134e-03
-5.565748761749096662e-03 -1.145618052012015945e-03
-2.081571717683129447e-03 2.169575807420012770e-03
1.035485170336355966e-03 4.772530377188488973e-04
-5.019044044059596315e-04 7.537187597753382479e-04
-7.386293803930866694e-03 5.224477375012064745e-03
3.401010623874476703e-03 -4.750018276745838867e-04
9.149920329438079869e-03 -4.811007845932878391e-04
9.941334697214844907e-04 -2.429341195546919161e-03
2.522310724333180938e-03 -5.650703373025036183e-03
-4.441333463757015862e-03 -4.632030480426168988e-04
4.688437919084876074e-03 -1.009906183162005873e-02
3.637385932689405667e-03 3.443751381369037148e-03
8.686717281395353249e-03 3.960232679162477287e-03
-8.470490919176610484e-03 -9.196237469103009377e-03
8.728995019929635876e-03 2.820841353574971965e-03
-7.598816014472750680e-03 -5.723460070462317063e-03
-6.731515760356619228e-03 -4.734627289246501683e-03
1.235218678575999811e-03 1.330730005734021351e-02
3.425997240015486289e-03 9.140708009306780166e-03
-2.856365461974637830e-03 -3.441101037116147190e-03
1.311055214280861143e-02 -5.512342742491896028e-03
7.935648865871653898e-03 2.677307804041858565e-03
7.781178689875012724e-03 -2.739207585460971383e-03
1.885622071565811212e-03 8.642507756583715176e-04
6.154858987476402761e-03 -2.667903829654351411e-03
-1.707298797296127012e-03 -2.476919622586301693e-03
-1.534739230490677134e-03 -5.045547486581690357e-04
-2.444780242101478752e-03 1.668996575139587279e-03
-7.369465700496619434e-03 -3.507631008129597026e-03
2.761208607895083034e-03 8.843965571149548302e-03
4.745563915710709901e-03 -5.216542167952352774e-04
-3.692452373525929085e-03 -4.222504816345480985e-04
1.678400549527774878e-03 -1.164572761124600675e-02
-1.672509072558304825e-03 -3.296242315456358526e-03
-1.847718983617325107e-03 -4.487586718670293420e-03
8.870676493624605682e-03 1.011946631722410520e-02
4.787378635285967181e-03 3.619472370444674382e-04
6.203235682935076198e-04 1.941614550321879682e-04
-7.980912198114658088e-03 -1.009083943416039415e-02
5.985875802842002824e-03 -9.467274733150416594e-03
1.474835120107398931e-03 3.065103810394986372e-03
1.020509142740931444e-03 1.117390303153964395e-03
5.956722016070772766e-04 -8.760495552825875443e-05
-9.584177070656112836e-04 -2.435967056177552013e-03
-7.065698267501951610e-03 -2.469495493540241164e-03
6.538344227995385345e-03 -4.369502804237896700e-03
-7.116390057754039614e-03 3.035950023617523235e-03
3.182724705867787020e-03 -7.837905552292221550e-03
-1.474036851693223075e-03 4.245846836598043614e-03
-4.533999394484167916e-04 -5.993699066095436317e-03
6.820797545136775969e-04 -1.045835872441163578e-02
-3.719626314960693993e-03 -1.127993262732709945e-02
5.202540237330176634e-03 6.450388197322700322e-04
-3.174645903605703961e-03 -5.862092065697594237e-03
6.243629694235833423e-04 -6.655837353962950481e-03
8.414163190964956199e-03 6.929780501271214609e-03
-2.713167161895994710e-03 -1.356839061759379517e-02
6.235838082373918942e-03 -1.196804512614297461e-04
-2.977897989072849846e-03 -1.584968001781807308e-03
4.847410515171321531e-04 -1.355553803054593970e-03
-8.898904242483449134e-03 -5.574226698217762954e-03
-1.199568441440230018e-02 -6.084082135380569807e-03
-1.429129516901098823e-02 2.563470770691844529e-03
-1.293210109903369064e-02 -7.457262310282335507e-03
-2.001390891199788906e-03 -2.593151461180094684e-03
1.722274824890980809e-03 1.836782357151866586e-03
-8.792810761939114095e-03 -4.767229688690460127e-03
-1.218646114152223360e-03 6.744639712107292811e-04
1.137191223344240741e-02 -6.400094959293084473e-04
2.421390162797337395e-04 3.337194881868775953e-04
-3.759972267205898781e-04 1.381530341866558237e-03
6.809046242586389366e-03 7.529204913605917759e-04
-4.828395086447048387e-03 6.065401956108859398e-03
-5.895732446876923369e-04 5.836514661092432645e-03
1.753951186416207245e-03 3.821472914423214469e-03
6.281101414615562241e-03 7.293851178855963527e-03
1.836319338192160793e-03 3.007179545356556370e-04
-7.231360608973841017e-03 8.617999985088829404e-03
-4.790619768002437120e-03 1.379900221894438117e-02
3.553852611653763802e-04 -8.513295561423505492e-03
6.546502740703728437e-04 1.397831541588877248e-03
-7.594824672395724622e-04 3.083129316450103526e-03
3.643740428616539309e-03 -1.352121132476167761e-02
-2.668366848613376759e-03 -4.131866208049195591e-03
-9.877135646690095999e-03 -7.831008326959232671e-03
1.014094043594696883e-02 -1.064287299988031510e-04
-1.719161461680316673e-03 -4.640795607293732306e-03
1.251376283099375764e-03 -1.409269517864123952e-02
8.105095069460205911e-04 7.453685928105466870e-04
-1.248262919888712061e-03 1.128868192849937467e-02
-5.074908753311218462e-03 3.247737850498705857e-03
-1.309995076579819305e-02 2.388260859634184705e-03
1.087265817328865805e-02 -6.673112068693093021e-04
-7.925478856392868419e-05 7.167417097468346690e-04
9.546194272259302810e-03 -4.064809333323817289e-03
1.670033392901218092e-05 2.624827822704641107e-03
2.528744930706355171e-03 9.432149758958232114e-03
-8.122338132796082504e-04 -4.010333680950302696e-03
-3.927901644422017620e-03 -8.386989249530761581e-03
1.407554357763483865e-04 1.134461052250422888e-02
-5.722869281999306071e-03 -5.781112970800648780e-03
1.704648453042556825e-03 3.257940093300498805e-03
-5.467143295003156281e-03 -1.855240976772606562e-05
9.501601438928530818e-03 7.189545889398582870e-03
-7.779071075027432433e-04 -2.806663594393613795e-03
-7.329375287255518803e-03 -5.888994642428970090e-03
2.023391913634009845e-03 3.655938342455880563e-03
1.227009058067016038e-02 -4.977436804435855615e-03
-3.685092129227681671e-04 1.061461709150251630e-03
8.993933327057767116e-03 1.152829837003066515e-02
-3.404922255501248961e-03 -4.031935569177040948e-03
5.402736764529415467e-03 1.145209305992574839e-02
-1.442695739623146931e-03 -3.103406032550846093e-03
6.836762913426000336e-04 4.163542569573741581e-03
1.075575583578026236e-03 -1.904110596581204884e-03
-1.523674834520663112e-03 -5.651629410943766890e-03
2.989297634498451419e-04 5.771836765921451503e-04
4.913876601434238531e-03 -1.239017016613896439e-02
-7.632344451836011422e-03 3.838204899747044672e-04
-8.360485807006868414e-03 -3.882303062725223596e-03
-6.064875052398182101e-03 -1.252985596879763880e-02
-1.047684724942645959e-02 -8.934045624340121103e-04
-3.613197584962571721e-03 -1.138992191380702431e-03
1.396506369462092046e-03 -2.641400387132742875e-04
-8.776573446969700154e-03 -1.194090865579309699e-04
9.606433632097731087e-03 2.708585031359602314e-03
9.805831890882224858e-03 6.204688624560731128e-03
6.018989280303370555e-04 -5.695631455811528757e-03
-4.802226893377515779e-03 -1.107874617745679621e-02
-4.747288222044296693e-03 -2.743310871344521382e-03
3.961430081784705903e-03 2.279708689094421363e-03
-1.146475399272411239e-02 -4.072089867171044264e-03
-6.005098711518997963e-04 -3.733468824689513605e-04
-1.396841618917242771e-03 -9.069803387706961567e-03
8.329735483406277684e-04 -2.148373053397332642e-04
-1.029978526253133748e-02 -7.794031276928905898e-03
1.218069743405620145e-02 -3.159605991257375887e-03
4.103239324980259345e-04 -1.778602553105492130e-04
-1.605116948378566399e-03 -6.176860009910623700e-03
-5.380735742095195395e-03 -1.038930617864996207e-02
-1.111163576730024279e-03 -4.587517357541768051e-03
-7.040583881856495377e-03 -4.210721862407001449e-03
5.109570708543805136e-03 7.289875662477539320e-03
-1.388799623135096584e-02 6.826863686722160762e-04
2.987573328163855343e-03 2.506871677777369745e-03
7.848906063509903178e-03 3.714118146504999732e-03
3.409424675590349597e-03 -4.841056019245305701e-03
-8.604349129618828543e-03 -7.480987639050715697e-03
-4.014309197328617615e-03 1.983764519352616308e-03
-3.732542786767599572e-03 1.959113152665505845e-03
5.468995370840618563e-03 -8.073418707939960734e-03
1.000098326858615654e-02 -4.140088605508860167e-03
-9.297269392485344938e-04 -9.004199454612924619e-03
-8.406212158208107785e-03 -9.272841913414729687e-03
-8.098996112546483217e-03 -1.704776222548363713e-03
-8.410714578298570179e-03 -3.998503249935253523e-04
5.914444277530257060e-03 2.633417702985274902e-04
-1.705239241506817903e-03 1.012198889197301124e-02
-2.475195316252143309e-03 4.972263885435202792e-03
4.951061131415157926e-03 8.723359081969386114e-03
-5.386164200104279209e-03 2.529670968626337481e-03
-7.180333569267392455e-03 1.244649789434947897e-02
-3.399749336500704992e-03 5.762959695239724955e-03
6.335704836494420768e-03 6.295343058549823963e-03
-1.897947754909026221e-03 -1.005133980938594960e-03
-6.691632827067718007e-04 -2.780687055580969083e-03
1.196772861221877260e-03 -1.309418705833395938e-02
-8.387372558048620912e-04 3.799871026195796204e-03
-5.255882371834472849e-03 5.641427168140832928e-03
-2.716280525104155532e-04 -1.076437736745214716e-03
3.260590437552707884e-03 -2.485668923757896037e-03
-5.335807659311861753e-04 -1.230971797496009310e-03
-1.131074683568649916e-02 3.367418301758994155e-03
-6.416348681936787091e-03 4.903769894774910945e-04
-6.911643051332660103e-05 -3.843473936854909434e-04
-5.004403265919455009e-03 -2.436893094096283588e-03
8.187926240201419403e-03 1.909938188797091155e-03
6.342266812373402972e-03 1.002125998468610980e-02
-1.105144446651736695e-02 4.302972833224446431e-03
-3.501803415913030092e-03 -1.894036123282254831e-03
1.323507026361418412e-02 1.184447177878662251e-03
7.131238315845589079e-03 7.680848916794805539e-03
4.193430740013048830e-03 3.714517280711801973e-03
-3.007850044263917465e-03 -3.046934709140794104e-04
4.170631449164081093e-03 -4.659220247556332579e-03
3.418636995722900904e-03 -1.896159563823215889e-03
-6.723564727599200957e-03 -7.077688701390695905e-03
6.203235682935076198e-04 1.941614550321879682e-04
4.735425557660677756e-03 5.794348866364098898e-04
-6.969280126052268456e-04 -2.584402160006920766e-04
-5.599149429607121024e-03 -6.395273697421297726e-03
1.061865649262609505e-02 -3.164906679762475791e-03
1.065285542889965638e-02 9.395699612640976556e-03
3.925842088632708511e-03 -4.211919265028550921e-03
2.595338786473278848e-03 -7.594185824879204046e-04
5.195978261451766021e-03 -3.080878106404696254e-03
2.387526475970981003e-03 1.105320158812110511e-04
4.082627359429128952e-03 -8.910367772659012059e-03
6.875879229693718578e-04 8.670479966425365115e-03
9.435135352666844388e-03 6.024178024998433703e-03
4.827341279023763046e-03 9.337519808591857387e-03
-7.730023880663329516e-03 -4.789230711124680198e-03
6.000851830438217079e-03 -1.010741199858370895e-02
-1.217257057273786209e-03 -5.394514367069750890e-03
7.670710558744884416e-03 -6.030149212412691875e-03
-2.620453172119524381e-03 2.500644951352858688e-03
2.324636771880913937e-03 -5.881841878087550220e-03
2.045057686613080059e-03 -4.615218202688570713e-03
1.211158100354151404e-02 -3.543953384944009688e-03
-9.456801125645342143e-03 2.246978520145337128e-03
7.510684155236998930e-04 1.282924875120618072e-03
-1.126708004027320714e-02 -3.840951362109671675e-03
-5.028128594687263607e-03 -6.764645063511825693e-03
-4.756963561135873347e-03 -3.665214547339402940e-03
1.328529903490588415e-02 -2.298005559853036860e-03
-3.586231123478292315e-03 -1.097218967795400915e-02
-1.099300912345834618e-03 -2.423641372834337004e-03
6.888764050110704126e-03 -1.986813997812308507e-03
-2.121199111965774153e-03 2.527946662292859109e-03
-7.523600627040039762e-03 4.097970287873483122e-04
-9.603320268885136637e-03 -5.512598281501006163e-03
-7.184660160798512791e-04 -3.344219876704365192e-03
-2.946221627548983868e-03 3.997225554883984764e-04
-2.493156937555717368e-03 -2.940521804836401711e-03
1.394790034173367527e-02 -3.243235430408354485e-03
-1.453856253712561275e-04 8.885317271765100222e-03
3.019712708648107560e-03 2.468569455621510023e-03
2.023854932593035626e-03 1.632945563028672742e-03
7.003766252716122145e-04 6.788370392278382688e-03
-1.174181050325327075e-03 7.770449543357733392e-04
-1.198163442472549751e-02 -2.678233841960589272e-03
-6.595470224621218305e-03 -5.207904810586927620e-03
5.765610039492615781e-03 2.618728865785936721e-03
-6.231335662284247581e-03 -8.753311137161596048e-03
1.466325299460150174e-02 2.904997696436735846e-03
-5.823789843541734949e-03 3.206785284089956178e-03
-1.498225199420057238e-03 1.941087646609708679e-03
6.128355544951149137e-04 5.142300877491747489e-04
2.504684352484756737e-03 -4.229545636876404398e-03
-3.005199700012279110e-03 -1.085713941628737526e-03
-2.246180251731161055e-03 -2.145850478652313893e-03
-1.013835805003116940e-05 1.101089103431645167e-03
-2.315424451750294679e-03 8.826738333509177512e-03
1.234085160706673663e-03 -3.337594016073051895e-03
5.700069991150909926e-03 -2.592624557468166217e-03
-1.408832052802233884e-04 1.232568334321514449e-05
-9.080676129419516102e-03 -1.049148802756752312e-02
-3.254826730088473778e-03 -1.099364797098167012e-03
1.801529613456270221e-03 1.120040647406173907e-03
-1.772631365687917654e-03 1.300260658642613497e-02
-2.602363781310714375e-03 -9.435055642218386027e-04
-7.151515031945650767e-03 -5.478670709931514338e-03
2.147111766026766483e-03 3.041777615834551172e-03
-4.999230346918911473e-03 7.358002170320483183e-03
1.848182002576350454e-03 2.464593939243086250e-03
1.180549847574978786e-02 5.532874997602211034e-03
7.095985572148741545e-03 1.052316438909206911e-02
4.876308762940901632e-03 5.671092032931948808e-04
-4.632780689784091362e-03 -6.302368053387939935e-03
5.005792322797891943e-03 -3.632085244184196909e-03
-8.908579581573093306e-03 -6.496130374212183076e-03
-8.265791971886338532e-03 -7.262174817331416669e-03
1.122690991658492708e-03 -2.582550084170357613e-03
-1.047347834719974686e-03 -2.641129022426960335e-03
-1.198369398050800347e-03 -1.527714235651419280e-03
-1.173255012405344548e-03 -3.268940604518179999e-03
3.054837682839719147e-03 1.098319018917054760e-02
-7.254032130318362540e-03 -1.111267374902743035e-02
1.039666642294311862e-02 5.656131831034119997e-03
8.128485148777737923e-03 2.447494471106020659e-03
-4.898645034830272429e-03 -1.096383951098921748e-02
2.847520042678066896e-04 8.528271589018468143e-03
7.955334793511670104e-04 1.385505858244981793e-03
-7.676346496703882576e-03 -1.741753272577547303e-03
-5.828834993034759208e-04 -1.794504618617583308e-03
-1.129484477017030086e-02 -1.318704522528252841e-03
-1.681050893779983957e-03 1.242674808196134531e-02
-6.604219525792812649e-03 -1.017579404543576121e-02
-1.437664891449566204e-02 -2.468697225126636682e-03
1.088405781871324904e-02 3.519557557266008926e-03
-4.151153001478193744e-03 -4.853908606299988174e-03
8.958632524306950513e-04 5.777536588629027248e-03
2.165201156833645307e-03 -4.023728997406077722e-04
-6.899365427121120775e-03 5.110895880670019396e-03
-3.407444830256738501e-04 -1.460785130431167204e-03
-8.398516664459230660e-03 1.109796908613414242e-02
-1.016904041530114489e-02 -6.705267856840476173e-03
-6.886448955313645773e-03 -8.128149899323266342e-03
6.858348975960040436e-03 1.316453312483307006e-03
-1.003736953015154157e-02 -9.662489995605320209e-03
6.380760688786149722e-03 -6.982004943599321931e-03
-6.429935652654564411e-03 -4.938464083369695744e-03
1.632418659316634772e-03 5.677605949756412036e-03
1.298186685136636619e-02 5.997802351977844434e-03
-6.156136682519885647e-04 1.162372658881178494e-02
-4.003707820318989398e-03 -1.140317363506916691e-03
3.752819502868232852e-03 -4.161291359529476624e-03
9.117653179449602182e-04 1.091413764341319899e-03
1.005499590199939418e-02 8.241332259457367568e-03
-2.831251076327821140e-03 -5.182327405981766028e-03
-3.762494841959238348e-03 3.239387683533914188e-03
2.554450104817432288e-03 -5.689005595180896338e-03
-1.156554678476903091e-03 -6.441127818128586629e-04
-4.176730406084036215e-03 -1.089689458007161299e-03
-1.863158030171204252e-03 -1.824456673808651360e-03
4.872636262648957772e-04 9.220361932078192241e-03
-1.801529613456270221e-03 -1.120040647406173907e-03
-6.560217480924369904e-03 -8.050220282884192058e-03
-3.853373163564448659e-04 9.793570092291233389e-03
4.307012234355202598e-03 4.201445657522798194e-03
1.040852908732730828e-02 7.820007815741551044e-03
-8.556435453124185131e-03 -8.484764796468390914e-04
3.398232510117032111e-03 1.166295484888705755e-02
1.489883003500225289e-02 -4.871997415126731040e-04
2.035845366482460367e-03 -7.560114658110198005e-03
-4.314164998697874072e-03 5.452566401613743834e-03
1.439646261163590735e-02 2.289511797688731191e-03
-1.956925827372321680e-03 -2.490570478055730962e-03
6.016961375902968832e-03 5.897344809394441771e-03
-2.074881972300844646e-03 -5.461443472290465270e-03
4.109147209622864699e-04 -1.355778924058405853e-02
3.914186904200365677e-03 1.431508438253101777e-02
8.701230290031182132e-03 5.343088193155248918e-03
7.778528345621442755e-03 -1.958187114746774270e-03
2.616413770988088201e-03 4.349353857641138042e-03
1.245484806131266818e-03 8.492747480622664423e-04
2.762597664773519968e-03 2.774987232869067372e-03
2.229016898843694684e-03 1.544015435374199944e-03
-2.580698008332214886e-03 -9.214662109365608783e-03
3.961094832329556045e-03 -7.054234737325815359e-03
1.205394392890167489e-03 3.230638382361639832e-03
-5.603524080192917763e-03 -8.879218314845714957e-03
-7.160392102621119734e-03 9.103762610670933578e-04
2.057718619411445793e-03 4.859608429011889018e-03
2.822501775156227230e-03 2.144381711329306980e-04
7.332025631508518049e-03 5.107974171715453857e-03
1.711673447881923967e-03 4.960864240010718490e-03
-4.161754378489182851e-03 -1.729826723441596405e-03
-1.554680697135588964e-03 1.103156688462535867e-02
-1.293222886853892528e-02 3.899673895563966937e-03
1.288418742253983826e-02 8.247511508802816624e-04
-9.826060547924451213e-04 -4.740726246165886948e-03
-4.425431398242179321e-03 -5.149325872331005777e-03
4.485798527583912364e-03 5.657840311676612822e-04
-1.178683470414428579e-03 9.650036542758118688e-03
5.455280630619537344e-03 -2.145323574940384993e-03
-7.883807150079243792e-04 -1.103951791738220535e-02
4.472674575826521282e-03 -6.886049821105591495e-03
1.318177618816214654e-03 -3.593383887820854068e-03
7.902327908453873114e-04 2.947546799674517683e-03
-8.682262920361148457e-04 3.057152777638138825e-03
1.057511746671724838e-02 -7.313473221741934732e-03
-1.383246677155541837e-02 -4.361807310489480144e-03
-7.878985888204846286e-03 8.923092590210172925e-03
1.060666605873860149e-02 6.028153541376857043e-03
1.393948629001722991e-02 1.122818761163047775e-03
-1.282461856160912062e-03 -1.271924363902936662e-03
8.326622120189027670e-03 6.556401967413266578e-04
8.353796061623222288e-03 1.151332234243455932e-02
-2.861666150478485264e-03 -1.879060095686150081e-03
7.940614304921711497e-03 -8.218676563807232952e-03
5.173977239017545082e-03 -4.143664987680481700e-03
7.660444431171926645e-05 6.427876096850412195e-05
2.684604163583363592e-03 8.779686810181043868e-03
1.273249536030292804e-03 -1.672972091518691064e-03
-6.367045948564497779e-03 1.053909810599064877e-03
-5.917605699803057777e-04 4.594542352379884023e-03
2.085946368268926186e-03 3.143688100044045699e-04
-1.394651128485523833e-02 -2.825742907872127313e-03
-2.582087065210652253e-03 -3.145683771085129154e-03
2.249756633902782153e-03 -2.681155550916297994e-03
-5.880452821208541694e-03 -8.393615110162074011e-03
8.351608736330038557e-03 1.027135003372268984e-02
8.660213838871460082e-03 1.177043738630971677e-02
5.103008732664823799e-03 3.563958736341253479e-03
4.408731064313167573e-03 2.524498049626364669e-03
-2.491432631222129709e-03 3.244432833033547309e-04
-1.181092693375887168e-02 7.386102149674088520e-03
2.278782651175009777e-03 8.455547706856633879e-05
1.157879850602529237e-02 2.536025464554832881e-03
4.399981763140213206e-03 -2.443391185223612108e-03
7.875824465937489565e-04 3.728567270389175799e-03
-4.303100602728431208e-03 3.054917393288262076e-04
8.185275895947849434e-03 2.690958659511287834e-03
1.448459447087381037e-03 -4.816276883052169559e-04
-6.594208937247445293e-03 8.005305697821388233e-05
-3.650637653950671371e-03 4.613509722051544002e-04
-1.187432771586022272e-03 4.682147307909284226e-03
-2.068192226916627796e-03 -1.309246275200048014e-02
-6.326492516361519047e-04 -3.350446603130917476e-04
5.958446322398698938e-03 2.388915532850098382e-03
8.221454677564108554e-03 -4.197342371639248629e-03
5.930681592500243460e-03 4.911162372430375768e-03
5.420953924842101396e-03 -3.348993661496393881e-03
-1.500955254122035912e-04 -2.932570772079554598e-03
-1.754877224335618831e-03 2.245126444300586405e-04
3.704778056869144527e-03 5.631336869147713243e-04
-8.796259374607081098e-04 -1.129715986497179404e-03
-4.235756537606526380e-04 4.082962608883598798e-03
1.001030695055044745e-03 1.063051915701028471e-02
8.223514233352055905e-03 8.401566142918922425e-03
-3.034225717283935576e-03 -3.851424969614282087e-03
-5.888403853965960832e-03 -6.050553698017880656e-03
2.863853475773030319e-03 3.121032404399160572e-03
7.751098865178138869e-03 9.898003151253739404e-03
2.743246986592869432e-03 9.311798808790851386e-04
4.354925910850415867e-03 1.083395681692599435e-02
8.762523457292326762e-03 -3.286439206861367819e-03
-9.667039892781795207e-04 -9.426849070453595381e-03
-1.201434702211355392e-04 -4.212845302947282496e-03
-1.155756410062156510e-03 6.666837865179490660e-03
-3.020175727607132907e-03 -4.455766761943026361e-04
-1.284649181453525503e-03 -2.513896672615485717e-03
1.708352604719413220e-03 -1.292600214211441466e-02
-2.148963841864229198e-03 5.050193501873136495e-03
-1.846792945697913520e-03 -8.533572277523566313e-03
-1.768927214011631766e-03 -3.181335648988098917e-03
-3.103294088736487273e-04 -4.764052440725641269e-03
4.953376226213007313e-03 -1.391604815164366191e-03
-4.638081378289299686e-03 -4.740327111959084273e-03
-1.235140492502282729e-02 -6.904730000377302772e-03
1.668134421972507653e-03 8.122976980319406449e-04
7.054298622078148187e-03 -1.717373270593254737e-03
-9.301404911727930228e-03 3.617508350796036498e-03
-3.346279432491741819e-03 -1.188044249847899914e-02
1.535665268410088720e-03 -3.541430810195104074e-03
-4.975377248647227385e-03 3.288179338885809620e-04
9.107307341448645649e-03 -8.675652885426019673e-03
1.343446852239867442e-02 4.680550771079789764e-03
4.495936885634514366e-03 -5.353050722646641134e-04
8.184605397034388618e-04 -1.597692819333647535e-03
7.446197914313574390e-03 -7.785026436748200551e-03
2.420128875415619024e-03 -1.950762985700714392e-03
1.021818489175612635e-04 -3.699940387324322007e-03
-3.845198243190342622e-03 -2.573800782998763702e-03
2.729196996916066764e-03 -2.474668412540894855e-03
7.325000636669722932e-03 3.405050025004552859e-03
1.065735784898932600e-02 5.227080242179507619e-04
-4.199657466437668740e-03 1.893509219570326148e-03
-3.905102353573620608e-03 -1.325172126194636667e-05
-4.877107031356438596e-03 -7.878059850287366314e-03
-1.855206997414356922e-03 -4.167518085952164920e-03
4.231461597466769364e-03 -1.126575486814642216e-02
2.901293544761130404e-03 1.520689240813303308e-03
-6.374869211809743160e-04 -7.959964983103018626e-04
-3.384310289945464522e-03 3.099829650379224560e-03
-1.307448472301922190e-04 -1.088763420088430158e-03
8.395355242190377307e-04 3.511079620797233347e-03
1.588879633409150073e-03 1.529039407778094977e-03
-3.050127782798771683e-03 8.346978546741061402e-04
-4.764451574933694679e-03 -3.345145914623096767e-03
-4.526333224164329899e-05 -7.413531630117393273e-03
1.153441315264307340e-03 3.448126031954263163e-03
3.699014349404910421e-03 4.148167407770833939e-03
1.189926627294954527e-02 6.198988801848149405e-03
2.623438765826884185e-03 6.052278004352039040e-03
5.982299420670382159e-03 -4.640268703581803406e-03
-4.795201898539510829e-03 -9.375822030747717542e-03
3.274177408271056362e-03 2.943172149088610790e-03
8.036569427415441932e-03 -6.310590450847604511e-03
3.219573986393557859e-03 3.941680269395892236e-03
-3.913851654745214084e-03 -4.981140956110781913e-03
-8.502758069166099081e-03 2.199000958899151922e-03
7.066033516962325588e-04 1.180343891996254134e-03
-3.167636152522654378e-05 -1.984690557271347883e-03
-1.431423863703218564e-03 1.244039893743009370e-02
1.200317242820069311e-02 5.764013502663582755e-03
1.928362829060832661e-04 -2.298133329358381769e-04
1.086954481007742189e-02 2.136702043273236429e-03
-4.360354368859499681e-03 2.085020330350304766e-03
-6.678301395356196768e-03 3.358429287278383822e-04
1.278870230224068202e-05 -1.882109574146983945e-03
-8.301954345831825260e-04 -1.192311937122190850e-02
1.396943834520886912e-02 -1.574557697053610011e-04
7.236070509014787613e-03 3.199888058755825417e-03
-6.918380855846621019e-03 1.260103195510027356e-02
3.005534949467429402e-03 1.041965736804897381e-02
8.179975207444132972e-04 4.252999600935599605e-04
1.086437189107608732e-02 -7.658193221145350935e-03
7.207044491742560857e-03 4.341770307709608666e-04
2.025243989471472560e-03 -4.436032775251807538e-03
-1.106453676688506308e-03 7.230370686302205890e-03
-9.932074318015017469e-04 -1.616644363307034177e-03
-8.800889564197334576e-04 8.932767929300278751e-04
-5.040917296991435795e-04 -4.882535489365302534e-04
1.009444746771488363e-03 6.264464965438882454e-03
2.490506593304079013e-03 3.721542275551059827e-03
-1.522413547147462125e-03 -3.636715433779455931e-04
1.153904334223332905e-03 1.425133252527055559e-03
-1.388441984917934517e-02 -4.144319660896394510e-03
-6.445502468713679503e-03 9.081602167338250278e-03
-5.724098917982939176e-04 6.438349704371007162e-03
-1.388892226927037829e-02 4.728671927525489836e-03
1.068247223463557327e-02 -1.218518344646988064e-03
1.493387529873873827e-03 -2.402039484608060622e-03
-5.107974171714883133e-03 7.332025631507838037e-03
8.348256241780907007e-04 -8.306808423047420606e-03
-1.336753941717796178e-02 -5.538175686106849502e-03
7.845792700297306993e-03 6.518131396646404882e-03
5.590304010317931338e-04 8.823688855049485746e-03
3.682314015475898240e-03 1.523339585066193266e-03
-9.568067525189648259e-03 -8.354913753799413784e-03
-2.174876495919426684e-04 -5.195307762528897746e-05
1.205857411849192836e-03 1.207645602934432662e-03
-1.774227902516840524e-03 -1.619294707559243473e-03
-2.808787034934575287e-03 -6.142533304133187752e-03
8.396536819116531131e-03 8.350938237419848129e-03
6.934490401312733664e-03 3.403724852879018610e-03
-4.261748902113559299e-03 3.212085972594594645e-03
-8.800889564197334576e-04 8.932767929300278751e-04
7.624856438038979389e-03 -6.375185725657510002e-05
-4.594542352380454747e-03 -5.917605699796253324e-04
-5.987855648183120286e-04 2.891618205670805353e-03
2.186866929812715087e-03 -8.673529444885058615e-03
7.488810902305158366e-04 4.095256640874946237e-05
-2.534971657131546239e-03 -3.824123258675423548e-03
-4.073287269793273747e-03 4.983280222343386412e-04
1.645670380579261367e-03 1.772503596183362369e-03
-2.098272051612141628e-03 -4.552520152846281209e-04
7.844531412924106439e-03 1.230173529080582067e-03
1.510087863804246682e-03 2.227883380977222589e-04
4.423707091908592529e-03 1.884360784191249118e-03
-7.702259150764874038e-03 -7.311477550704957584e-03
1.084581948130961329e-02 -2.191049926142304809e-03
-3.437524654944526092e-03 -1.970640567593974057e-03
1.252985596879638633e-02 -6.064875052398072813e-03
2.428542927132062643e-03 -6.316817177272115134e-03
-1.162465262673176812e-02 3.430371890601963472e-03
6.414959625058350157e-03 5.578601348802988968e-03
-4.470359481028672761e-03 -3.228914076028161894e-03
1.768464195052606202e-03 5.204328428415306088e-03
-8.654577900911101032e-03 -3.998534901318336575e-03
-1.363710791390099902e-02 5.984295091706786848e-03
-8.982533681632603670e-03 -7.341429605896026070e-03
5.433279608185316405e-03 -3.208110456216170005e-03
-2.236041893681129777e-03 -3.246939582083959060e-03
1.251441692224250848e-02 -3.401745007536430103e-03
1.937575149190310471e-03 6.467631260646066306e-04
1.246809978257621722e-02 4.587645127045752828e-03
1.006331383560253069e-03 9.068478215581429053e-03
-9.994341582266930320e-04 3.991382136975774389e-03
4.544776600047779197e-03 2.051220528284116839e-03
4.525090672411406778e-03 -9.126530250125421129e-03
-3.019153571572055425e-04 -9.130106632297043529e-03
-4.054862629532034147e-04 6.388120933077594092e-04
6.413698337684578012e-03 2.906434812378474661e-04
-3.496215537005719839e-04 4.928261840566761781e-03
-8.530059780104168321e-03 2.698255019053364019e-03
2.321060389709292838e-03 -1.054835848518938333e-03
-8.806797448839952941e-04 1.427320577820353695e-02
6.203235682935076198e-04 1.941614550321879682e-04
-5.733933677967388912e-03 -6.340383085145888387e-04
7.712860527774502255e-03 4.187395667845424801e-03
5.401475477156214913e-03 6.164135192359925138e-03
1.270136172817697053e-03 1.131041158622713436e-03
-1.912588533048729510e-03 8.968946710916077952e-03
1.545675856954884051e-03 6.714416292219553203e-03
-1.470588239025477466e-03 1.077577701287687519e-02
-8.472806013974459871e-03 9.187264280307435790e-04
9.970105175475106607e-03 1.186171484212820634e-03
2.359761746073886848e-03 2.632778855462630102e-03
-2.387526475970981003e-03 -1.105320158812110511e-04
6.459887707846203621e-03 3.658189552501287401e-03
2.648553151472339984e-03 4.311051635485278755e-03
-1.606042986296616877e-03 -2.130874451056208926e-03
3.416321900924481226e-03 8.218804333311218596e-03
-3.856725658121665321e-04 4.596266658716763537e-04
9.731542541366993912e-03 -3.974554033542668577e-03
-1.051024791728527412e-02 -6.143060207845116652e-03
-3.158743838090868287e-03 -1.054821488998598268e-02
8.149687902797211198e-03 -3.800669294610542568e-03
-8.259229996007928787e-03 -3.536257891194449950e-03
-6.163943538103147830e-03 -1.163392883161471977e-02
9.513927122276048158e-04 7.330429094684734513e-04
-1.403196114845738172e-03 7.895159318422610012e-03
-1.293063233171329578e-03 1.852157518954774011e-03
1.259493299818099932e-02 1.169471150283698732e-03
4.888634446285476665e-03 7.079924085745602051e-04
-5.881043609672803422e-03 4.986313875111434736e-03
-7.378166942610731895e-04 -5.188027228693667739e-03
8.360869115512919048e-04 -3.018850555481599092e-03
-3.163118488676664591e-03 -1.303215950741039991e-02
-1.026272850205736491e-03 2.467643417702778882e-03
9.990046642120588294e-03 -1.034995014907138730e-02
-1.103865576421512659e-02 2.420863259077462269e-03
5.263705635086655607e-03 3.372447625561275295e-03
-6.789104775941478404e-03 -1.228904212464411796e-02
1.021396849808763919e-02 4.784856060537632724e-03
-7.783701264617685911e-04 -7.836708149664062999e-04
-4.226496158412410518e-04 3.697705003032582456e-05
5.739106596969294205e-03 1.042893357293249793e-02
-1.204200155406722969e-02 1.905307999202754572e-03
5.211289538502340835e-03 5.612928054580424916e-03
-3.641888352779077461e-03 5.429240207053989513e-03
6.079978849502923940e-04 5.327824975196457976e-05
2.578175433583880429e-03 -1.361253625766495681e-03
-3.003475393678120726e-03 2.179251146510338254e-03
-1.129715986496499175e-03 8.796259374612790507e-04
1.013206336527013897e-02 6.282618240998664831e-03
-4.851992645710192197e-03 -9.619286219152305140e-03
6.286098505060761822e-04 7.185043469308229763e-03
-1.700609051912481753e-03 -1.010793890229563785e-02
-2.496270300768313119e-03 -1.365085546949972115e-04
1.272084017586500720e-02 1.797282732373776948e-03
-1.008553874565529425e-02 6.418871256684550823e-03
-3.989657830642186730e-03 2.265530929913063193e-03
8.320523163269073416e-03 -5.093269508822165920e-03
3.160132894969304787e-03 4.479236551705501751e-03
-4.022260230085464294e-03 4.326825931496130519e-03
2.799111695843569357e-03 5.220629628137625315e-03
7.683595379164021022e-04 -9.472176287447571508e-03
4.688310149581001451e-03 1.257874374227385163e-03
7.764350586440765464e-03 5.992900797680689520e-03
-5.480395016264421985e-03 3.886549943806464832e-03
-4.820907072649227056e-03 5.745333323392553225e-03
4.957287857839777837e-03 3.115332581687258427e-03
-2.896583644720182506e-03 1.029719880303135021e-02
1.174644069284352639e-03 -2.800037733762980510e-03
1.466106566930831800e-02 1.663025387724867236e-03
3.849237644320989069e-03 -4.276198025997055355e-03
4.794403630127132905e-04 2.064871383760835308e-04
-1.368939624098064987e-02 -3.132160685119685095e-03
-3.301942138169511407e-03 -4.209253095083338378e-04
-7.177890704965669312e-03 -9.025402208631717882e-03
-1.329669868033104760e-02 -1.888863204281601357e-03
-4.981476205567183374e-03 -5.420091771674913350e-03
-3.293863335906858057e-03 -1.412092292749882877e-02
6.101181603516955820e-03 -5.715381268201484739e-03
-1.432873523800101863e-02 4.163813934277240357e-03
-3.932867083472076086e-03 2.508995118318330803e-03
2.727009671622882599e-03 -3.716640721252763464e-03
1.692322769699912757e-03 3.117056888019594484e-03
3.723665716090770149e-03 4.429933818331961703e-03
-4.332589638960474346e-03 -4.372265092306528485e-04
3.809945499494065378e-03 5.416116255295346828e-03
-2.965572305729634404e-03 -1.444084796501584082e-03
-3.986081448471136789e-03 -2.561475099654868248e-03
-1.126708004027320714e-02 -3.840951362109671675e-03
-1.341074319363222758e-02 -3.527988016653908418e-04
-4.438810889008681405e-03 1.011271268708948713e-02
-3.802441078030833685e-04 -1.245935048140462374e-02
-1.349390961382235590e-02 -4.142994488770861128e-03
-3.391670534238621498e-03 -7.937037922750090832e-03
-7.771040331823051567e-03 1.638118482029787652e-03
6.695799997700747214e-03 9.599935540970973291e-03
-6.020873007529740223e-03 -1.040428220624606617e-02
9.047403231061638008e-04 -6.115103823695810983e-04
1.029759793723815375e-02 6.552058968217037288e-03
-2.396275777143935803e-03 -5.078421250731188046e-03
1.262424271405203705e-04 9.961755008511456386e-03
-5.777600473380680064e-03 6.574331355354076992e-03
2.921107241902167178e-03 1.341503813377220578e-03
1.413669722351490465e-03 3.376950045653012060e-04
-9.729307157014394081e-04 -3.818822570170324511e-03
-3.470127054387803656e-03 9.065443398909305180e-05
-1.174181050325327075e-03 7.770449543357733392e-04
-4.843706363497624068e-03 -2.628404204876262206e-03
-9.474890516452793426e-03 5.691129035721176517e-03
3.155758244383508482e-03 1.995291934281084520e-03
3.363107535925419656e-03 3.148334115338019112e-03
-3.960967062825680556e-03 -4.302701468521628533e-03
-8.963183003451953568e-03 -5.497622253906043512e-03
6.124316143820501823e-03 1.199229968648756611e-02
9.942468215081885774e-03 -7.648517882053203557e-03
-7.862493034227679631e-03 -9.142959219352186570e-03
3.900727702987823436e-03 -2.470692896162471515e-03
-8.204754343634306640e-03 6.822170194345712063e-03
6.479701404985879071e-03 3.479004125064062355e-03
-4.008545489864383075e-03 -1.601269201503446090e-03
-1.420694717188926209e-03 -2.040619151275060213e-03
1.178555700911124030e-03 1.706899663088644109e-03
8.409245811011194542e-05 -2.557898717484826724e-04
5.691655939433105417e-03 1.773429634102093727e-03
-5.093333393573818736e-03 -2.642055060345691042e-03
-5.428777188094284153e-03 -5.664881132205714341e-03
5.931735399923530536e-03 -1.049175939227034275e-02
-5.913518239612205497e-03 -4.309327329152942698e-03
-8.023652955608535919e-03 -6.928455329145000348e-03
-2.609851795109106865e-03 -6.234369315048518762e-04
1.149596733528895388e-02 8.079773203868457002e-03
8.939314661532068995e-05 -1.817830813177337846e-03
-8.066058463646694904e-03 5.567872202289947565e-03
2.259431972993788083e-03 -1.759251874920735774e-03
2.720782945198262255e-03 1.891385779029364873e-03
2.215765177581068088e-03 5.449117788947249394e-03
-2.503295295606319370e-03 -1.839432701404076099e-03
-9.587418203370870820e-03 -1.019872110578871546e-02
-1.508698806925810182e-03 -6.291766676378202430e-03
2.451805236939485003e-03 3.392757156949182534e-05
-1.642221767912876215e-03 4.757426580094327971e-03
-8.659111972390562753e-04 -7.057811119497436891e-03
1.409167302260458214e-03 9.210686592987186311e-03
-1.452018246402809326e-02 -1.675351071068082245e-03
-4.956776779827002863e-04 -4.854307740507931429e-03
-4.521386520732837019e-04 -7.057411985291533671e-04
3.187897624867760266e-03 1.956989712125224799e-03
6.819519850084414334e-04 8.985774814346655839e-04
7.590194482805470060e-04 -1.060136537022895922e-03
4.576117712117283749e-03 -5.298032340864091555e-03
3.112554467930603677e-04 7.180668818723684845e-04
-2.462278844445237296e-03 -8.266781894557402935e-03
2.866966838983694456e-03 3.170191542572944193e-04
8.378910447269467821e-03 9.772095973569622229e-03
6.285939084161745218e-03 7.754803016854315036e-03
-6.713091120094018954e-03 1.155165621597895650e-03
-8.870676493624605682e-03 -1.011946631722410520e-02
1.142041669840504134e-03 -7.387427321792333895e-04
2.383614844345570069e-03 -4.396405380969271685e-03
-1.903583692868595321e-03 -8.777036465928153910e-03
2.816738067691993124e-03 3.799471891988993530e-03
-8.932560449350011172e-03 1.188999006806602116e-02
-1.291148913347790750e-02 -3.254970907260708660e-04
-6.360819222139877001e-03 -4.554116689683062810e-03
6.642122613741298538e-03 6.552458102423839963e-03
7.779789632996005067e-03 3.329770752820189125e-03
3.455151026792949859e-03 5.494828314453420546e-04
-1.111572322748644211e-02 4.379577277536846752e-03
-2.825615138368822981e-03 2.589575079008473585e-03
8.034845121080142318e-04 -9.575555538985319835e-04
-6.751792476456680916e-03 -2.532449082383211349e-03
2.710372640461538793e-04 1.445636672201872433e-02
6.184348023708445899e-03 -1.925185581094872572e-03
-2.406877154152992429e-03 -1.954339367872335274e-03
6.302767187595993345e-03 -9.773053662873458676e-04
2.941048708547079008e-03 -1.019461781990630561e-02
-1.164042692273364182e-03 -3.240441490954103373e-04
2.039293979148846386e-03 -1.030184481832507881e-03
-2.402965522526220605e-03 2.552598028979289561e-03
-3.943803709936282570e-03 -3.700866425243053582e-03
1.186043714707585121e-03 1.386831030371195837e-03
-5.607100462363967704e-03 -4.052212285277784383e-03
2.460889787567590963e-03 1.433576023283970532e-02
1.257810489474481827e-03 9.901579533424897765e-04
2.618728865785936721e-03 -5.765610039492615781e-03
-6.963644188089625209e-03 5.187500324981738839e-03
4.944962174495202804e-03 2.974449376405893537e-03
-3.383384252026052936e-03 -9.461559084740481154e-04
-4.204495135982491694e-03 1.432557381573115653e-03
-3.130771628242498463e-03 7.620417902700279099e-03
-1.455484441925387722e-03 -1.221296458403861931e-03
-1.028523478278624975e-04 -1.496794646551615100e-02
-4.343654034929126176e-03 4.709848153056086888e-03
2.119347036127741148e-03 5.564024455415508136e-03
-2.619527134200112795e-03 -1.545340607500413988e-03
-4.427985624374276841e-04 -9.117780948953827652e-03
-2.761336377400318547e-03 2.512970634696754576e-03
-1.267948847524512888e-03 1.109311500891552822e-04
1.160079952845951418e-02 3.598812345830618761e-03
1.122433928277853828e-02 7.003335467123242286e-03
-5.582321326176166269e-04 -1.512738208056456195e-03
-2.947945933881210637e-03 -2.865242532650216084e-03
8.700767271072155917e-03 7.366080972582456088e-03
3.740366050021142787e-03 7.054761641037743392e-03
-2.073157665966685829e-03 -2.196478384151388623e-03
1.188925568440417704e-02 -4.056858300565827427e-03
8.665977546335693754e-03 8.185403665453654803e-03
5.736456252715723368e-03 1.120995404364669330e-02
-9.528104881451854996e-03 6.206588177479774662e-04
-8.877366239008253543e-03 -2.488447037514769904e-03
4.690497474874186050e-03 2.499846682939253772e-03
5.367276540882653588e-03 -6.396471100043527210e-03
-6.374070943401932872e-03 -6.490143361106938055e-04
-1.526452948278108571e-03 6.486327265617873247e-03
-9.403922010100641132e-03 -2.016494688299878650e-03
4.919847788850317295e-03 4.715675745271973376e-03
4.495936885634514366e-03 -5.353050722646641134e-04
-2.748547675096716866e-03 6.308610605509120794e-04
-2.826078157327847895e-03 4.612567858435681623e-03
-6.358631896846693270e-03 -3.312144380971194201e-03
-9.486290161876596849e-03 1.504260271587679748e-03
8.219091523706139636e-04 4.932237356945866000e-03
3.706965382167419563e-04 1.805105995634390353e-04
8.616643161571337257e-04 -6.783069703774425099e-03
-1.138941083578616682e-02 -9.295768973767680465e-03
1.122745264599056374e-02 4.199322216982517147e-03
9.053311115704244447e-04 -1.399143936764309093e-02
-1.257373024416095358e-02 -7.417634916000942838e-03
6.396534984795179159e-03 -3.111915620407279190e-04
-7.547325955807848361e-03 -3.917954940628193793e-03
1.590206551426538370e-05 -4.686122824287707565e-03
-7.078486969805551990e-03 -5.873859193943993182e-04
-4.975297538201625680e-04 3.237663377199755804e-03
-7.201871572741227155e-03 9.360718233647627798e-03
-6.692910522100754822e-04 8.576249150265793930e-03
1.062601673691925160e-02 7.871960893366839601e-03
-4.035719431299937716e-03 -1.245895134719782020e-02
3.057280547141442723e-03 -1.048870991381064925e-02
-6.544107935459619017e-03 7.954536525093959531e-03
1.451572810299976788e-03 -3.285640938446621022e-03
3.772968449464420351e-03 4.993466639454676934e-03
-6.645826765418154716e-03 9.631484132991073935e-03
2.791160663088083135e-04 7.563691040282280974e-04
-4.834494043367004376e-03 3.164922505453655194e-04
6.568168513681789042e-03 5.707158870739996968e-03
1.326128651573632491e-03 -5.936445299965047856e-03
-1.171358275438613185e-02 3.225209924352556018e-03
-7.932072483700033233e-03 -7.504313833610470018e-03
-3.486955157825210715e-04 8.822762817123464647e-04
1.862231992253153556e-03 5.870442232663065918e-03
1.168535500552865189e-02 1.320029694654928538e-03
-1.191470531950478487e-02 -3.535858756987648142e-03
3.491202038903973466e-03 5.018118006141106952e-03
4.398129687306395253e-04 5.648579932482495876e-04
-3.601334920578382059e-03 1.024883793326728182e-03
2.880090790741085104e-03 7.768853006530547847e-03
8.717930623960194747e-03 7.967916015859890025e-03
-7.777139288743005821e-03 -4.110791223533705359e-03
-8.115824215979370454e-03 7.027332160594438638e-03
8.658952551496897770e-03 6.482479518742753806e-03
8.950649840165188697e-04 -1.533414058364001653e-03
8.720582132213652513e-05 -3.059803121889206889e-03
3.632085244189201911e-04 5.005792322797454792e-04
-1.163823959744818455e-02 -1.998469182244081918e-03
3.697705002907454683e-05 4.226496158413505563e-04
-2.940920939036619484e-04 -1.162318385937930859e-04
3.207711322009368198e-03 1.777804284688461623e-03
5.797701360914508939e-04 4.598517868758307363e-03
8.774258352171278308e-03 1.023437298369236394e-02
1.047347834719974686e-03 2.641129022426960335e-03
2.419665856455233219e-03 7.222979372535132982e-05
-1.114276939942049089e-03 -1.783504107401043780e-03
-7.428906791920871638e-03 -2.970074725819987077e-03
1.028009933489360504e-02 -3.383719501481774385e-03
4.352403336102081410e-03 2.580410817938894562e-04
-9.251176140436230197e-03 1.350556130643373876e-04
2.006563810199761717e-03 1.238804672559754190e-02
4.406543739020554566e-03 1.282525740913815614e-03
-1.097113587052650670e-03 -1.181669064122468395e-03
-1.083647939167375895e-02 -6.220989824282369476e-03
-2.710644587148231411e-03 -2.992474882461010257e-03
9.370984361201643853e-03 -5.256153736536610735e-03
-5.762033657321564972e-03 -7.445734895353868163e-03
-1.396506369462092046e-03 2.641400387132742875e-04
7.554941739109545182e-03 -7.759049897935556273e-03
9.675339090847809992e-05 9.219036759951977980e-03
2.359122898545427255e-04 5.941745988469686324e-03
1.135814943421545819e-04 4.869283768109964922e-04
-3.274049638765819982e-03 -1.430010835493491367e-02
2.504684352484756737e-03 -4.229545636876404398e-03
-9.355880564101554109e-03 -6.740919734744126382e-03
-1.376564902817180649e-03 -1.127198159457025450e-02
1.591529977660788428e-03 7.480189370634366449e-04
3.192064795504784757e-04 -1.624994530271825629e-03
4.582216669037238871e-03 4.508773646994018898e-04
-7.669704810379651683e-04 3.403197949167089710e-03
1.783104973193670598e-03 -4.769752263438223859e-03
2.164275118914233721e-03 3.643612659112665120e-03
7.477283487374538663e-03 7.579593105796655211e-03
8.110395757970286640e-03 5.891644986681859181e-03
-1.941023761858056730e-03 -7.176693302343438094e-03
7.004246843273832270e-05 -3.661638165167782275e-03
-1.876872770392856412e-03 4.103638459191605477e-03
-1.395446231761265574e-02 -4.826814957279322235e-04
-9.778961547514978744e-04 7.077161797678767005e-03
-7.043234226108704456e-03 -3.429701391691663756e-03
-2.961995923558013305e-03 -6.271090826070196619e-03
-1.097265269691303363e-02 5.609223902905499486e-03
-2.202641225823676573e-03 2.002716063326003167e-03
1.121293963735473485e-02 2.816466702989745517e-03
1.008507572669490801e-02 -4.395878477258485101e-03
8.324099545440694081e-03 -9.920275538390779108e-03
-4.544313581088182258e-03 -4.074213307712004455e-03
1.395664964290526874e-02 1.724653804440481712e-03
9.822708053372948295e-04 -4.593217180254349774e-03
9.051650112147860069e-03 7.725776999581978992e-03
1.437395051117938390e-03 4.665446973979700887e-03
-5.219575820714338239e-03 -1.260381006885714916e-02
7.372579063709214751e-03 7.036177579881918755e-04
-3.252974654251011496e-03 -9.191335914805854462e-03
-5.094594680948951772e-03 -7.930012927911974860e-03
-3.193198313373540181e-03 -3.949487706956893423e-04
1.529901560945283673e-03 4.360291066163920343e-05
-5.507441188192238124e-04 -1.832806840773442813e-03
-1.126139604324877860e-03 -3.947380092107332511e-03
-9.612995607976140833e-03 -6.434501957496569467e-03
-1.135351924456858008e-03 -6.892276547530102118e-03
-6.351734671512561207e-03 9.747715971585328362e-03
-7.317049603912304662e-03 -5.748111437148746214e-03
-2.142274096480012782e-03 -2.580825777836879241e-03
1.563765247762333600e-03 3.270265776643713380e-03
-9.294715166345645860e-03 -4.013510928914441542e-03
4.402169088433396937e-03 -1.201418876511744149e-03
-2.800500752722006291e-03 8.483487101428549646e-04
-9.929216493819260914e-03 3.743415528480154540e-03
4.441668713212167455e-03 9.797146474462854054e-03
5.231566254602403390e-03 3.410749847717134582e-03
-7.236996546934200067e-03 8.460975000974474761e-04
1.174294402111351020e-02 8.874444530052543953e-03
-7.989820920169818722e-04 -7.915436034523352579e-03
-1.052005102588015467e-02 4.291972322006764803e-03
2.143742863812787489e-04 2.855966327767154710e-03
7.789464972086221697e-03 4.251674428813929235e-03
-8.205200954921765960e-04 -1.100121569522634520e-02
-8.097909489751618090e-05 -2.548223378392921665e-03
-2.624157323797960241e-04 1.868458718676412793e-03
2.436366190385605857e-03 2.697057616431134102e-03
-6.527279832025371757e-03 -7.775718580477022392e-04
1.581854638569782714e-03 -1.738847389321256836e-04
1.779065572063023935e-03 2.080246545557595632e-03
-6.942904453029176415e-03 9.623293386923832161e-04
-1.016420274575496191e-02 -6.244316018842124665e-03
6.922164717969518655e-03 3.262841647598794734e-03
5.470256658214390708e-03 -2.785460840374820533e-03
-1.465159781016393218e-03 -2.143200134399424368e-03
-7.374814448059226809e-04 4.145916197726568983e-03
2.853715117721067861e-03 4.222121507830344303e-03
3.877928412138855700e-03 -1.084443042443060563e-02
-3.172458578312520230e-03 -4.620119756985725627e-03
7.033686656522934906e-03 -8.849138490150201125e-03
-8.939920693643167715e-03 8.531224949367048963e-04
-5.271193648885048530e-03 -3.052378992844288243e-03
2.741059661298324811e-03 -3.107924278339254612e-04
-4.102904075529191508e-03 1.111254597952230326e-02
6.975969871432840218e-03 -5.046617119701514963e-03
1.455149192471597887e-03 -8.112646968015231608e-03
-8.472678244469225226e-03 -1.043820977781555887e-02
-2.752044346820364893e-04 3.750568292823396738e-03
5.238255999986049516e-03 -4.220269431992201142e-03
-1.279399600751034149e-02 4.668368682935409610e-03
7.910310592601343255e-04 1.025849744666686679e-02
6.101852102429054011e-04 1.295250558464513526e-03
5.864806294702817023e-03 -9.634134477243282146e-03
5.938169606298636383e-03 4.591093739713388716e-03
-6.941978415111126587e-03 -3.083656220162032426e-03
-1.127065642244346778e-02 9.860546674600820932e-04
3.687614703981106998e-03 -3.870135636266217906e-05
4.982402243485234070e-03 1.374106212820497925e-03
1.265298503272874533e-03 6.700893206255031584e-04
-1.151253989971694550e-03 -2.206153723241714108e-03
2.810511341268733237e-03 9.407498392272263532e-03
3.129797531272189137e-04 3.983031970011444156e-03
3.156221263342533397e-03 -2.770084514612265042e-05
4.992077582576240000e-03 2.296009888816059712e-03
-6.631185987276520463e-03 -3.425965588631360234e-04
-4.133989648590156649e-03 -4.252073563022554237e-03
-8.032067007324408814e-03 -2.562401137574279834e-03
2.453657312778308175e-03 -8.058043546137054827e-03
6.242735307708051004e-03 1.294017990129509368e-02
1.287762544666120820e-03 -2.901165775259186745e-04
9.031038146592076932e-03 5.940117800257126157e-04
-1.297437883757126750e-03 -6.317870984696434371e-04
4.519662214402322964e-03 3.792446897150877558e-03
9.481452492331773896e-03 -1.965212109584890243e-03
3.323480141643346108e-03 3.506704970210185006e-03
-1.132294474952447692e-02 -8.130401109367533033e-03
-7.956723850387823274e-03 -7.786080244172059218e-03
1.817718869360695697e-04 4.917261329349760166e-03
-1.031753940388306472e-02 4.984062665066488901e-03
1.095237598081240035e-02 -3.407045696041529140e-03
-2.196749748851266164e-04 -1.293925386337157601e-03
-1.041711896760976527e-03 5.130773462563279277e-03
2.980085314365462420e-03 2.826940310494356363e-03
4.609390610471433489e-03 1.130855951039263368e-02
-9.082528205256979251e-03 -2.399516909859835453e-03
-6.484203825076913057e-03 5.393987463357822858e-03
-9.587529565207621174e-04 -1.176991048259778960e-02
-3.971440670331434150e-03 -1.253555579150953878e-02
4.041020119803786018e-03 1.089691040576782309e-02
6.441335298078367834e-03 9.125332847503192513e-03
-9.540893583754095353e-03 2.502768391894961194e-03
2.453529543273643820e-03 3.298892659708567605e-03
-7.295048581478083723e-03 -4.685324555872960768e-03
-7.573701628827866038e-03 -7.464686439328396469e-03
1.506639251136500639e-03 -6.307141838181110072e-03
-1.480135808612607689e-03 -1.503062868966130927e-03
-8.921831302835719901e-03 -2.591028020639133626e-03
-1.877671038808964316e-03 -3.207312187801885511e-03
-4.855393199326685748e-04 -5.955396843939577030e-03
-3.002421586254833651e-03 -1.322367061819037896e-02
-2.845301066005194533e-03 -8.588175699401064817e-03
6.470489084855259379e-03 5.341076696424341963e-04
1.056796470237536707e-02 2.340538837396430923e-03
3.615847929214210076e-03 3.579717206660438817e-04
-1.411482397058306734e-03 9.042773041465674037e-04
6.293890116919163488e-03 5.411741604710121681e-03
2.421853181749206683e-03 1.314202102439042267e-03
-2.952320584467008242e-03 -5.349187150074634182e-03
5.479005959385985051e-03 2.182428394474014797e-03
-8.907653543655042611e-03 -1.054211593306659742e-02
-1.707761816255152576e-03 -4.539268431590941970e-04
-1.392594737835320656e-03 4.771077435564898689e-03
7.443419800556699654e-03 4.352930239812759575e-03
1.335803990664638204e-03 -5.014541623969486286e-03
-2.809840842357861929e-03 9.260388460567529900e-03
2.302763518955440241e-04 -1.830156496520553072e-03
-1.060934805443328167e-04 -8.069970095273028277e-04
4.666516607096828214e-04 2.088596712521245419e-03
2.563167754604115181e-04 -7.617368424240586466e-03
2.233796911406020556e-04 5.905830065379397142e-03
3.924487604854250827e-03 7.431593180603921801e-03
4.385602200811229354e-03 2.532451651374110265e-03
9.496219608886176042e-03 5.207742541769887212e-03
-4.516323097659246180e-03 1.027122260044293321e-02
-5.827933837388722151e-03 1.080162976993020649e-02
-2.941291578675097815e-03 -8.152419590425044951e-03
1.395904564817461143e-03 7.444213993269291341e-03
-1.985230792376467979e-03 1.168228420894413047e-02
7.510082143907448847e-03 -6.070300804134267682e-03
6.254779968980629483e-03 2.732771403748233355e-03
5.630664580998367974e-03 -6.933309767599227583e-03
2.770317036110663401e-04 -1.343942663534753237e-02
4.403755172582048995e-03 9.770642632213310738e-03
-2.312872996538819018e-03 1.244344645576164060e-02
1.057967003177492406e-02 1.010240975191275224e-02
5.238005334339902556e-03 -2.300255051975608027e-03
-1.223013534263288175e-02 2.001037840574969220e-03
-3.274842761667488659e-03 1.043465051511205388e-02
-8.206632621520061274e-03 -3.179550542725000529e-03
-6.035013617420644655e-03 -1.669685832567639142e-03
9.570760095316644756e-04 1.229031492538332909e-02
6.095585714519648896e-03 7.789170398924269911e-04
3.446218127346101136e-03 -8.980655834916402222e-03
-2.014783917647215185e-03 -1.152894463421313617e-02
-6.537531455875090353e-03 1.520708432553468476e-03
8.370175233940279139e-03 -8.765308057769554198e-03
-6.369354401044589713e-03 -3.514054128051649975e-03
-8.030291327339225335e-03 1.127172673748748875e-02
5.084236284720745035e-03 2.560384920542651838e-03
6.149330144814084062e-03 -1.867186812357214112e-03
6.199124872016932922e-03 -3.539933299442634199e-03
-4.081517621045230651e-03 1.122419881304806411e-02
-8.057399382004826888e-03 8.060442834371425377e-03
7.596986292834516201e-03 3.209241042274368731e-03
6.767256219248961140e-03 9.343702179750034038e-04
4.951041737828842937e-03 1.831637091647160672e-03
3.723988778939829863e-03 4.195976524893746222e-03
9.242640876975374148e-03 -8.357366031771196538e-03
-3.116874890694784368e-03 1.240500774451726469e-02
3.376590163379731028e-04 -1.327858145558435759e-04
-9.296103922644325529e-03 1.074471049976467862e-03
1.086415897404913004e-02 2.126680598788092177e-03
-8.950693590277956305e-04 -8.547638429339556726e-03
-5.319716223549573325e-03 -2.420787180832306359e-03
1.091042968313006220e-02 -9.648227971950400911e-03
-1.197386721675394944e-03 9.505534769581936751e-04
-6.116644568217493097e-03 9.903603826329925031e-03
1.144036156065739163e-02 -2.920636352339273101e-03
1.409335886225265323e-02 -2.697822318125623394e-03
-2.141695315518004836e-03 3.213954346410558428e-03
