7.684297529461300846e-03 -6.013081395666464851e-04
3.021101765526544494e-03 -3.600408882658970040e-03
5.704300464563858558e-04 1.301055761918480311e-02
-8.529468991640696759e-03 -1.068167396622196966e-02
-8.048735689870222150e-04 7.026533892179692709e-03
-6.935879458191741322e-03 2.665253485402142332e-03
-8.884391233845687769e-03 -4.191371184224529020e-03
2.958547310892198877e-03 -2.588393502081748170e-04
-1.655345719670838238e-03 -2.694407272178244144e-03
-9.601260713097187552e-03 7.086310233057164024e-03
7.409428344234984289e-03 1.248320357967630696e-02
3.479674623975505254e-03 1.218818544785323262e-02
-1.177256082684999955e-02 1.739773427236099811e-03
-2.483944617423737219e-03 4.374650586367895971e-06
2.764784990066132975e-03 4.016959541581616860e-03
-7.968586514770652912e-03 -9.949956228878347950e-03
9.507029896937614633e-03 -5.729431257877716684e-03
1.342260585801641724e-02 2.516674786372821888e-03
1.011759841569908258e-03 -3.850498931695551380e-03
-5.495243274355971451e-03 -6.830248996605862641e-03
5.943470294803844707e-03 3.029052798284533055e-03
-8.811363171705589858e-03 6.999136063125859994e-04
5.175829314855578955e-03 -1.223563610538884981e-02
-9.906848570537382312e-04 8.959271371825752034e-03
1.030037605099502762e-02 -5.585897708343923705e-03
-9.690063071248818105e-03 -4.475787939038327300e-03
-5.689005595180896338e-03 -2.554450104817432288e-03
1.850832346828559750e-03 1.683573468527747689e-03
8.307734460966833059e-03 -3.211159934675182626e-03
1.179561449279515912e-04 2.970872994235413886e-03
-2.531523044463799763e-03 2.705806917603408458e-03
-1.309061067616233698e-02 -6.023778890790490448e-03
-5.441821429402428009e-04 1.893110085362843028e-03
-6.955230136372392291e-03 8.214461334121597735e-04
2.219804578711143377e-03 -1.400881020047889218e-03
1.190546134799188530e-03 -7.486160558051369387e-03
-3.892776670229834007e-03 1.276314840175966307e-04
1.612269712721807729e-03 -3.477152049226600074e-03
7.160264333117815835e-03 1.044655994477966879e-02
-3.943005441522106497e-03 3.610084221749975536e-03
8.092769386121294317e-03 7.312802722831171845e-03
7.889459495710028289e-03 -6.902382672215813704e-04
5.357936451246227659e-03 2.015568650381827521e-03
1.491663223541646842e-03 -5.667004572746674532e-03
-9.044625117309064086e-03 -6.022852852871077994e-03
3.773894487383831937e-03 9.474810806014042578e-04
8.220528639644696101e-03 -1.513568127859757362e-04
-4.692221781207772842e-03 -5.764811771079010431e-03
-3.077429493738201381e-03 1.333951914827175705e-03
-5.195052223531783711e-03 -9.651074524492570840e-04
-1.016639007104893667e-02 -7.486288327555815601e-03
-2.841517203883658655e-03 7.275697903296862029e-03
-3.093203789748591274e-03 -5.336861466732560622e-03
-4.495138617220338292e-03 7.846255719257693231e-03
5.013615586051435591e-03 5.381789549519053195e-03
3.183985993240988875e-03 -2.549947684726400036e-03
-3.807295155241856299e-03 -6.197136726010686256e-03
-2.616876789948474440e-03 -2.326361078215072754e-03
-4.321971854283719258e-04 -1.224186283181268042e-02
-2.890819937255377677e-03 6.712165082174608235e-03
-1.223020764738020315e-03 -1.809480646213688492e-03
-1.287299525706524315e-03 -1.732876201901969049e-03
1.541764225328112661e-03 2.207478895367927935e-03
-3.040452443708555920e-03 1.756601530667846033e-03
-3.450776376207152687e-03 1.934461785979075610e-03
7.371653025789231574e-03 4.749603316842145213e-03
-8.537547793901990520e-03 3.018323651769670192e-03
-8.475121108770949235e-03 1.103369032516563798e-02
1.225671108990229827e-03 1.028460175498349498e-03
5.031369727403734414e-03 -7.396304392477022482e-03
-2.530597006545749067e-03 -1.340178641251006317e-03
5.396797228492101160e-04 6.979881503059041752e-03
3.503527722247188475e-03 5.159001211421330828e-03
4.911752578922378917e-04 1.372729932892913576e-02
-8.273407755189397111e-03 4.414830021231191948e-03
-2.494545994434154302e-03 3.128456533444078785e-03
-1.138516395470503401e-02 4.545111849502358331e-03
-6.573804451642147224e-03 -1.347906135573137890e-02
7.864680359520292638e-03 1.038493152806473606e-02
-1.004575425834026633e-04 6.964905475463398221e-03
5.774487110170015494e-03 -3.770318105212210405e-03
1.165766998606951842e-03 3.589009237235166617e-03
-2.724359327369312196e-03 2.935620250538566352e-03
-6.890153106989141060e-03 8.055792336092788136e-03
-9.731414771863690014e-03 -7.382382172304094436e-03
1.542690263247524247e-03 -1.838506663485344741e-03
-5.944268563218591504e-03 -1.034000344527688173e-02
-1.250865321477770409e-02 -1.832887133203127406e-04
-1.178740908494097656e-02 -8.977025513176908542e-03
-7.387555091304068983e-03 -6.348049255375763644e-05
3.191937025998977870e-03 -4.893009096871274270e-03
-7.149790725612063108e-03 -2.213705621791758980e-03
-9.616108971188166293e-03 -3.630488707355844762e-03
-1.231897835414060439e-03 4.579566324785601383e-03
8.322710488562257147e-03 -3.851297200110298177e-03
7.156017452034752271e-03 -3.394320878490831011e-03
8.208330725805925571e-03 -1.164917622391432352e-02
1.028274967914717501e-02 -4.164739972195971064e-03
-2.727009671622882599e-03 3.716640721252763464e-03
-6.057850057558815393e-03 -1.082693182208741695e-02
-1.914439351914487119e-03 -1.282654373232706112e-02
2.046033695378800168e-03 -1.378933753264448107e-02
-5.385997359010091627e-03 -1.324761530538134946e-02
-3.911710963642732117e-03 -5.469897335326822990e-04
-3.526838673273678150e-03 -2.979417142205751344e-03
6.639880734224586425e-03 1.275106268139741122e-02
-1.925816273718179965e-03 -8.590917841601777849e-03
8.824317133255965215e-03 -8.328400369875458079e-03
4.718969248912388038e-03 1.160052098036626345e-02
-4.738027970575610023e-03 5.146125114501500820e-03
-6.591406271888053045e-03 1.213985856522631530e-02
7.790284592732159112e-03 -3.206864514275080229e-03
-1.168735083699640881e-02 -1.743557422298430996e-03
6.234490534130018727e-04 -1.237388095828335574e-02
-1.134747522221147371e-03 -4.149822454865200252e-03
-6.988444679415047565e-03 1.315028416237661903e-02
2.876244923667542214e-03 -8.079282283988374613e-03
-3.460616215933993902e-03 -3.826155295131544558e-03
1.404409737064551272e-02 -3.612756630330331720e-03
4.876303321594542897e-03 -3.524967845257940841e-03
-1.170943774900856833e-03 1.196171141612846663e-02
-6.019128427570159291e-03 -1.162526415828623282e-02
2.550987881253648725e-04 7.980284905498423453e-03
6.785059452085986237e-03 -4.320154640783242751e-04
-3.440866381138621422e-03 9.530257077272518557e-03
6.301900480399010539e-03 9.539903690833496930e-03
-4.575980332148859089e-03 -1.409629705484264847e-02
9.302564615624928784e-03 1.003085197401395144e-02
-4.302319130142988161e-03 -4.868205257639860633e-04
1.263805155695395081e-02 -4.201373581460147826e-03
-1.113838385713224188e-02 8.680561848406119496e-03
-1.337122418675914083e-03 9.807380666548057291e-03
-2.285890305231398590e-04 -3.990045887629322698e-03
8.620288313370229327e-03 -1.127686744861610725e-02
-1.067720879832354322e-02 3.587211232873970413e-03
-9.652380809350200042e-03 5.362363278072889566e-03
-1.271563184702910465e-02 -3.415777963527105807e-03
1.205723683006631672e-02 7.651655223202498413e-03
-2.401239390423274764e-03 -6.342748347267283988e-03
-2.890752764030690182e-03 5.273230381904289721e-03
2.419365364788887609e-03 1.892251308272841241e-03
-9.729125631968649213e-03 -6.695051303743837848e-03
2.115614525506305608e-03 1.260488743240708448e-02
1.840964819423220955e-03 1.256014020566024667e-02
6.546045923729875045e-03 1.169366774086158869e-02
-2.882251793170736943e-04 7.042272309185609869e-03
1.070692571405530702e-02 7.591145462932323215e-03
-6.670233567000555253e-03 -4.552574597798051716e-03
-5.695024529021814989e-03 4.194502387932986208e-03
1.345378757438294055e-02 -7.379336792292136695e-05
8.961669985156827875e-03 6.122782549324040473e-03
