9.153417001165813170e-04 -3.735592265227291771e-03
8.857248943806637735e-04 6.878625692060672848e-03
2.682544607794054483e-03 -3.819221704378269067e-03
-4.639470435167736620e-03 1.328651226321396223e-03
-2.131129990061454964e-04 2.431991539799128674e-03
1.413669722351490465e-03 3.376950045653012060e-04
2.068862725828860428e-04 3.176034960484141328e-03
-2.885519248751529809e-03 5.150124140744610259e-03
5.362311101833956879e-04 4.499513267806706405e-04
-1.152643046850131484e-03 3.862824615038766389e-03
6.084609039093179586e-04 -1.969714529675242916e-03
-8.725881656718401450e-03 -5.624854603717518130e-03
4.015235235248029201e-03 -6.029750078205890068e-03
-8.395355242190377307e-04 -3.511079620797233347e-03
1.252754087399990043e-02 4.050088844736822458e-03
3.639908507436380100e-03 1.401966711650000016e-02
1.020290410211898563e-02 9.931930722824371810e-03
1.207679127880505188e-02 -2.724630692072810972e-03
3.606763378587465874e-03 -1.394386094060302839e-02
7.693845099049001143e-03 1.167753174227567983e-02
-5.161523786169093693e-03 -7.072388012885596868e-03
3.603857495326716082e-03 9.551031941805376499e-03
6.325231228989239632e-03 -1.937511264438768026e-03
-3.872499954129771885e-03 -2.074546722845693920e-03
7.336331159581935962e-05 1.422522821695667260e-02
5.096909775745440269e-03 -2.184950969222920411e-03
8.373481989264247236e-04 2.269107312084684292e-03
1.226134127949255392e-03 -9.945326039288576725e-04
5.134685094190622259e-03 5.548649293611920483e-03
-9.629360692450003589e-03 2.746136462190261474e-04
1.267418778674435711e-02 4.527294405375446168e-04
2.928595255700559667e-03 1.021435180660233526e-03
4.271759490658355064e-03 7.043761129820062632e-03
-2.251034328942099969e-04 1.162505176093914239e-02
-2.335573398346481745e-03 -3.280196654749758297e-04
2.941383958002800458e-03 -8.606743934867504189e-04
-8.893012765493441094e-05 -2.051619662487274968e-04
5.800527533734312589e-03 -9.557530032931563571e-03
4.539110174687881194e-05 -3.943404575728909171e-03
-5.864215506238555295e-03 -3.745794508030226601e-03
-1.126070596525175979e-02 7.272942837489989806e-03
3.942513100842510478e-03 1.179670798870327900e-02
3.436148066229877032e-03 3.959570518144570582e-03
1.302907477476807074e-02 8.034733429273855677e-04
-3.786184372155855342e-03 1.896984615254745151e-03
-8.802260790217857414e-03 1.502742084870273623e-03
1.008549910433905600e-02 9.707220271934446226e-03
1.229009329206568434e-02 7.973897439170587239e-04
-2.627322070231059761e-03 2.795737074270935717e-03
-7.281794932425404536e-03 2.839676325500802272e-03
-2.469395441023849048e-03 -1.215336999756990756e-02
4.566621981347918709e-04 8.099822256817724650e-03
-2.061175510380360530e-03 6.022767114553703380e-03
1.979725954879277966e-03 7.109174396732543741e-03
-5.245417895526995056e-03 -8.390969184892486596e-03
-1.754049256915871102e-03 2.528367642925904903e-03
4.217708034754081257e-03 3.418333773744295593e-03
-2.473439095920371058e-03 3.963477492720061772e-03
6.315266538621336649e-05 -6.870116939229732080e-03
4.340264750080204473e-03 -5.471926338205544520e-03
-9.698349236979623630e-03 1.012971708175029349e-03
1.328792035876242596e-02 4.174564754326125400e-03
1.306512690772071265e-02 4.294562081967026948e-03
-2.239011909874345958e-03 2.200363896598175363e-03
-3.571018075296547665e-03 -1.347944683353464491e-02
2.773449842186625439e-03 4.560071342590752384e-03
1.320018366098615892e-03 1.425266049796382849e-02
-7.353771485183181441e-04 1.215230785945583744e-02
-7.327875035257565067e-04 9.455664369293225249e-03
-6.888659622552521788e-03 -9.010000743020720902e-04
3.904078624326737506e-03 -1.213336411586081118e-02
3.281546309416941490e-03 -3.899886664698565264e-03
6.160116114026670253e-03 9.217633711953046247e-03
1.106682388832690850e-02 -8.230078502615726863e-03
7.194609895306529682e-03 -4.781621533143963661e-03
-1.391878068372937038e-02 1.412155231175095350e-03
-5.700237168164722958e-03 3.628711536397590583e-03
3.491134038976927926e-03 2.216807411506817663e-03
1.066975273163745137e-02 2.619560039702757085e-03
-2.293697578049513127e-03 -5.705532853874604841e-03
9.631269266269103582e-03 -1.283379275764951312e-03
-9.789719693273567572e-03 1.999981753616905059e-03
-1.255200593031719283e-02 -2.766553272246099950e-03
9.290240297137477773e-03 -1.166096719259481808e-02
5.934239979750088358e-03 4.454612003365402730e-03
4.312640578801610336e-03 1.902081559160517929e-03
-4.517167903671378930e-03 3.572436876337163440e-03
6.603622595001751826e-03 -7.972609892974274678e-03
-1.012530204336825265e-02 3.631904796681124318e-03
6.668749406690139755e-03 -5.710536937812771448e-03
1.143446004815930686e-02 -4.908567450874626661e-03
