-5.345738537407457996e-03 9.482250760746520693e-03
1.627564582111400496e-04 1.240739740377933345e-02
-2.002444698623646706e-03 1.280977030352130341e-02
-5.018916274554712301e-03 -3.819748608089736531e-03
-7.120892477843710974e-03 1.190894161204054946e-02
1.743477578911025458e-03 -4.411381408565376652e-03
1.267150579110907973e-03 -7.421881797082864954e-03
5.340437848903039839e-03 -7.920209819315841837e-03
3.134427720856734290e-04 1.960039190584917431e-03
5.841288445886283660e-03 6.728993185608855496e-03
1.649246762750311741e-03 -3.054502433384568855e-03
-1.048883768331531491e-02 8.299655658704179276e-03
-8.897642955108316098e-03 -2.862688306514791364e-04
4.992540601535265347e-03 2.730171093888525413e-04
5.664354228494465453e-03 2.272683694256985836e-03
-1.270851449252179133e-02 -1.656399527093553939e-03
-1.138596222311978080e-02 -2.765838797489990342e-03
-1.333897641886476124e-02 -7.494718786947764805e-04
5.353050722639841018e-04 4.495936885633943642e-03
-1.126139604324877860e-03 -3.947380092107332511e-03
-2.266456967831794334e-03 5.632772821165688698e-05
-1.527714235652099725e-03 1.198369398050229406e-03
-7.590194482811179469e-04 1.060136537023576150e-03
8.022232247348127024e-04 -6.245513421464354148e-03
2.801762040097139327e-03 4.439609157423429070e-03
-1.085423353302605691e-02 6.557104117713707069e-03
-1.078465408355313432e-02 4.918458731971310505e-03
-6.321862326771263401e-04 -2.358037439740299189e-03
4.053010553693211192e-03 1.703850184628952127e-03
1.163340192790279087e-02 1.537517344247551869e-03
-1.033112637460084290e-02 -4.447784077806979375e-04
3.909732543168042409e-04 -2.021667607299851462e-03
3.075705187404042997e-03 -4.598917002966251485e-03
-9.744794262629620507e-03 7.879656387115718461e-03
-1.722274824891551533e-03 -1.836782357151186358e-03
-3.195513408169457521e-03 9.720015126438524833e-03
0.000000000000000000e+00 0.000000000000000000e+00
8.197218270780009565e-04 3.690265048233316511e-03
4.497533422463437236e-03 1.408659622172071454e-02
5.212806364884082534e-03 -1.181298648954681729e-02
-2.188000447682612610e-03 -7.971364628527526780e-03
6.408397649179940411e-03 1.852684422666022249e-03
-3.508828410751826509e-03 -3.596960269993156045e-03
-1.479337540198431833e-03 5.807887778026898408e-03
1.190814334362580267e-02 -1.900581691486385658e-04
4.377054702787940704e-03 5.398074923550165698e-04
-8.796259374612790507e-04 -1.129715986496499175e-03
-1.724925169143980055e-03 -1.055761886438349919e-03
2.820186680359739601e-03 1.032940206826782684e-02
3.271990082977872197e-03 1.701199840376742397e-03
7.210202422204721462e-05 8.937270349391530228e-03
-3.313341783592743672e-03 -4.607794073642510618e-03
1.615590555884318692e-03 1.440971433289853568e-02
3.210361666261577276e-03 9.967838139731230625e-04
3.630360937850038092e-03 1.740827234658816162e-03
1.025452193028912259e-02 3.804996468121935038e-04
3.952680780613112427e-03 -2.688180545754413966e-03
2.299985405194483919e-03 -6.163608288647996238e-03
-5.063844357342565765e-03 -1.899336811788034530e-03
-2.229479917802148874e-03 4.789773440523269980e-04
-1.566543361519207901e-03 8.867690899917245878e-03
7.987937192952663037e-03 1.179376358086947282e-02
4.723898142731638820e-03 7.749502328349215999e-03
-4.120737927327530054e-03 -8.157175916595604120e-03
8.741783722232667267e-03 9.387317794298101307e-04
1.825382711727382935e-03 -5.909143589025047869e-03
7.664946851280649009e-03 -2.445115491556629043e-03
6.278115820919003259e-04 -1.259071776847988126e-04
-1.405383440138921903e-03 6.653187009710741402e-03
-2.630256280714404933e-03 1.293567748120474231e-02
5.021694388312728484e-03 -8.318208068472585787e-03
5.107846402211007643e-03 4.024910574339604988e-03
-7.916218477243954030e-04 3.121431538606642825e-03
-1.599816259873927497e-03 -7.738900951338799350e-03
3.935852677178864299e-03 6.043927837387247370e-03
1.982040213019138370e-03 7.493441091901121252e-04
1.850832346828559750e-03 1.683573468527747689e-03
4.862258773264098097e-03 -2.838739090126784353e-03
-1.472184775855189635e-03 -3.846124281110324932e-03
-3.077429493738201381e-03 1.333951914827175705e-03
-1.196884572242382788e-02 -4.560343416106893422e-03
1.167130501585184749e-02 -2.085818598765051129e-03
-3.633937320021659624e-03 3.086178794909795291e-03
-9.543080909048068383e-03 1.260796083181270691e-03
-7.449311277526168840e-03 1.058903968688960570e-02
-9.908476758758812120e-03 -4.817554578092015163e-04
4.008210240410022517e-03 -7.732674224914967871e-03
-7.457932809193098395e-03 -5.735785753804851193e-03
3.734267093101758389e-03 1.305851935473569935e-03
-5.489144317436587053e-03 -1.081339291041689618e-03
5.064068244956315343e-04 -9.626710348198364367e-03
-1.916835414131222567e-03 -4.871934112355104027e-03
-4.574393405783125366e-03 8.562997429003167335e-03
1.853482691082129936e-03 9.025529978135506852e-04
-3.214864086352609961e-03 7.876207774448761717e-03
-9.349446357726448262e-03 8.341933397239603351e-03
2.831714095288206945e-03 3.159334626555700305e-03
-4.323249549316758242e-04 -8.849266259659167595e-04
5.439043315648979353e-03 -6.793144177071552825e-03
7.134814698016639020e-03 2.853842887226874098e-03
-4.559289608683036489e-03 -3.434076042277569782e-03
1.017341506588637090e-02 9.189212474265573416e-03
-9.362570309485770959e-03 8.900995449658893541e-04
1.178223616594100374e-02 -8.178697512405382411e-04
-3.065902078809733602e-03 -5.836115526884949958e-03
-9.283187751417176781e-03 -1.118357837062656721e-02
6.149430529467319814e-03 1.025107331762194728e-02
9.739365804620536693e-03 5.039320760160581093e-03
-2.906594233265768004e-03 4.135170061487169167e-05
1.059964106389980551e-02 4.325229394665956045e-03
-6.558030155631756897e-03 -6.808247974171642569e-03
7.167417097468346690e-04 7.925478856392868419e-05
4.400907801059624792e-03 -6.489376744076885001e-03
-5.948770983308263732e-03 -1.467011856853855933e-03
-6.007749055772349141e-03 -2.952448353972814046e-03
-3.583708548730529016e-03 -3.962739428212231577e-04
3.143688100050850151e-04 -2.085946368268355462e-03
-9.361644271566358505e-03 -3.155886013887383539e-03
-6.145598608292732971e-04 -3.779195175888250963e-03
1.494984066704157372e-03 1.221986180937845862e-02
5.770910727998394829e-03 1.056687924356401048e-03
1.314601236645164062e-03 1.233622141747076940e-03
3.362772286470269364e-03 -6.185609311082218044e-03
6.702489743083602305e-03 1.968916261259815240e-03
-4.303100602728431208e-03 3.054917393288262076e-04
-1.445809102835742682e-03 -2.993927824094414847e-04
-1.223020764738020315e-03 -1.809480646213688492e-03
-3.712266070667537450e-03 -2.430650541977844893e-04
-3.083656220162032426e-03 6.941978415111126587e-03
7.557464313858450362e-03 2.816865837195868180e-03
-9.534203838371809250e-03 -5.128250887815515545e-03
-2.063019307916083827e-03 -3.297567487583714235e-03
-1.547064913833892143e-03 -6.454379539383923699e-04
-2.716280525108019303e-03 -1.076437736745307176e-02
-3.567008214800945678e-03 2.228553879882737721e-03
-2.250682671822764897e-03 6.727141109770250899e-03
-3.354821253713422251e-03 3.842547898938704267e-03
1.095389280719063010e-03 -2.083296024017287831e-03
3.057152777638138825e-03 8.682262920361148457e-04
1.123617029578475451e-03 -6.628535643024310517e-03
8.710107360707441265e-03 -1.045958777841537752e-03
1.104429170217605463e-02 5.351039225913237912e-03
-9.601260713097187552e-03 7.086310233057164024e-03
-4.545239619008165435e-03 -2.822774885805155037e-05
2.100124127450394076e-03 -7.636719102421236569e-03
5.971698043661896257e-03 -1.516186820723631513e-03
-1.221986180937845862e-02 1.494984066704157372e-03
-4.648219736339330964e-03 -3.639238008527439106e-03
6.420723332522013105e-03 1.993567627947606582e-03
3.354437945198942596e-04 3.022826071860702877e-03
3.859376002371591070e-03 -5.377287129429380967e-03
-2.408266211031429363e-03 4.114638970408144789e-03
6.173379745861473818e-04 -8.358761500672710898e-03
2.508595984111528128e-03 2.773917599752206541e-04
-7.612195505240613655e-03 9.538578488957035265e-03
5.828164494128103279e-03 -7.228406666662193919e-04
-4.783131754204616656e-03 1.347893358622807500e-02
8.092769386121294317e-03 7.312802722831171845e-03
-1.029386213417761084e-03 5.271656667843502286e-03
-6.361745260059288587e-03 -5.081311308297899176e-04
7.319827717669750121e-03 -6.389845239412894791e-03
9.685560651150715121e-04 1.334877952746587292e-03
-8.629256035316959289e-04 1.495111836207461487e-03
-1.241442239861812943e-02 -1.540167688499760948e-03
-1.129843756001163747e-03 1.223656214330690051e-02
7.488810902303578466e-03 4.095256640838499697e-04
8.734886496899676653e-03 -1.212112857312807289e-02
3.960504043865294317e-03 6.325694247947694256e-03
-1.149159268470315541e-02 -5.595828586444039771e-03
1.296125488581058305e-02 -1.133962867578421074e-03
-3.893574938644580805e-03 -7.183319162974752259e-03
-5.182726540189710150e-03 -8.242242471676727508e-04
2.427616889213440789e-03 -2.270831618417020782e-03
6.013177513781432955e-03 -9.966528793303484207e-03
-9.358195658899403496e-03 3.374044162389626574e-03
8.146574539585185737e-03 -9.966560444698191641e-04
2.184136875113542545e-04 -3.994032481227984335e-03
1.790129968031677066e-03 -3.066828116729145189e-03
-3.883899599553575742e-03 -6.261415486979189822e-03
1.449771842263541770e-02 2.635556969218823091e-03
1.333025876907764119e-03 7.123415052591473839e-03
-7.521285532243552133e-03 -9.705166868347546091e-03
1.953588576544176142e-04 1.034610240219626699e-02
-4.220269431992881154e-03 -5.238255999986620240e-03
1.228506660826637550e-02 -5.617574069869150574e-03
1.125341335910131062e-03 -3.363570554885016162e-03
7.465659954320955083e-04 1.015591646354318395e-02
5.255084103418364294e-03 -1.295237781513432218e-02
-7.836708149664062999e-04 7.783701264617685911e-04
1.030647500791419258e-02 1.630119972177478463e-04
-2.579101471503863173e-03 5.407239184620448585e-03
9.659057208640038812e-04 2.115898423460565395e-03
4.966164928514676946e-03 -3.273714389310670124e-03
-1.239679602676913538e-02 -2.961325424649072745e-03
6.320265789938609574e-03 8.958473103411003502e-03
-6.251740147888183892e-03 4.805803275549137311e-03
1.725595668054500948e-04 1.972364873928132874e-03
-6.070303510407836639e-03 3.891211784793416339e-04
-4.531987897745537973e-03 -3.933330102431100567e-03
1.090886860629391650e-03 6.789695564405738397e-03
1.528512504066846956e-03 6.112581248942119266e-03
-3.551233918790555350e-03 8.899367261442473614e-03
-3.720089333921080665e-03 -9.256939847901034593e-03
4.333052657919498826e-03 -1.585766270196554539e-03
8.996376191360061850e-03 -9.943601732951213440e-03
5.188953266612398446e-03 -4.783802253114917240e-03
-2.131672719470955289e-03 -5.704907660695732012e-03
-8.343913242581732156e-03 1.009946096582686227e-02
-8.600102248537477151e-03 6.359893184221827173e-03
-7.118114364086837106e-03 -2.290150645204106633e-04
2.602699030766435391e-03 1.027744899064139336e-02
9.021825826460097217e-03 -2.350884675397056558e-03
1.762029988676929414e-03 -9.878524703567743634e-03
-2.841389434377852418e-03 -4.081238302550120427e-03
1.194920785384414978e-03 -5.002215940626271277e-03
1.451627083240132274e-02 -2.831586325783542156e-03
-3.395374685913546929e-03 8.246904312665285369e-03
-2.778036711328760004e-03 -1.118571880085669767e-04
7.410354382154396742e-03 8.437218020823034070e-03
-1.174790946016356780e-02 2.021539837796547563e-03
-3.528179088933618493e-03 -5.440767621981777713e-03
9.183911785759795235e-03 -8.611374124456835227e-03
-2.173152189591633868e-03 2.745434311885482440e-03
-2.567574056574252646e-03 -1.762828257093037101e-03
2.328213154052534602e-03 -1.070884790765616254e-02
-5.414264179457884546e-03 -4.282025618213621855e-03
-5.177425851683930234e-03 -2.386265188597208424e-03
-6.912824628333662583e-03 -1.167488139802346989e-02
1.705574490961968628e-03 -7.880454655527743043e-04
2.283157301760235791e-03 2.568500094493664666e-03
-6.152080873719528026e-03 -9.470052846906610450e-03
9.077227516752342518e-03 3.961557851288010669e-03
4.697522469712191867e-03 4.202770829648333310e-03
-1.133413691499779614e-02 8.373609758764829353e-03
-2.489245305929516702e-03 1.566415592015904003e-03
-3.987007486390548375e-03 1.484510459198404861e-03
6.712165082174608235e-03 2.890819937255377677e-03
9.201793696614036198e-04 -3.274640427230081710e-03
-1.418092431996350287e-04 4.058311242196487902e-03
2.011992268210206422e-03 -5.309304216776159890e-04
-1.051259466347317234e-03 -7.148066419277904725e-03
-4.226496158416711765e-03 3.697705002973304244e-04
-4.514489295400989262e-03 6.002448367267711540e-03
-5.870442232662385906e-03 1.862231992253724714e-03
-5.731411103219624312e-03 9.941877426618197372e-03
-1.262775928524540077e-03 9.905826414506602173e-03
-2.422316200708803623e-03 7.087906769888455659e-04
-2.441666878889454158e-03 -1.135016675001136776e-03
-3.748317082777989900e-03 -4.711700228894230048e-03
-3.946581823693727162e-03 8.437090251318586989e-03
-1.358603281513605940e-03 -3.359195904298647832e-03
6.225364474868736939e-03 -8.352534774250021735e-03
2.801889809600443225e-03 -6.917327048423334811e-03
-1.866734412343396075e-03 3.002549355760640755e-03
-1.625393664478628087e-03 -3.974681803047333366e-03
1.461583398844772553e-03 6.970206163968035822e-03
-2.780687055580969083e-03 6.691632827067718007e-04
-8.638516414497467329e-04 5.541097395061876478e-03
5.802331550518373491e-04 2.575525089332241641e-03
1.837580625567293829e-03 5.588675822101939021e-03
1.063581984551606463e-02 -2.563071636484581285e-03
2.810639110772037135e-03 -1.949437813574500349e-03
3.697705002964546059e-05 4.226496158406701652e-04
2.179378916014322598e-03 -8.353460812168072430e-03
3.692915392485525590e-03 -1.600742297793339734e-03
1.159668041687567010e-03 -2.159900468329007273e-03
5.476307556071991108e-04 4.636820090914166650e-03
-8.261880340260928032e-03 -2.755237420480933716e-03
1.924658677384766432e-03 1.388580890605835283e-02
9.894426769081438727e-03 -2.924092835610097706e-03
-2.130874451056208926e-03 1.606042986296616877e-03
-1.254125561422098079e-02 1.878006288262753717e-03
4.624047796285505468e-04 -1.175228411074879381e-02
1.609619368468237759e-03 -2.696131578512402528e-03
9.272714143911424053e-03 2.950724047638655229e-03
1.438148658404048326e-02 2.929649063123845876e-03
-1.003265963011059324e-02 2.155398048239334612e-03
-2.015855840771063438e-04 -4.738075901913677002e-03
-6.043001799467835784e-03 -1.101328816744085934e-04
6.543181897539636707e-03 -3.908550966240005760e-03
-4.024782804833798751e-03 -6.249089803635974813e-03
6.182160698415261300e-03 -3.167157889806740748e-03
-2.280506957509168160e-03 -3.349520565207642336e-03
-1.216921807818635917e-03 3.939429059350485832e-03
-1.990789514190732714e-03 -5.717233344038947021e-03
3.293192836995985449e-03 -4.546963925340962928e-03
-1.136753758285717966e-02 3.123954113354406557e-03
-3.777215330541775374e-04 -1.883434746273197988e-03
1.080413253123638489e-03 -1.443158758582172496e-03
-8.193354698210501483e-03 1.100903895847920796e-02
6.382820244574097940e-03 5.616903570958849123e-03
1.112367426024464881e-02 -6.722638689679217780e-03
4.194947566396150553e-03 -1.371139726341429922e-02
1.648320724830900155e-03 9.914831254687040372e-04
-5.284110120692525267e-03 1.018666678714899750e-02
3.655810572952576665e-03 9.333544292212753168e-03
1.574366624772750682e-03 1.461838937860030331e-04
6.225108935861207353e-04 1.436133763744736969e-03
-7.681519415704425244e-03 -1.153664853699431364e-02
3.424687893584716682e-04 4.725750218569101102e-03
-3.129382571363490372e-03 1.551439564419118374e-03
5.019044044060518538e-03 -7.537187597757246359e-03
-3.257684554288885464e-04 -2.100922395865140874e-03
5.335807659311861753e-04 1.230971797496009310e-03
-9.581782265411871793e-03 -2.426818620798475417e-03
-8.542720712901963331e-03 -6.776571612647776591e-03
3.368999012894099976e-03 -1.179363581136616893e-02
-1.288200009724665279e-02 4.172211578315860800e-04
-9.527306613037677188e-03 7.931609464741007018e-03
9.138855933468637005e-03 4.665973877691629787e-03
-6.894527757574367074e-03 5.571847718667690894e-03
6.493879164167918119e-03 -4.472083787362259553e-03
3.170191542572944193e-04 -2.866966838983694456e-03
3.994032481227984335e-03 2.184136875113542545e-04
1.183393370455946766e-03 2.167851501085854386e-03
4.904536511799742482e-03 -3.978130415713147794e-03
-3.811797575332888550e-03 2.675854862411198524e-03
1.024312228486395915e-02 -3.806369117322444279e-03
8.771735777424877201e-03 -3.415427514392790909e-04
-1.188694058960584367e-03 -6.058105596576793869e-04
7.661099047518354910e-03 -5.368444960515353012e-03
-8.988921491681517092e-03 -5.179035454124714848e-04
-8.272648949751559150e-03 -7.146289607685244252e-03
-3.455491387237392530e-03 -3.525234101508251811e-03
2.022182094222409632e-04 6.456261907003448507e-03
5.590728491485326933e-03 -1.140324598704225631e-02
7.607225853240921071e-03 -1.045777229623937217e-02
-1.088868890842419578e-02 4.535795024395470471e-03
-7.484948067008352808e-03 8.546250779757961352e-03
4.007411214545827070e-03 -9.416019426091045558e-03
-5.732582637940247458e-03 1.683455574683788772e-03
-9.903819477898494553e-03 6.625392854841048555e-03
-1.079620909873378262e-02 -5.234067096186119199e-03
3.871717524003693515e-03 -1.528179781320980089e-03
-1.115329782837370422e-02 -5.798710715451510858e-03
9.180498307967095012e-03 -1.127195487566089865e-02
2.713704890143268499e-03 5.229917473073122068e-03
3.438425233205831977e-03 -8.446261446913428186e-03
-1.081015786806232420e-02 -5.184229119218967431e-03
-6.930334558616440231e-03 9.772113669711843080e-04
-5.848235926173844671e-04 -1.236474582916576330e-03
3.096134599181934598e-04 -7.762060373455515090e-03
-5.438275778484226095e-03 7.111306907156925497e-03
-1.073218320834835871e-02 -4.696182052481472427e-04
4.715893078931538904e-03 -1.154549603708490690e-02
2.579872860388602359e-03 1.187834155037848470e-02
7.152595909005418119e-03 -8.460666899084902381e-03
1.010588141947698845e-02 3.740225240240696927e-03
-8.715950320128904374e-03 -1.748186758462539400e-03
5.467323780980749316e-03 -1.358371937005758111e-02
7.456819087269001868e-03 -1.217003836524473658e-02
6.639776356654354499e-03 -3.533824748521601552e-03
-2.686480700610535503e-03 9.044587689151489113e-03
-1.605723990510896646e-04 -5.653838155842294370e-03
9.833556979330023567e-03 -9.396584654701273590e-03
1.316035466474909169e-03 4.534595064580824184e-04
-4.309465063271256460e-03 1.070477612235108157e-02
4.402576447822028650e-03 -4.716103101849400576e-03
6.842908073873453338e-03 -1.132716518501766453e-02
-1.765122719477599505e-03 -1.389646517484673625e-02
3.030788617918904384e-03 3.457734588438048789e-03
-1.129713867503286725e-03 -8.386016248565974704e-03
-1.004641927269104944e-03 1.239128688219524703e-02
-9.986764347336562694e-03 4.098226495069086589e-04
-3.698964601290763172e-03 1.077905448378281214e-02
7.525214352620851477e-03 3.227091330434492776e-03
-5.095976603305357386e-03 9.772004350066251094e-03
8.477156569297389843e-04 1.379436385782869742e-02
1.299339707048094948e-02 -5.221358146854151181e-04
9.739773973968706214e-03 3.133175390593238803e-05
1.340913660867197425e-02 8.409431934677469517e-04
