6.325694247947694256e-03 -3.960504043865294317e-03
-5.057745400423181367e-03 3.849572893776138927e-03
-5.614923725618082076e-03 -1.306608707898035404e-02
5.214530671218240918e-03 -8.548021401407743247e-03
1.509161825884835096e-03 4.268773896950995260e-03
5.520022410547067125e-03 -4.244920798679312039e-03
8.083094047031646676e-03 6.390899046836752591e-03
2.789436356752563427e-03 4.298725952142063746e-03
-7.653547205855485563e-03 6.631984255691267260e-03
5.670453185413631275e-03 8.021593399818657821e-03
5.195307762528897746e-05 -2.174876495919426684e-04
1.027534137578937912e-03 2.820314449863043065e-03
4.604217691470889086e-03 1.513664245975867781e-03
-6.687641484991481249e-03 8.747882679151832222e-03
7.933461540585540032e-04 1.435335495324327926e-04
1.265298503272303809e-03 6.700893206261834953e-04
-1.652695375418628942e-03 -3.475427742893583138e-03
1.178753685444564221e-02 -2.379910692668713024e-03
-4.473009825284612363e-04 -2.447893605319431437e-04
6.418615717667713796e-04 3.279941115734719310e-03
-8.967094635077933057e-03 -1.000455965075584472e-02
-3.622409905093190979e-03 -4.083888646802330373e-03
-3.333618499692806228e-03 -2.405615866779219850e-03
9.870573670809753772e-03 4.105091400821804515e-03
2.883667172912135479e-03 2.941846976962615538e-03
1.075987494736204038e-02 6.156711063313865043e-03
-7.512536231071958656e-03 -4.737277633498711629e-03
8.161550567181971583e-03 -1.636793309903792834e-03
-7.140913654932644827e-04 -8.602752592781256341e-04
1.462509436764184139e-03 2.924220605114762929e-03
2.760538108984210860e-03 -9.823921281690245130e-03
7.863211592186159209e-04 -1.559390597177107369e-03
-4.356905756191182914e-03 8.614950506628455892e-03
8.490767635276674774e-03 6.994059262239719042e-03
2.047372781411500170e-03 -1.473018209982300541e-02
9.148786811556241377e-04 -1.712599485800546037e-03
-7.235272240600040816e-03 4.111062588236524123e-03
-2.637951774463283359e-03 -7.435133518344131526e-03
4.685196786368975991e-03 4.061887624368109434e-03
-7.598943783977987060e-03 5.633476135383986248e-03
4.762746220332674842e-03 -5.800336600562823984e-04
7.142709076798654799e-03 5.227577199593618287e-03
5.178832139401233145e-03 -8.103982175187724596e-03
-1.438484859481948142e-03 8.695145960874768251e-03
1.471620777626028026e-02 1.361023052743950317e-03
3.515146185442086409e-03 -1.455162049696034909e-02
-1.437296754382261753e-03 1.304804743573120471e-02
3.456510578962462919e-03 1.127065586423055960e-02
-6.898285574037528976e-03 1.010245103804301506e-02
9.874712846883381898e-03 -7.566161135835082832e-03
-8.936455284414482683e-03 1.118616712140948870e-02
-8.390118796106677337e-03 -5.446970284852644057e-04
2.482859874177564992e-03 2.320083320557344252e-03
1.351610054561588892e-02 4.189129296624932719e-03
-3.114173029725708901e-03 -5.306894877520696233e-03
-5.181937667387802315e-03 -1.222853122154814003e-02
-6.184800606522091945e-03 -6.508063975352298622e-03
-3.511332023723061097e-03 3.234131330133674202e-03
-4.762064835004540218e-03 -1.609082916466806701e-03
2.569155983239155075e-03 -9.121484041690173031e-03
1.689431419215378259e-03 -3.785013097386724819e-03
1.355378571263949304e-02 -2.414631249202551318e-04
4.644938395238327675e-03 1.498922091021995468e-03
1.151936684410787871e-02 -4.138773527233617980e-03
-1.207766296458690804e-02 1.731004644820306054e-03
-1.572660464024063778e-03 7.751224658369765957e-03
5.252162425890025826e-03 -9.066491744513273388e-03
-1.221783157239276704e-02 -1.992089283104826313e-03
-5.833195805980363399e-04 -5.236994270884027039e-03
4.062932711531745851e-03 -1.246996458421157153e-02
3.134590833266192623e-03 -8.602445355540633623e-03
1.163920018281252742e-03 8.820332906063561157e-03
-8.302482429889479834e-03 -7.494721041306958917e-03
8.164276958159251418e-03 -4.875256709832975939e-03
4.007152737603688133e-03 -3.188805831011241008e-03
1.104444133130451713e-02 -8.121770905626655643e-03
-8.437359565012309687e-03 1.867513762242179647e-03
-8.261522617236989260e-03 1.088646145096797829e-02
6.107972657026017500e-03 1.358370051087829863e-02
-8.977606568872900563e-04 -2.886220199098417979e-03
1.041750508880580003e-02 7.715471346312867060e-03
2.959569815161071458e-03 -1.056711538729191574e-02
-6.531796187379787337e-03 -1.258484761763303296e-02
4.648899774555175814e-03 1.065036728904507519e-02
-4.207465657786362348e-03 -2.965565704812795234e-03
-3.184799687513849981e-03 -7.769500627631845081e-04
-8.060775787275022142e-03 -6.242941830563979687e-03
4.795035180354995270e-03 5.963103725335323901e-03
4.382852685138566122e-03 -8.756126802744627208e-03
-8.843185204318378123e-03 -7.813688318723735829e-03
1.232564229037554603e-02 6.303149232216034674e-03
