-1.742838731396086950e-04 -5.237329962067208654e-03
-1.867373259861276023e-04 5.978723038499331351e-03
-3.905102353573049884e-03 -1.325172126262681195e-05
1.828033055979592664e-03 -6.690164059740386429e-03
-6.929652731766549820e-03 -2.942773014880667101e-03
8.473269032933486086e-03 -2.941719207457950749e-03
7.097039379572027754e-03 -4.879757375608647675e-03
-1.645670380579832308e-03 -1.772503596182682141e-03
8.118474560232942158e-03 -7.808352631308636618e-03
-3.236066840370723646e-03 1.412437154016646726e-02
-6.947406873126138385e-04 9.835320927118569242e-04
-2.359761746073316124e-03 -2.632778855463310547e-03
-1.724925169143980055e-03 -1.055761886438349919e-03
-5.940819950550274738e-03 -3.810073268998730167e-03
5.703981622776320426e-03 1.914312839382316953e-03
-4.160493091114049816e-03 3.558131144124686979e-03
9.199558312265520774e-03 9.416375462948522665e-03
8.070896133192877880e-03 -5.106920364291596057e-03
5.500671732365055265e-03 -6.088728150670436046e-03
-1.360455357351068439e-03 4.732775213409039401e-03
-1.080215268589632127e-02 -5.017319737726361022e-03
-7.785425570955004093e-03 -1.110167323781042874e-02
-6.626811336691294449e-03 2.141348058561961653e-03
1.850832346828559750e-03 1.683573468527747689e-03
2.763188453237781696e-03 -1.060494175240444224e-02
2.456642906486239571e-03 4.948794095671633225e-04
5.479341208841135777e-03 1.151637182089425109e-02
-3.767954951347657344e-04 -5.929420305126470447e-03
1.323427199519943559e-02 -6.126503469113686422e-03
-4.545239619008165435e-03 -2.822774885805155037e-05
1.784957049030561939e-03 -1.286172338114523195e-02
2.864316494731484510e-03 1.098039624972633414e-03
-6.127077849918107985e-04 -1.187116629359593820e-02
-3.751989583064144554e-04 8.692480988859586921e-03
3.387423653156700250e-03 -5.903842900521771159e-03
4.245846836598723625e-03 1.474036851693794233e-03
9.394022783387502573e-04 9.926103130606664729e-03
-8.602752592781256341e-04 7.140913654932644827e-04
-4.450210534432484828e-03 5.925843922955992098e-03
-2.730171094000050243e-05 4.992540601537502273e-04
9.624060003946156155e-03 1.287427295210970095e-03
1.790129968031677066e-03 -3.066828116729145189e-03
3.475427742893583138e-03 -1.652695375418628942e-03
1.966265917008748042e-03 -5.921469272369623768e-03
-2.038367941230795691e-03 -3.015801077021906893e-03
-2.844167548140169631e-04 8.056718374006272389e-04
3.138131872535084715e-03 3.416449670429716739e-03
-7.195517076813522789e-03 -7.604244472483766108e-03
8.656302207244689559e-03 7.263499989458092367e-03
-2.115898423460565395e-03 9.659057208640038812e-04
3.117184657526567105e-04 -1.304925897555519240e-03
-1.361809248517413876e-02 -1.505840982722325000e-03
1.813855296798914506e-03 1.260923852687077578e-03
7.223872595174877370e-03 -8.297931352371161473e-03
-1.285575219370082439e-04 1.532088886234385329e-04
-1.259071776849615080e-03 -6.278115820908774028e-03
8.157175916595604120e-03 -4.120737927327530054e-03
-1.471514276944888185e-03 1.482176257173014808e-02
1.039977978615571480e-02 2.852118580892715714e-03
1.032834826084717394e-03 1.258273508433507392e-03
6.150356567385370510e-03 6.205087758767532935e-03
9.330893947960543222e-03 -2.874790102237237670e-03
6.627737374609345145e-03 -6.187333617416376427e-03
3.118781194353072855e-03 1.572642318438592516e-03
-7.629566338080497577e-03 -1.175413618658740014e-02
3.895427014482043954e-03 -9.086519547329354081e-04
1.682519661105032205e-03 1.355208941787147681e-02
-4.502163612057774253e-03 6.143331572547934549e-03
-1.003265963011059324e-02 2.155398048239334612e-03
1.002563463527201756e-02 -3.858322194947733270e-03
4.691423512792807470e-03 -1.546138875915841230e-03
1.270599191778083292e-03 -8.919516208033522863e-04
-9.738567536205789896e-03 2.271629886831768013e-03
2.656504184229187531e-03 1.967990223341764544e-03
-5.564024455415508136e-03 2.119347036127741148e-03
8.708766362896850320e-04 -3.838173248352336371e-03
-1.380032739107059370e-02 -4.400109532646020311e-03
-7.156017452034752271e-03 3.394320878490831011e-03
-1.123460541033380507e-02 5.454689842154705759e-03
-8.071822171110928576e-03 9.152905923146012132e-03
9.580795585646593310e-03 -6.408950717915970659e-03
-1.239871027323971239e-02 -7.229351660198633789e-03
4.347661137169847589e-03 3.910872393293200115e-04
-8.210191650170242661e-03 8.977863865012907646e-03
-7.841061766263097976e-03 4.168379400186761168e-03
6.837463608151268281e-03 -7.134289433648506248e-03
2.458637962429744035e-03 -9.430406459068854663e-03
8.095343931588432768e-03 -2.393889808609488135e-03
8.681163213228272266e-03 -1.156267990332795169e-02
8.620198724550796887e-03 -1.179934340636691267e-02
2.872940055670159063e-03 -1.210518512870045575e-02
-1.161681696967750005e-02 3.390460745733287276e-03
5.637422462391523080e-03 3.329033863665586436e-03
-6.255758180145359719e-03 -1.086805302490317579e-02
-2.009914110734919296e-03 -1.318330233430920796e-02
2.245939086576353039e-03 -1.284266126115488939e-02
-2.263426540277173934e-03 -1.434873860019811320e-02
-8.259819814684441061e-04 -1.073128937066487876e-02
1.190876887214256490e-02 7.543323499748330607e-03
6.083374799465126812e-03 -1.268805714115564531e-02
3.160889921027716827e-03 -9.424414702390240470e-03
-1.434995239071289869e-02 2.136686567137751312e-03
3.153295274496169254e-03 1.359443728305521036e-02
-3.833410146438930629e-03 8.376214399569131136e-03
4.397960834442572568e-03 1.194700529393637189e-02
-9.473239113805520181e-03 9.837458940870538043e-03
3.595190313076196322e-03 -6.624119800766305188e-03
-3.945756798344802509e-03 -6.271719780476210822e-03
9.974798508068601077e-03 -2.803107167899387964e-03
7.081856639172980257e-03 1.117036808933757723e-02
-1.306831516550622206e-02 4.960238164607866027e-03
5.400249158160812767e-03 8.749665627171575311e-03
-1.192605284882960158e-02 -1.873241731670385836e-03
4.513352898564088576e-03 -6.887993267727153188e-03
-9.944479557884826001e-03 -7.960737328415718947e-03
7.003546805792209250e-03 1.249278021214485571e-02
5.279803828019229150e-03 1.362930486465751406e-02
1.269648574697178909e-03 -3.247020691462105656e-03
-3.336722273416293811e-03 1.022402019929537567e-02
8.723507789240161209e-03 2.167573357214133602e-03
-4.115195227684186920e-03 1.040838519476049162e-02
-7.551143149571372393e-03 -9.320459460225832826e-03
-1.845636720486304840e-03 -1.258483470833341627e-03
9.093844188663472231e-03 3.558535239120612457e-03
1.013227426500374999e-02 5.041093280852449766e-03
6.620216050952217220e-03 4.244654139661563179e-03
-8.092583378845930736e-03 7.708105736810532543e-03
-1.533782497070456221e-03 7.750620142504415118e-03
-1.121012855345233580e-02 -7.318526920857857743e-04
9.051086501593657088e-03 -3.999824710787726334e-03
-2.871657948838359127e-03 -1.147166441663346331e-02
