-4.927798821607735566e-03 -2.372614333127779154e-03
-5.012354298676302555e-03 -9.383168195276981108e-05
6.768955829344718879e-03 3.134284125660645286e-03
5.948770983307693008e-03 1.467011856854536379e-03
-5.310821043167692802e-03 -2.694008137971441903e-03
5.093333393573818736e-03 2.642055060345691042e-03
-1.155293391101770055e-03 4.643845085753424938e-03
9.045215905772755957e-03 -7.357076132401752476e-03
-8.510629391480773170e-04 3.658987820915572328e-03
-1.133539820237235846e-02 3.085651891197866391e-03
-4.132137572752694367e-03 -1.234404468073024147e-02
5.637515536514632261e-03 7.489449749821675689e-04
4.923296401516703315e-03 1.124560592154966523e-02
-2.400442947777886582e-03 1.312851376411139533e-02
-4.414494771777972837e-03 1.060535671230378608e-03
-7.288614375104338766e-03 1.039752857610962665e-02
-6.438349704371007162e-03 -5.724098917982939176e-04
2.696594597470857151e-03 -4.133734109582891825e-04
3.130771628242498463e-03 -7.620417902700279099e-03
-3.518503749842042706e-03 -4.518863945986895288e-03
1.306330896522426947e-02 6.523032950944700377e-03
-2.141012809106810928e-03 2.707132089728942273e-03
-1.038169039534826525e-02 -6.296269096468554670e-03
6.160957944395787159e-03 3.081005875909822913e-03
4.023984536419622678e-03 -1.061860843357054305e-03
-2.382688806426158483e-03 3.504198221159992264e-04
-1.679071048438646619e-03 -7.022159241593786683e-03
-8.633502916396291679e-03 1.110237538810721764e-03
-2.326230980742235999e-05 -6.350744748841606960e-03
4.537751605209772512e-03 3.482963815750381685e-04
-2.820905238327875084e-03 1.440746312285312754e-02
9.721324472872635517e-04 -3.492128076822704607e-03
6.370239022219488598e-04 2.818989277737509250e-03
-7.719550273158148380e-03 3.443623611863910489e-03
4.497533422462866512e-03 1.408659622172139456e-02
1.099763931304860182e-03 4.006485934071296173e-04
-2.755907919391235167e-03 -1.040600651257954368e-02
1.177382211422456013e-02 3.548184440330862718e-03
-6.687050696529152002e-03 -4.632046306122137962e-03
-1.054457462306270833e-02 -7.346730294401124239e-03
-6.636023656821914141e-03 -8.035483968596660725e-04
3.599945863699945126e-03 5.044094544953751230e-03
6.637284944196475585e-03 6.091506264426629902e-03
3.393394840572209158e-03 1.120200301088984662e-02
-3.750711888025389656e-04 -2.664455216987856537e-03
-8.270757410936397866e-03 3.633809550517675280e-03
-4.702280428807328709e-04 2.738409317046686022e-03
1.941023761858056730e-03 7.176693302343438094e-03
-1.205394392890167489e-03 -3.230638382361639832e-03
-6.048637737428195701e-03 -7.882035366665788786e-03
3.697705002907454683e-05 4.226496158413505563e-04
7.746724214592342131e-03 7.414058533829322173e-03
-1.583914194359091823e-03 -1.242502377562718779e-02
1.336488907292632256e-02 6.319196156821506316e-03
4.521386520734549733e-03 7.057411985289491901e-03
-7.994451109779388345e-04 -5.892443255096606845e-03
9.428908626242222743e-03 1.163220452528056226e-02
-1.013425069056468446e-02 -7.524590549711674889e-03
5.655477157818206320e-03 8.661730665253773373e-03
-6.611835309094508603e-03 1.501210793127987983e-03
-2.048506299280826535e-03 -1.914711973590261509e-03
-1.670784766226078057e-03 -3.127722731774374917e-05
5.650304238818233508e-03 -1.133164599163674277e-03
-6.101852102429054011e-04 -1.295250558464513526e-03
-1.335660279071375356e-02 6.716858574545353164e-04
3.794171203484465217e-03 -1.254697126262566522e-03
6.555507580883423308e-03 -3.767667760960462763e-03
8.378112178853931724e-03 2.461145326575449495e-03
7.184915699803674262e-03 1.072832635534079655e-02
-1.101572870386285409e-02 -5.623354185011666256e-04
-1.244558768211855015e-03 -4.895260306915539227e-03
5.552497040486470067e-03 5.050720405585065395e-03
2.967296612063792353e-03 4.709049884640660079e-03
-6.134917520831491798e-03 -8.868217803629174778e-03
-4.821242322104377781e-03 -3.588610103027683497e-03
-7.506053965646744368e-04 -3.305917654547825459e-03
-4.263936227406173174e-03 1.970113663882045157e-03
1.005996134104945178e-02 -2.654652108391724382e-03
-3.546268479740497317e-03 -1.996617106406618335e-03
1.351153598567078097e-02 2.721836752622229343e-03
4.085996261657990573e-04 -3.442825343449163692e-03
4.860869716387022053e-03 3.230239248154837591e-03
-2.955896966638628907e-03 -5.221811205060218619e-04
-2.056249852083239481e-04 2.111922907082822501e-03
-1.770619868951221060e-04 6.900626714494893787e-03
-1.044825259972210953e-03 7.934786712705825876e-03
2.246404139324634100e-05 -9.602058981514218329e-04
7.850598718454147168e-04 -6.847348464742929533e-03
8.946019650561326314e-04 4.895787210620640689e-04
1.145618052010764342e-03 -5.565748761748987375e-03
4.758815636973335629e-03 -4.426756570368284294e-03
3.013613751728722728e-03 -3.280340249942663433e-03
-1.324739594695195340e-03 -1.325330383154317733e-04
2.104626547545071415e-04 -1.650971069084470125e-03
-1.210695081391864787e-04 -1.668597440928678839e-04
7.681184166250636276e-03 2.202705110575219234e-03
4.134372957106215770e-04 -2.981873505451953631e-03
-5.024216963060491349e-03 -2.257707666660200424e-03
1.061163149778865909e-02 -4.867830826472235341e-03
-6.519999298173734898e-04 -2.178852012302393698e-03
1.210893065928930409e-02 -2.762932914228670260e-03
7.552163625352670447e-03 4.378906778625402986e-03
-1.006837539276589713e-02 7.020706299963127076e-03
-7.441232475263515056e-03 -3.110957931100890098e-03
1.433483419492527456e-03 1.585095771292181505e-04
-5.410352547831684747e-03 2.249117786386834253e-04
3.429318083182869657e-04 2.702757439143716259e-03
-2.513896672615375995e-03 1.284649181454776672e-03
6.757428414416251534e-03 1.030435156737277008e-02
-6.473602448067284840e-03 2.269905580498289641e-03
3.922600955916807561e-03 9.949030190959617242e-03
5.307707679955097485e-03 5.498021388112846186e-03
-9.769780878771200383e-03 -1.736053449864965147e-03
5.445477522023295901e-03 8.289708954910355448e-03
1.230971797495438586e-03 -5.335807659305058384e-04
9.121820350084474532e-03 -7.292797371433248042e-03
2.619064115241087013e-03 3.568333386927621375e-03
7.540540092310600226e-04 9.835847830825516017e-03
-6.011660687397759641e-03 -7.459385750823297433e-03
1.037337246175179355e-03 -7.614718079987696508e-03
2.000464853281737777e-03 6.639137020034509458e-03
-1.544877588540708412e-03 5.965343547734761314e-04
1.089764478942966720e-02 8.948398630112054317e-03
9.839823347203940224e-03 -1.925584715302816260e-03
2.861793919983721211e-03 -9.477876110160151496e-03
-4.505149205766494948e-03 -2.409591383158105494e-03
4.688389860022959370e-04 3.330569021233794474e-03
-1.276314840175966307e-04 -3.892776670229834007e-03
3.210361666261006552e-03 9.967838139738032909e-04
7.863211592186159209e-04 -1.559390597177107369e-03
4.468379635680748896e-04 2.267782139958008595e-03
-4.596266658714042407e-03 -3.856725658119381558e-03
-3.522878400427839011e-03 -7.002808563411313386e-03
4.403430375807959249e-03 4.086538991055219464e-03
7.774440885437178955e-04 4.829656373820821400e-03
7.639832465633832753e-03 -7.038891226910106401e-04
-1.161186392442816601e-02 1.548262316456121626e-03
-2.726881902117647086e-03 -7.640295484593538980e-03
1.105926772977090800e-02 4.710901960478803240e-03
3.588338738331231818e-04 -1.983365385144672186e-03
8.686893109965008672e-04 -5.080145557064204113e-03
-4.626681732864706964e-03 -5.534583478237656111e-04
6.398020159793941022e-04 -9.318967398824130888e-03
2.139112674208925105e-04 4.878959107193219999e-03
-1.020509142740931444e-03 -1.117390303153964395e-03
-1.665021058761843734e-03 -3.616310948173806147e-03
4.773663895064314371e-03 6.290042370044724059e-03
2.079512161895181663e-03 -1.476848432197818382e-02
-8.106021107384491636e-03 -3.407700369257441950e-03
3.422085608388715332e-03 4.633770612455154897e-03
2.210257009125373394e-03 -1.367972090188975323e-02
-1.821008061142156704e-03 8.393088206450145111e-03
4.230870809002509371e-03 2.114174117127087457e-03
3.011170887430292525e-04 1.819155985304013543e-03
-4.541327987381394045e-03 4.478709647993573718e-03
-3.893702708148456294e-03 4.173617042872691633e-03
-4.211983149780883749e-03 1.752626014290102488e-03
-8.250017675877309095e-03 -5.913614357728230915e-04
3.506768854963088558e-03 -9.001948244566836468e-03
-7.901050213420827625e-04 -1.430448300552128113e-02
6.995783568568654173e-04 -5.225802547139663098e-04
-1.297773133212277476e-03 -9.965730524889880593e-03
-6.427876096850412195e-05 7.660444431171926645e-05
-3.717566759172745774e-03 1.318975887231070739e-03
3.694176679860088335e-03 3.687215569773623879e-03
1.186506733667971360e-03 -6.361617490548695597e-04
5.115797434975362856e-04 1.681849162195434998e-04
-1.969714529674562471e-03 -6.084609039087470177e-04
5.961096666650908017e-03 1.607895062134759388e-03
1.984722208664426411e-04 7.542089152055543588e-03
5.634066923848247109e-03 -5.780985201295522555e-03
-7.526123201787803495e-03 -1.016611870634543703e-02
5.291933383944135566e-03 -1.172791993446209696e-03
3.084582258080872854e-03 -1.098796397396371860e-02
7.933589310083704813e-03 -9.921600710516311622e-03
-7.307374264821298732e-03 -4.826207761153184644e-03
3.504453760165239171e-03 1.113015652566916053e-03
-2.872730546447928562e-03 3.268014566598768413e-03
6.031602154041092005e-04 -4.076735882463874711e-04
-5.635937960359049814e-06 -7.771902484991381060e-03
-2.432454558758834467e-03 1.809879780420490733e-03
-1.139391325587504888e-03 -4.227773853428316939e-05
-5.871703520036948218e-03 -3.425725875313239983e-03
-6.872526735136501915e-04 6.634634599941897524e-04
-5.384184354765796359e-04 -1.691923635492539359e-03
7.660444431171926645e-05 6.427876096850412195e-05
8.211108839564381073e-04 -2.378713290047163986e-03
3.979056453633130104e-03 8.585509529457893609e-04
4.730923137571006395e-03 9.452426475059436117e-03
3.136407566201497056e-03 1.514845822899605135e-04
-9.561968568270264729e-03 -2.606004048235238159e-03
7.630157126542826823e-03 -1.625792798686572643e-03
5.033094033737321206e-03 -4.131339304337266691e-03
8.385264943197173054e-03 -7.192866732561774279e-03
-5.556664211120991570e-03 1.315621460925819886e-02
6.435699360118798951e-03 1.353430362513633346e-03
6.846023292616824560e-03 1.175570107203083563e-03
1.432557381573115653e-03 4.204495135982491694e-03
-5.476020365678625247e-03 6.370494561230882931e-03
-4.854642989961830551e-03 -8.838265748437646591e-03
6.942776683530173330e-04 1.039460686716030908e-03
8.407138196127518504e-03 5.226856354561455927e-03
3.478876355560758023e-03 4.877234800860883943e-03
5.876078170622744956e-03 5.909670492737657647e-03
-7.492163396856654778e-04 -9.374895992828986835e-03
2.805338422267399968e-03 -3.873968721463249155e-04
-3.289025666362035971e-03 -1.365997108950161958e-02
1.291493774614565181e-02 6.855427267004902438e-03
-3.895427014482043954e-03 9.086519547329354081e-04
1.028274967914717501e-02 -4.164739972195971064e-03
-9.805368871923198643e-03 -8.227681403987937431e-03
-2.952783603427394047e-03 -3.326194370648568027e-03
6.887838012192081839e-03 2.059171561042786279e-03
6.995320549613492055e-03 -3.202809767711532838e-03
1.897947754909026221e-03 1.005133980938594960e-03
7.520950282787830683e-03 3.712234419279902484e-04
8.880607371724151891e-03 -1.167250241847339783e-02
3.328780830148554432e-03 1.944664028781329778e-03
-7.845329681338280778e-03 -8.541124176073611185e-03
-1.325537863110732087e-03 -7.443483685309603207e-03
1.422083774067363143e-03 -4.028359187005420283e-03
8.549873477245204662e-03 -2.877440446489446749e-03
1.035014180332691387e-02 -7.045357666650237105e-03
-1.610417636883774289e-03 -4.614819068481768038e-03
-8.946019650561326314e-04 -4.895787210620640689e-04
-5.612273381364512106e-03 -1.384710754969455115e-02
1.300088228008765105e-03 -1.492333722450150035e-04
4.279503043464497015e-04 -1.599017991459181134e-03
2.019017263048213107e-03 1.171993725031462898e-03
1.115879923443626257e-02 1.791982043869819359e-03
1.098173724753977870e-02 8.692608758363570831e-03
-3.533016758479231613e-03 -5.901719459980810101e-03
-3.843010917897729181e-03 -1.331828474286214864e-03
-2.494881243889875751e-03 -6.205486892975477925e-03
-1.270552889881443152e-02 6.896523428611344222e-03
-5.909941857441156424e-03 -9.136333358720872405e-03
7.458986616615813879e-03 -9.667136010895185580e-03
8.581676444369959120e-05 3.009175216391273607e-03
2.621714459493296526e-03 2.787312916212282814e-03
-3.945991035229466301e-03 -4.942838733954921758e-03
-5.804311395855847600e-03 -6.306343569766363275e-03
1.457671767219932343e-03 2.463268767116872423e-03
-4.991151544656828414e-03 -6.341995447669333472e-03
2.703156573351198945e-03 3.312543515179139191e-03
-5.969334889808493132e-04 -5.200352912036882748e-03
-2.030879927432402768e-03 -3.335869709738893511e-03
-1.342618224018746892e-02 2.310331243195109553e-03
1.673866478054766328e-04 -7.822530390489315644e-03
-9.439046984292122182e-04 -1.053111542185460178e-03
-2.759612071066160164e-03 5.777935722835829922e-03
6.368770254896724547e-03 2.211055277539549467e-03
-6.995783568573877426e-03 5.225802547137598127e-03
5.431890551306308747e-03 2.860867882064990070e-03
5.116723472886476609e-03 -2.364136396659003141e-03
4.306213965941026525e-03 -3.109504989470230490e-03
4.106017438740426802e-03 -1.391655922966484986e-02
-8.897179936149289883e-03 -2.309261610078687174e-03
-2.800963771681031639e-03 2.871341489570062352e-03
-1.372153562146490209e-02 -3.093858462963824940e-03
-5.698217915312086754e-03 -5.499346560238380435e-03
-3.654549285577443195e-03 -4.045586424646470218e-03
2.958675080395502775e-03 -1.161577555605493826e-02
-3.897151320816202337e-03 -2.356313133406140372e-03
8.354722099542634742e-03 7.467336783581286427e-03
3.686225647102669631e-03 6.030276981917818968e-03
-9.606050323582241823e-04 -3.677939364890101502e-03
-9.624395253401306013e-03 -1.062137072163120595e-02
2.919845954528965757e-03 -3.946454054188600936e-03
4.494883078216450759e-04 1.486761669243811699e-03
6.824820538597350418e-03 7.423733872919647224e-03
-1.413669722351490465e-03 -3.376950045653012060e-04
3.734267093101758389e-03 1.305851935473569935e-03
9.936704507618882021e-04 -4.063484161190314371e-04
3.697705002907454683e-05 4.226496158413505563e-04
3.640499295900640093e-03 6.397381312264905501e-04
-4.221658488871889679e-03 8.307223382945402683e-04
6.248259883826082564e-04 -8.678830133390158519e-03
-2.775386367077121216e-03 -8.928776587232254173e-04
5.108181651665368202e-03 1.335885400075802025e-02
-4.874121437648288625e-03 6.748631054193541742e-04
8.544109769780972724e-03 7.075932743666156488e-04
1.123805402300018935e-02 1.075240334122985232e-03
9.609402818133751245e-04 1.301188279131033736e-02
-2.658691509522371262e-03 -3.209962532053633154e-03
-7.088960577310734860e-03 -8.820240242382990439e-03
-5.022492656726332966e-03 1.007257421478875790e-03
8.225238539685642697e-03 1.166653123105867822e-02
1.147880398240091505e-02 7.477938160591023065e-03
-2.483609367969947385e-03 9.338318077005462736e-03
3.577481822306697971e-03 6.004300443105173822e-03
4.645569392086331718e-03 4.420258479240955773e-03
-1.549715258085530714e-03 1.355825167762660707e-04
6.619195553389026904e-03 9.535656780002468857e-03
2.025116219968168662e-03 6.920903430594956343e-03
-4.191243414719864231e-03 -2.472544971999933797e-03
6.095753145507872006e-03 7.203595879074814815e-03
2.707195974481845825e-03 -3.537455293816680300e-03
5.928031248248605105e-03 5.692182843145034317e-03
4.816276883058971843e-04 1.448459447087952195e-03
1.160218858533852183e-02 -2.470165992450541748e-03
2.094360419986730695e-03 -4.051685381565854616e-03
3.929753720259479902e-03 2.950181318230734803e-04
1.044697490468336331e-03 3.422149493141618450e-03
-1.059341433747597316e-02 -9.933255894949907794e-03
-8.092482195722482292e-04 4.542589274754595466e-03
-1.464026263147066853e-03 1.450169393901384191e-02
9.675339091005713196e-06 9.219036759955622200e-04
-5.084121073443199045e-03 3.028413950759366834e-04
-7.933461540579830624e-04 -1.435335495331131837e-04
-1.246338988253526889e-02 7.230242916798901125e-03
5.308633717874509071e-03 1.452035829259573294e-03
9.483975067080107485e-03 8.610703625547213788e-03
5.582321326176166269e-04 1.512738208056456195e-03
1.703722415128369251e-04 7.303925652155836019e-04
-1.121466394368753235e-02 -6.081431791127680717e-03
2.301581942023406355e-03 8.458293005337381987e-03
-2.290310066103477989e-03 7.085511964643558674e-03
-6.824820538597350418e-03 -7.423733872919647224e-03
1.695436132911937351e-03 3.130436378788708628e-04
-1.327469765789682753e-02 -8.260763230058159115e-04
-6.236428870838179803e-03 1.349960943653493936e-02
2.670091154947535142e-03 7.396831296188271371e-03
-5.796025113643280338e-03 6.845384445096792253e-04
1.571844050024986950e-03 -1.042973184134678155e-02
-3.404459236542223179e-03 -6.054928348604248119e-03
-9.144156621971695140e-04 -3.103932936259810134e-04
-1.061899174208181564e-02 -6.169036746657080919e-03
6.160957944395787159e-03 3.081005875909822913e-03
1.072925239325816724e-03 -1.123090125865865889e-03
-3.017062364396469205e-03 -3.249589926336168572e-03
1.470460469521601976e-03 5.811591929705687068e-04
-5.837376814259512270e-03 -2.222055788757230661e-03
-1.674361148397128431e-03 4.795728802250187259e-03
-2.487984018555744557e-03 6.854373459581044638e-03
-1.604318679964389892e-03 1.134090637082405418e-03
5.416914523710094492e-03 3.501005147498283294e-03
-4.477975264330939439e-03 8.448090762536268616e-03
3.719578255905139387e-04 5.468468467128581242e-03
3.934926639259452713e-03 1.008991339624052200e-02
2.915806553396958420e-03 2.903544754806075372e-03
1.071103523294877555e-02 3.570185462765084090e-03
4.745100896751683686e-03 1.501338562631972543e-03
-4.173489273373930759e-04 -1.525063891399671204e-03
4.432919412040573111e-03 4.829257239614018725e-03
-3.849572893776138927e-03 -5.057745400423181367e-03
-2.615950752029062853e-03 -6.372346637068345213e-03
1.064768250989832181e-02 -3.991956517776108077e-04
-4.874919706062464698e-03 -6.636087541573675377e-03
-1.288097794121271546e-03 -9.043826848894317288e-03
3.797619816150850369e-03 5.275233050015124686e-03
-5.578074445092311671e-03 -1.286501257292238954e-03
1.601205316751794358e-03 1.669922613058998865e-03
-1.188231040000769286e-03 -2.628803339083064447e-03
-9.641814145275617615e-05 1.149066664675789064e-04
-7.039194824978058443e-03 -1.027970020068748151e-02
-1.466213588439679860e-03 1.325972163030129242e-02
-7.261184894661034013e-03 -1.458661689890886591e-03
-2.434178865092422126e-03 -1.455085307719265492e-03
-1.140317363506916691e-03 4.003707820318989398e-03
8.950649840165188697e-04 -1.533414058364001653e-03
-3.320494547935985870e-03 5.046217985494713155e-03
2.925018873528939002e-03 5.848441210228845846e-03
1.098438759179334867e-02 7.911588287649373719e-03
-6.631185987276520463e-03 -3.425965588631360234e-04
-3.625986287264812077e-03 7.431173827662815139e-04
-7.590194482805470060e-04 1.060136537022895922e-03
-3.704778056869144527e-03 -5.631336869147713243e-04
1.115303552697202716e-02 5.377015764725882191e-03
-7.863211592186159209e-04 1.559390597177107369e-03
-1.096778337597500378e-03 8.152274362297767460e-03
-9.435694489740619265e-04 8.280831884234776327e-03
1.647857705872445531e-03 3.014475904895230762e-03
3.333953749148527677e-03 1.173955929319877613e-02
4.569890985694024729e-03 3.099941594191784472e-04
-1.173730808315451291e-02 -1.102542045062305208e-03
-8.298601851280321259e-04 -2.589175944801670910e-03
-5.964704700212532414e-04 -7.223345691464769930e-03
-7.304388671113938927e-03 3.726715194551713517e-03
8.991873771268458007e-03 -1.070610144528648215e-03
4.507671780513469381e-03 1.298550711828906981e-02
-3.455151026792949859e-03 -5.494828314453420546e-04
9.217647703073541046e-03 5.972224947372001963e-03
-1.756729300166848468e-04 8.316483762144136161e-04
4.361152637273675754e-03 5.225930316642725219e-03
8.585924489356229136e-03 1.591194728206318798e-03
-2.766174046945141067e-03 2.052018796699544081e-03
-7.930811196326830945e-03 -2.216355966044648504e-03
-3.775283544261479572e-03 5.121497257680898349e-03
9.713341788725174050e-04 -1.080307872381505371e-02
3.129047321908339646e-03 -1.088538299083935575e-02
8.615365466532586697e-04 4.573866502073018793e-03
-2.007873156635014283e-04 2.572874745080032128e-03
6.229739125451460831e-04 -5.868590156824704182e-04
2.570224400826462158e-03 9.818077863776983241e-04
1.044697490468336331e-03 3.422149493141618450e-03
-1.032801301138881744e-02 -3.248791657921421341e-03
3.687151685020720760e-03 1.984291423063403326e-03
9.348201478024675826e-04 -1.324872111908361079e-02
8.797313182028787190e-03 -4.105761899732566535e-03
7.572951419469594551e-04 -4.325101625162652147e-03
-8.985616557434603774e-05 3.840823592604545450e-03
-7.659518393271566930e-03 -1.047386165571967051e-02
-6.009728901109251441e-04 1.649645896958256081e-03
-3.874352029967805325e-03 6.017424394862674192e-03
-6.373591516776700924e-04 -1.215293270415706596e-02
-1.275772110778056103e-03 -8.902943643614096014e-03
-5.206451868956948024e-03 -5.151976216583895735e-03
-6.001187079892578505e-03 7.734685721652941222e-04
5.930218573540779227e-04 6.934155151852578044e-04
5.518505584164754701e-03 1.318099374544861452e-02
2.746695599259254585e-03 7.461110057156775804e-03
-3.020175727607132907e-03 -4.455766761943026361e-04
1.259228265392742935e-02 1.950491620997895845e-03
-1.482971360448756548e-02 8.715471351993060375e-04
6.843708197818976040e-03 1.129053400433683782e-02
-6.621973667144540748e-03 2.602299896559633150e-03
-5.873092576915385152e-03 2.643252462967240948e-03
6.031602154041092005e-04 -4.076735882463874711e-04
-8.406212158208107785e-03 -9.272841913414729687e-03
-3.971568439834737181e-03 -1.178619585662776196e-03
-6.241937039293304207e-03 -5.629229254302744144e-03
-1.621019013893402073e-03 -1.490737185622235256e-03
9.008238855742319029e-03 -7.779725748244243830e-03
1.019120085862494293e-03 7.186368641434444891e-03
1.582189888024933006e-03 9.160058687488110279e-03
1.273121766525056424e-03 9.683964114327611380e-03
-1.045160509427361679e-03 -1.399156713714411280e-03
3.504916779125625409e-03 -9.099771268591494520e-04
-5.456206668537588907e-03 6.191309133794799767e-03
-5.638313804928808334e-03 -8.059895621975197988e-03
-8.932767929299926385e-03 -8.800889564200518878e-03
2.279929084839701220e-05 8.373737528268814997e-03
-2.669292886532788345e-03 -8.588064919592248124e-05
5.039656009615731819e-03 -4.054223782002999710e-04
-2.175802533843272657e-03 3.526454782600140989e-03
4.773663895064314371e-03 6.290042370044724059e-03
1.046421796801923990e-03 6.687114581281374676e-03
1.814781334717536360e-03 -2.785061706168017424e-03
-3.004864450557128818e-03 8.248229484791497895e-03
-5.515519990456034007e-03 -4.628070789742573174e-03
1.333951914824016232e-04 3.077429493730912723e-04
8.868952187291808190e-03 6.854501229086171731e-03
5.186302922360760091e-03 -4.002781782400257823e-03
-1.484973478158001150e-03 -1.964014706962660759e-03
-5.235940905188200128e-03 -5.894694465141552681e-03
9.248525796184020251e-03 6.459648576510011730e-04
1.324348431533198603e-02 -3.181607013691596826e-03
1.169343380778572940e-03 -1.237996792333444836e-03
8.441592671408260085e-03 -4.926409764729298632e-03
2.399389140354599940e-03 2.274408000589321893e-03
4.049434171521589659e-03 6.530856214197564014e-03
-3.164172296099951667e-03 2.370762257290316873e-03
5.568862124960331089e-03 -1.658395198130530653e-03
-5.376488861013273279e-03 3.451574644621899918e-03
4.383616678666922041e-03 4.265724418491302627e-03
2.587515523219735634e-03 -9.773293376191170834e-03
-5.876876439036920162e-03 -1.322062113973068720e-02
-5.926769960873471202e-03 -4.042249755787504992e-04
4.613430011602079502e-03 4.458560701396815061e-03
-1.389018355663699557e-03 -5.592859400371254751e-05
2.139160733269348646e-03 5.384839027978744960e-03
1.049072141054133503e-03 5.906094110566036115e-03
6.084609039093179586e-04 -1.969714529675242916e-03
-6.235710312870044320e-03 -1.123725575458601328e-02
-2.174876495919426684e-04 -5.195307762528897746e-05
-6.053475406967222076e-04 -8.342987204661615839e-04
-5.599149429607121024e-03 -6.395273697421297726e-03
-8.112583083262899647e-03 -7.133617295394408669e-03
-5.081007710231174451e-03 -2.501171855064787588e-03
3.386034596279052181e-03 1.651354377605316649e-04
-8.825748410838114844e-03 -1.203987811352694864e-02
-4.126629404296209939e-03 6.784794010108584350e-03
-1.027732122113809120e-02 -8.754237175080326755e-03
-7.042898976653553730e-03 5.904242034728573833e-03
-5.402705113140421345e-04 6.400047482215148742e-03
-4.594414582876579257e-03 -1.194869677582706922e-02
-1.008646478357312724e-03 1.046485681554146664e-03
-4.651796118510952496e-03 1.187768021041172781e-03
4.466447849401901371e-03 -1.278023320823463158e-03
2.287531952347964578e-03 5.052444711918543767e-03
-9.599743886713515972e-03 -1.033960431106961848e-02
-2.412976111072947984e-03 -7.703249073435829153e-03
2.041481304441459393e-03 2.117878268800409570e-04
-1.810278914627864132e-03 -6.087929882255009237e-03
1.011424592114187025e-03 -1.318444235811510636e-02
-7.217981118207338065e-03 -6.644038574331664372e-03
7.314399259660094715e-03 6.529131907864085642e-03
9.775416816731559433e-03 9.507955934856347074e-03
2.654652108391724382e-03 1.005996134104945178e-02
1.040726779995353700e-02 2.532049948176409541e-03
9.313602825567271482e-03 7.880311060331631270e-03
-1.586373466325226994e-04 1.279041962533929155e-02
-3.240441490953008871e-04 1.164042692274615569e-03
3.341106513491198717e-03 2.085547234062233232e-03
-1.427719712028293567e-03 -3.743543297985280766e-03
-4.033787645014504097e-03 1.149689337320893706e-02
-4.323249549325188998e-03 -8.849266259654646471e-03
-3.734267093101758389e-03 -1.305851935473569935e-03
-4.958676914716854747e-03 2.953645756594363951e-03
-5.727243932585103676e-03 -8.265057588225065144e-03
-4.103111555479677444e-03 -9.578333652743555027e-03
-2.014179593503390153e-03 -7.110418870342525123e-04
-7.909400962356871734e-03 1.222635990050464569e-02
6.285476065202719870e-03 9.777795796281522206e-03
4.983280222349095821e-04 4.073287269792592868e-03
4.505947474180671021e-03 9.720542030151133744e-03
1.187895790546408727e-03 -6.705140087335350815e-03
2.139160733269348646e-03 5.384839027978744960e-03
-9.119505255287986903e-03 -2.822166525701647229e-03
-1.782178935273687854e-03 7.237667045842701959e-04
-2.777573692369734656e-03 -2.134849967435774581e-03
-5.591581705356675393e-04 2.533247350797958580e-03
-1.096457389465174161e-02 -8.090773715086138629e-03
1.183280018668785537e-02 5.033620937447998503e-03
9.791574421246990786e-04 -1.789203930112945708e-03
4.072361231873861294e-03 3.547657536618934685e-03
-5.974220618409660857e-03 -9.059728914409153830e-03
4.275335872829975729e-03 2.216755100251451178e-03
-3.490739019943586794e-03 -7.041110785567173541e-03
1.103289205675089119e-02 1.164170461778600563e-03
-2.903480870053743411e-03 -2.762661549525852363e-03
4.724824180651621131e-03 3.703516769495262661e-03
7.449183508020933327e-03 7.678965189566963091e-04
-2.891953455125274765e-03 -9.932728991237977159e-03
1.136405731880145084e-03 -8.510645217170615534e-03
1.994828915321379161e-03 -1.132765464956871819e-03
-7.822067371530860153e-03 -2.190379427232003792e-03
-3.183522974281963527e-03 5.269549052991924325e-04
8.145489080780277114e-04 -6.104630216184131139e-03
1.182266182863782496e-02 6.134710040879644971e-03
5.458729243285351772e-03 4.384606601337985576e-03
-1.752226880082619585e-03 -5.565078262834580267e-04
3.939892078309511179e-03 -8.060709716085714700e-04
-6.379499401419314953e-04 1.226996281116444088e-03
9.690190840746679092e-04 -6.881148266813004325e-04
3.415523632510305153e-03 9.078536863181883940e-04
1.177070875101196568e-02 6.352197690472268302e-03
-1.289213845529725566e-02 1.518310261263911692e-03
-3.094592846626238909e-03 7.321168715497422021e-04
3.207711322009368198e-03 1.777804284688461623e-03
-3.424735952642285735e-03 -3.852750141740958218e-03
5.920543234450213049e-03 6.012251475862020501e-03
5.656866214696644121e-03 2.592752326973292009e-03
-8.995322383936205785e-03 -5.459320031750184224e-03
9.527641862492828781e-03 1.402333961679229704e-03
4.149891714104992323e-03 -4.340492612658344244e-04
8.325696082269616952e-03 4.701625755594599984e-03
-3.372958703579276990e-04 5.069145045847664802e-03
-9.693543335298183093e-04 -8.645828599738936832e-03
1.801529613456270221e-03 1.120040647406173907e-03
-1.419130064538660918e-02 -2.378441925344345655e-03
-4.492695752918044426e-03 -1.362564438372418363e-02
-1.242371442919242225e-03 -3.653287998202990605e-03
-1.421515374365829240e-02 4.650742311087556133e-03
-6.586720923449624829e-03 -2.400155757380922905e-04
3.247673965745802305e-03 1.075337685623471012e-02
-8.627978340270316820e-04 -9.861824369638160295e-03
-1.322089250442986044e-03 -9.135535090307705507e-04
-2.928930505155709959e-03 -1.035537860708047112e-02
-1.148940535941054414e-02 -4.353856277731490282e-03
-7.731748186997488767e-03 -8.054195799263755978e-03
-1.395757568082468120e-02 2.321331754412790313e-03
1.393983794713758023e-03 -1.084005577384537962e-02
2.012327517664566981e-03 8.803013004740799924e-03
-3.385571577324899021e-04 -2.188128217192986753e-04
-1.488086841370025743e-03 8.399985431780632953e-04
-1.165321562504439967e-02 -1.358331916810787826e-03
-2.939196632709616293e-03 2.102646702198619245e-03
-4.430396837292238654e-03 5.746658495518086607e-03
1.218162347197425041e-02 -7.205591550111790228e-03
-4.069375638166501490e-03 5.005265419085963910e-03
-1.071999201407765811e-03 -2.922895432988548668e-03
-1.067683629667521422e-02 8.990420829638369124e-03
1.242986144517337077e-02 -1.122962356360740314e-03
-4.971945043650118426e-04 1.257160680361999253e-02
5.143562164865519634e-03 -8.403976773860076348e-04
2.237558720063441767e-03 -1.417897496204396576e-02
3.571718114842463866e-03 9.589334163961236654e-03
7.247007135478995832e-03 9.409749602317208500e-03
-2.320134351791242142e-03 -2.991149710335476442e-03
6.932638325475271382e-03 1.149569597058670671e-02
3.216588392684837164e-03 -4.611242686310147373e-03
-2.171300113753600429e-03 -5.346536805822885673e-03
-4.930273337365047347e-05 -5.635328211227157722e-04
7.607230066190555189e-03 1.357405878892057119e-03
-1.418842641351463277e-03 -1.013259026898274788e-02
-8.663327202082694509e-03 -8.966424136167171904e-03
-8.249219407462562298e-03 6.719589211219526015e-03
2.737946298087660674e-03 2.493220822307940041e-03
5.877211688482984406e-04 2.255456456614793586e-03
-1.783903241607846454e-03 -2.541198383554805693e-03
2.906131214307313814e-03 1.981641078811655250e-03
-1.435418487310105400e-02 -3.428903123276916959e-03
1.105661738551927224e-02 5.491922431193460921e-03
-8.644439542860498163e-03 -5.099624004750662187e-03
-1.004359625657616148e-02 -4.054463495323191655e-03
2.165201156833645307e-03 -4.023728997406077722e-04
-1.267338951833017931e-02 6.858221206455484067e-03
-8.060070868563485799e-04 -9.618360181233572698e-03
-5.159543940833331323e-04 -2.652129533643961083e-03
-6.429935652654564411e-03 -4.938464083369695744e-03
-6.050362043760993194e-03 -1.114700045480372485e-02
-6.248626784677521057e-03 2.001790025407272026e-03
9.905570875498633920e-04 2.397664834021692726e-03
-1.401344039008275456e-03 -1.968117992850777634e-04
9.061453220742742357e-03 -2.709255530269903331e-03
-1.050553801724432579e-02 5.674827835999539036e-03
8.349884429996451765e-03 7.006384945582934051e-03
3.751430445989224760e-03 1.907686978751683884e-03
9.994341582266930320e-04 -3.991382136975774389e-03
-1.076908726749265834e-02 -9.101607518735493202e-03
2.994135304042836246e-03 6.232788603913656453e-03
-4.101387249145518193e-03 -6.313368564604479247e-03
-2.995205519163899287e-05 1.280274530868408559e-03
4.872636262648957772e-04 9.220361932078192241e-03
-2.377052868466589166e-03 8.122322307105559261e-03
-5.018916274555283025e-03 -3.819748608089056086e-03
5.917429871237615997e-03 8.816264726003424784e-03
1.017573016068342925e-02 -9.257514228700009992e-04
-5.263705635086655607e-03 -3.372447625561275295e-03
-5.925843922955421374e-03 -4.450210534433164840e-03
-2.643252462968492117e-03 -5.873092576915275864e-03
9.988066796779252257e-03 9.098957174483744692e-03
1.100562199720396712e-03 7.711599240401300834e-03
-3.152644881171483456e-03 -4.799305184421808791e-03
-3.147807211626661369e-03 -4.338353346424598730e-03
7.057284215785507124e-03 6.835549685111642557e-03
-1.172889403143670753e-02 -5.468596236632565152e-03
8.722305274547351508e-03 1.045186063328545044e-02
-4.173489273373930759e-04 -1.525063891399671204e-03
-1.433483419492527456e-03 -1.585095771292181505e-04
-1.095420932101472990e-04 -7.336927185805673830e-03
7.036209231270698639e-03 1.726777244982584218e-03
4.251945793517318724e-03 7.222946557256146663e-03
7.693845099049001143e-03 1.167753174227567983e-02
4.443057770090603521e-03 3.728168136182373558e-03
4.718245797096561750e-04 1.188349197693869264e-02
1.160929329062700263e-03 3.128057399237276111e-03
7.919746800357388081e-03 7.363430628329566997e-03
5.592587453728139688e-03 2.669356771285011452e-03
-1.336937508534535510e-03 -1.163035244944309911e-02
-4.091041411145571703e-03 1.327642196423041432e-02
9.833133601821654121e-03 5.705434564407660912e-03
1.203207067596983541e-03 1.988666073649771222e-03
1.079950234165183865e-03 5.798340208443544461e-04
-6.705603106295626899e-03 8.350969888809081643e-04
1.302738572262335292e-03 -9.302538429592117908e-04
-4.804877237630515024e-03 -1.029772570674327911e-02
-1.082773009050216374e-02 -1.253100589433534147e-03
-9.826060547924451213e-04 -4.740726246165886948e-03
-1.183995295103052771e-02 4.620391121688543525e-03
-4.076735882458165303e-04 -6.031602154047895374e-04
6.407599380765193614e-03 -5.458266224326326424e-03
-1.831609438150775529e-04 1.151717008931400343e-03
2.831714095288206945e-03 3.159334626555700305e-03
-1.706835778337101447e-03 -4.499912402013509297e-03
-7.249194460772178696e-03 -1.065172191102907798e-02
-9.354156257767965582e-03 -3.475954646604370157e-03
4.827006029568611453e-03 3.576382171621098754e-06
1.417118335017876051e-03 6.867625180842992089e-03
-1.748650497910998703e-03 -5.383513855852069263e-03
-7.220423982501117041e-04 1.482786152865388143e-03
2.988036347122881124e-03 4.838788983501623574e-04
3.595108194153762149e-03 4.583142706955399721e-03
-5.061992281505103483e-03 -9.991307929495723064e-03
-3.749115351192736263e-03 -1.202265087588657785e-02
-8.369235108178461890e-03 -8.850192297574058925e-03
6.608721945883844900e-03 1.302802457013877736e-03
5.854540167147549365e-03 2.823890832034664598e-03
8.987036101723636788e-03 -1.531561982525858276e-03
-2.515620978948963655e-03 -1.980315906684979553e-03
-1.268121278158372382e-02 -2.155653587247765603e-03
-3.157482550717666432e-03 -5.260257022420161167e-03
-7.677687494521408078e-04 -3.907752697825939842e-03
-8.064384544236588917e-05 6.785720048027315057e-03
-3.058877083971726918e-03 -4.133191380175871288e-03
9.663687398224585050e-04 9.290564403403839917e-05
9.007185048319033688e-03 7.623196016456472955e-03
1.401344039008275456e-03 1.968117992850777634e-04
-6.189520942708989434e-03 -7.869709683321894633e-03
-8.078591626938112953e-04 -1.526389063525885464e-03
-2.313109356951875001e-03 -1.288225563625255672e-03
1.144944271567410916e-02 -4.621716293814758653e-03
-5.205653600541411061e-03 2.158974430410276132e-03
-1.581854638569782714e-03 1.738847389321256836e-04
4.574393405784924057e-04 -8.562997428997020776e-04
1.116973586090103804e-02 8.001843587430524166e-03
1.147535536973316901e-02 9.480079843121914929e-04
-6.102778140346668857e-03 -8.906520025785714945e-03
-1.782641954233284143e-03 2.746759484012158137e-03
3.952217761652726188e-03 -6.651877663283484610e-04
3.838636267311932443e-03 -1.152116143138202800e-03
-3.762494841959238348e-03 3.239387683533914188e-03
-2.692092177381756515e-03 -8.459618177464055949e-03
-4.331998850496784209e-03 -1.381715549450348093e-02
1.025140856707709887e-02 3.184512896952917775e-03
-9.401271665848432921e-03 -2.797515159015216777e-03
-1.722274824890980809e-03 -1.836782357151866586e-03
4.583605725915676672e-03 -5.618100973581078607e-03
1.085629308881479529e-02 6.041804396846286312e-03
9.716438744268265926e-03 8.022519437739211723e-03
2.847025372338781758e-03 1.185314078754082234e-02
1.305813604622293664e-02 -3.271862313473887854e-03
-3.973627995624046290e-03 -1.377752810022208826e-02
8.658952551496897770e-03 6.482479518742753806e-03
1.016916818480501951e-02 -4.651668349006967719e-03
-6.067190147194669730e-03 -2.414892071662743094e-03
-8.871139512591005990e-04 -8.096473537801926771e-04
-7.190679407267909669e-03 -7.143292634484734588e-03
3.467013691176568796e-03 2.713358816153453330e-03
9.825645588023261198e-03 6.025503197124647964e-03
6.797646597158284263e-04 -3.433948272778833627e-04
4.978825861313613405e-03 6.201112242389109595e-03
-6.645235976953894723e-03 -3.748444852282435680e-03
1.120591464251593887e-02 1.113542556278844520e-03
-5.935056243086041065e-03 -7.395106989854792999e-03
-5.708691522817267890e-03 -1.373220088322697069e-02
-2.617339808907499787e-03 -3.033682987878651496e-04
-2.209075432196850805e-03 -1.308013706865726600e-02
5.383513855852640854e-03 -1.748650497911679149e-03
-5.257015889704371239e-03 -1.100346690527175333e-02
2.180177184429069395e-03 -1.042510165175723324e-03
-1.621482032852427421e-03 5.322555938049720230e-04
-1.802790900829471642e-03 -6.407998514971995421e-03
-7.382797132200985372e-04 -3.165034449266460135e-03
-9.579546881065858274e-04 -4.458959835604759184e-03
-5.436265201892105485e-03 -5.344812499489408168e-03
1.307113222848132247e-03 1.553690774465205657e-03
-4.750736834712042736e-03 -9.273241047623354688e-03
-4.660210170227396115e-03 5.553822212612574173e-03
-3.081804144323998119e-03 -1.149992702597241959e-03
2.082369986097305520e-03 5.141374839573016782e-03
1.763163506546827370e-03 6.766369369844841761e-03
-1.636458060448642109e-03 1.172392859238265139e-03
-1.099372768142920301e-02 5.004514627752996991e-04
9.003864205156522291e-03 -1.026367036566866280e-02
5.567600837586558944e-03 -6.946353065695671722e-03
-2.648217902017189693e-03 5.022891790934957967e-03
4.157842746862410593e-03 -2.777110673410028430e-03
-1.889198453737432528e-03 3.962755253910240152e-03
2.483944617423737219e-03 -4.374650586367895971e-06
8.334445383442572186e-03 9.669514990444577629e-03
-4.754009618812768401e-04 -7.056485947370080315e-03
-1.761902219173625515e-03 -1.478411502279020247e-03
-2.804875403307803029e-03 -1.635595907281562700e-03
-3.634863357941071210e-03 7.132164353763068183e-03
-1.387629298786623080e-03 -6.124906932285335143e-03
8.054531048717655101e-03 1.602195239422858110e-03
6.817460294304193008e-03 -3.613133700209668168e-03
1.947713507241702205e-03 -4.543259773658967632e-04
9.258153076223336105e-04 4.497262057760619339e-03
5.726780913624717438e-03 1.028805036765113173e-02
-1.095536157451976016e-02 -5.145877259663369022e-03
-8.655966957789537966e-03 2.070443436962143922e-03
7.401142062021845436e-03 5.492321565400944475e-03
3.900264684028226930e-03 -4.477001167345834656e-04
-3.317381184723390119e-03 2.242204735353308439e-03
-5.161188536713943835e-03 2.261555413534639854e-03
-5.098171063120001713e-03 -3.103006898344043418e-03
7.476198028559533082e-04 -5.247005301158213716e-03
-6.606071601630274931e-03 -2.083822927728074849e-03
8.643178255487297609e-03 -1.883338628151601940e-04
-7.413467745365061312e-03 -5.633204770681167484e-03
-1.455356672421513099e-03 -1.257823266425130496e-02
-1.065378146681770707e-02 -5.349714053786562215e-03
9.103762610665226337e-04 7.160392102621799745e-03
-6.269366519736608093e-03 6.226961011697769097e-03
1.102367973662027323e-02 -1.780725993643027597e-03
-2.758558263642873522e-03 -9.624986041864886863e-03
4.463797505150262149e-03 -4.970028501088048258e-04
-1.374883733240433309e-02 -2.594604402810754724e-03
-9.867923326558116284e-03 -4.886111871536462196e-03
-1.403994383260484969e-03 5.842086714302610140e-04
-1.566415592015904003e-03 -2.489245305929516702e-03
-7.961226270477496370e-03 1.086911344250967009e-03
7.393781817729258750e-03 -5.544546007729050929e-03
-7.810204707147678366e-04 -2.650344252889795266e-06
2.166925463167803691e-03 2.862592188398468442e-03
1.378752228109793657e-03 1.251395390328280052e-02
4.291237938344241547e-03 -2.469367724036257254e-03
-2.129022375219316934e-03 -6.485928131410390561e-03
3.810408518454452050e-03 3.393123475869281539e-03
-7.915835168730617558e-03 -2.856493231477942162e-03
-2.807062728600987628e-03 -2.877568215993431093e-03
8.257042670714745056e-03 2.294285582482582207e-03
1.045623528387747917e-03 -6.238360657116544424e-04
8.671406004344777568e-03 -4.733573481822644750e-03
-9.550904172300821865e-03 -7.753078710520156652e-03
-9.407913352171874081e-04 -3.857124792326183799e-03
-9.160058687488682738e-03 1.582189888025613885e-03
-2.948903623261359087e-05 -7.427182485587988277e-04
2.686584008926062254e-03 -1.066922051337294494e-02
-7.140578405481443416e-03 7.311908336298687458e-04
6.607492309903283990e-04 7.146741247152371343e-03
-3.943931479441518083e-03 7.656069780603249296e-03
-2.684731933088599105e-03 2.577249395665258576e-03
9.385832619293193319e-03 5.460645203875717606e-03
5.480937745675853491e-04 2.613827311488101796e-03
-3.308631883551796209e-03 7.210093970202144202e-03
-7.043697245067729804e-03 -1.406708612264456152e-03
3.887939000684222188e-03 -5.885833220166290184e-04
-1.355952937261396644e-03 -4.140216375013987260e-03
-1.487160803450614157e-03 -3.205987015675209814e-03
-1.375321198299012809e-02 -5.078549020235172823e-03
2.441666878889454158e-03 1.135016675001136776e-03
2.763523702692931554e-03 -1.270998325984205521e-03
-6.961456862797012202e-03 6.429472633694288328e-03
6.269238750232733470e-03 5.129975194149673928e-03
-1.452371078714152861e-03 -4.025309708546407662e-03
3.469664035428777875e-03 1.932338345438114335e-03
-1.828368305435313246e-03 -2.643779366679169414e-03
-4.869283768097451602e-04 1.135814943420451046e-04
-4.706910618397586524e-04 4.761402096473893626e-03
-8.733369670515434349e-03 -5.304785970999389630e-03
2.761001127944597532e-03 -1.184691406111630999e-02
2.839665128045625216e-03 8.162732144115061915e-04
-1.096688898944879996e-02 2.024190182049437521e-03
-6.789823333909043163e-03 1.244782306647615466e-02
6.440537029663621904e-03 1.814382200510842973e-03
-7.304388671113938927e-03 3.726715194551713517e-03
-1.008806132040362957e-02 -4.157044478447554509e-03
-1.062382941162663685e-02 -6.629988584654290980e-03
-2.179714165470044047e-03 -9.804826142514842802e-04
1.505250194258063706e-03 -2.381634999006297920e-04
-3.145156867373091400e-03 -5.119373817138795843e-03
-2.244455945397573829e-03 1.119114609487442550e-03
7.897282758964141794e-03 8.323636526480987854e-03
1.152741492846821175e-05 -7.170067441712125664e-03
-6.123725355360893491e-04 -2.537222867176382353e-03
-5.761570638362539624e-03 -9.468727674781074466e-03
1.216963303808675859e-02 1.987468671027540872e-03
7.667006407068597228e-03 1.015379302300154288e-02
-8.656429976748564181e-03 4.093436216389351526e-03
1.618033420186041835e-03 -7.062185770082662906e-03
1.032371807125121105e-03 3.281266287861395008e-03
2.137436426935189829e-03 2.119873939839669180e-03
-9.997694076818433237e-04 -5.342561289444462333e-03
-9.531170185604026339e-04 -3.998007997606407675e-03
7.375101638457549208e-03 1.127953349312029764e-02
1.628842277144442732e-04 1.050461197932570437e-03
7.730694379579206152e-04 2.345711756396403735e-03
-3.627710593598399737e-03 -2.521847705373474711e-03
1.067372293346397806e-02 -6.186407579495822526e-03
-5.551235753111907756e-03 2.372374619818988679e-04
3.299754812876327242e-03 -8.210469992035347719e-04
6.511377766511105940e-03 5.463694682335410238e-03
-3.000362030467456590e-03 -6.247621036315276818e-04
-3.264166819724328983e-03 7.312674953326507056e-03
-1.063585149689961519e-03 -7.288949624558808613e-03
3.784368094889584665e-03 9.180335403589316018e-03
1.983764519351365139e-03 4.014309197328726903e-03
-2.664455216986605368e-03 3.750711888024296781e-04
4.234910210133156251e-03 -4.735824691868732034e-03
2.294556947185400538e-03 6.755368858628302449e-03
-4.814217327265010206e-03 -1.885685956317463378e-03
1.103024171249925370e-02 1.945190932493258244e-03
9.306114811768876824e-03 8.200379693048617455e-03
-6.874586290930026836e-03 -5.964273914615155284e-03
1.216790873175259934e-02 -1.277496417111534041e-03
7.630588494111937778e-04 -7.910135346018715846e-03
1.545675856954884051e-03 6.714416292219553203e-03
7.857655364681498389e-03 8.682007381353834194e-03
-4.492488272968129213e-03 7.065235248542354671e-03
1.220833439444941881e-02 5.675083375008648304e-03
-2.832177114247232726e-03 -1.136341847128492918e-03
-9.493650406171113415e-03 -9.532607301542777092e-03
1.130642024415910545e-03 -4.925611496314551835e-03
6.381095938239939556e-03 2.351938482819772476e-03
1.950236081986963274e-04 1.012158975776710716e-03
-5.024951928702210344e-04 1.413364774504884819e-02
-4.341770307697092636e-04 7.207044491742451570e-03
-5.699606972190523688e-03 5.696317780421004950e-04
-6.861925358131661101e-03 3.510552717085304447e-03
7.948309798670019632e-03 1.215213443574231916e-02
3.794458393883361376e-04 5.148399834412274202e-03
5.498021388112846186e-03 -5.307707679955097485e-03
-2.152412454530614784e-03 -1.479736674404553845e-03
1.274721584888502575e-02 5.344014231073980492e-03
1.012146198826108234e-02 9.406700123857516735e-03
-1.265126072639208288e-02 -3.435928118116174379e-03
-9.820472669023288387e-03 3.769392067292799253e-03
-9.653676809682071314e-03 9.326790662076993657e-03
1.234703027443703055e-02 4.420785382952884673e-03
-7.047273627239351336e-03 3.420297417304155735e-03
4.675984466238357166e-03 1.116991168946481492e-03
-1.870646043969596741e-03 -1.504388041091664525e-03
3.170271253019907656e-03 3.378147448273177006e-03
-1.127528661203315227e-03 2.121598246173147552e-03
-1.078823046572475498e-02 9.745464761539921958e-03
-5.856855261945968609e-03 7.291073065099768803e-03
-2.863390456812072923e-03 -5.144025183825905873e-03
-1.759251874921416220e-03 -2.259431972994358807e-03
7.019045878381871377e-03 1.124942201703328388e-03
5.710671368159966552e-03 -5.716706440327018121e-03
6.576582565399021960e-03 1.341104679170417903e-03
-1.272740215174341695e-02 -5.523199658510742800e-03
-1.163451903810464212e-03 -1.370397313437006145e-02
-3.061990447182390621e-03 -1.329178130034005135e-03
-4.618139911648604101e-04 -1.627644874524035142e-03
7.568321229879338904e-04 -2.302108845735444543e-03
-4.814808115729271067e-03 1.149424302895604537e-02
4.653392655339875367e-03 1.343413327294420631e-02
-9.747827915389021235e-04 4.273148547537363590e-03
3.921339668543036283e-03 4.661072323394474873e-03
2.838276071167187848e-03 6.885251552691986146e-03
4.432248913129700069e-03 -1.383862961322577384e-02
6.797518827659281178e-03 7.922987933073858888e-03
1.304925897554746680e-02 3.117184657524720709e-03
3.999668419188914109e-03 7.990316172502055087e-03
7.635920834007062230e-03 -5.210826519542635475e-03
-6.382357225614501001e-03 -7.639896350386736305e-03
1.185711630391992483e-02 -4.018556078409969007e-03
1.930885403808025019e-03 8.277782405775084562e-03
2.060368963664445038e-03 4.078587958298372784e-03
-3.926768126552120097e-03 8.257904823881823814e-03
-7.614142535269387800e-05 -2.087271540395711604e-03
1.166693036526934369e-03 -4.569763216187866127e-04
-5.078820384937990720e-03 -1.259199546352918978e-03
-1.834930281313723859e-03 -6.369696292816136134e-03
2.284242760580814172e-04 6.261814621187134812e-03
9.905826414506602173e-03 1.262775928524540077e-03
-1.523674834520663112e-03 -5.651629410943766890e-03
1.702461127749944035e-03 2.015967784587949750e-03
7.876670793408358656e-03 1.191871306924722346e-03
3.496167477954031499e-03 -5.877866361707984565e-03
-2.493955205970463732e-03 -1.025147245182875082e-02
9.219036759955622200e-04 -9.675339091005713196e-06
4.494883078216450759e-04 1.486761669243811699e-03
-3.610547240709001751e-03 -1.920012662094899326e-03
-1.008772607094790726e-02 5.176898947972002202e-03
-9.439046984292122182e-04 -1.053111542185460178e-03
-1.886420339980557793e-03 -8.175201422650719973e-03
-3.548583574538346271e-03 8.118346790727135054e-03
5.260927521333645185e-04 1.551040430212315916e-03
6.042075761549785089e-03 4.156118440528823801e-03
1.570790242601700958e-03 4.973189923353934366e-03
-3.531420221648947418e-03 8.720181834005710439e-03
5.942672026388307743e-03 -4.281897848709637945e-03
-3.262314743886866701e-03 -7.792961643811801772e-04
-1.106788926144227324e-03 -2.103572740117349953e-03
-4.210929342357597541e-03 -1.365029575041061538e-02
-2.313572375912260806e-03 7.347672158008097245e-04
-1.069433489901976293e-02 -9.453576400604429830e-04
1.161577555605493826e-02 2.958675080395502775e-03
4.005096877197997923e-03 -4.928660974774244467e-03
-9.479440995598586647e-04 5.796887266810359096e-03
-1.301812534342923705e-03 -3.115731715894061102e-03
7.832875064530688512e-05 3.329243849108260225e-03
-1.124150263566793713e-02 -7.605170510401816804e-03
-2.590836366382245730e-03 -8.113573005933964050e-03
-3.798673623574137445e-03 1.012768871468559470e-02
2.723433289451261501e-03 1.110365308315848423e-03
-3.117519906979871434e-03 3.715315549127229649e-03
-8.581885088226152980e-03 -8.441193537201456543e-03
-5.003014209040447351e-03 -8.505871432377444530e-03
-8.150150921756235678e-03 5.823662074037750172e-03
1.273939258563284299e-02 -3.669860562628127730e-03
-1.933663517564899320e-03 3.860174270785876431e-03
-5.955444321018412215e-04 -1.126933125031804282e-02
2.260821029872795741e-03 -7.828230213201895632e-03
-4.268438647495844535e-03 1.084310525230507138e-02
-3.176833228898317835e-03 -7.104064374410142858e-03
-6.384544550907684732e-03 -8.881868659098604915e-03
-1.781715916314662506e-03 -1.299226074842937083e-03
-2.544646996223779703e-04 -4.746026934677813206e-04
-7.788331454221548295e-04 1.239321964459659097e-03
1.999203565907175899e-03 1.351179152467545629e-03
1.764089544466809246e-03 2.720383810990888857e-03
1.211549263516771384e-02 9.629840119082964597e-04
4.184681438841454486e-03 -1.253371954137032923e-03
-4.206219442316078486e-03 -1.832407706566640355e-03
-1.440380644826658868e-03 -1.321836992968574223e-02
-2.132135738429981504e-03 -3.681914881268524842e-03
3.769392067293369977e-03 9.820472669022608375e-03
1.135070947942293240e-02 5.608154269787253912e-03
-5.975609675288096924e-03 -2.990750576128673767e-03
-2.943571283295413465e-03 -3.812979152257986361e-04
-2.763858952148082280e-03 -8.062945100436031201e-03
-9.729307157014394081e-04 -3.818822570170324511e-03
-3.260239944327756462e-05 2.061295001583066892e-03
-8.627978340270316820e-04 -9.861824369638160295e-03
-2.437292228303656987e-03 1.348927942423280889e-03
-5.577946675587075291e-03 -1.264343746313854183e-02
-8.947280937937686016e-03 -1.018374507819375281e-02
-7.110626350289804207e-03 -5.490836972385395968e-04
3.457801371044588214e-03 -2.315376392693162776e-04
-3.305055501380175544e-03 2.383087940633531882e-03
-1.977202543472954960e-03 -2.883922711917602912e-04
-3.398025030167116899e-03 9.027924783379482482e-03
6.171431551901539886e-03 1.131386019889773359e-02
3.279941115735290035e-03 -6.418615717674518249e-04
-8.038628983203389283e-03 -6.288318063710566543e-03
3.850834181151272829e-03 1.034570326798946518e-02
5.109698478049040649e-03 -4.067060543368762257e-03
-1.037029074992310181e-02 -2.109400332333916453e-03
2.496270300761947226e-04 1.365085546942933746e-05
-3.187897624867760266e-03 -1.956989712125224799e-03
-5.671379223333042861e-03 -3.975607840965384061e-03
-8.951320339067762172e-03 -3.333746269198612465e-03
-1.366659695013225199e-02 5.241576843149129902e-03
-2.150225129237430186e-03 -2.377643656926853441e-04
-1.240613611640556217e-02 5.450714325776281552e-03
-7.024994838006467721e-06 -1.702924146709078670e-03
2.474269278334092180e-03 -9.262783265807883427e-04
3.527253051014997507e-03 9.486753180836872065e-03
-6.734629123567282931e-03 -1.930614039104635964e-03
1.254441587249834067e-04 2.650804361517285386e-03
-4.337762557961017881e-03 -1.023212177364742070e-02
2.362412090325525203e-03 1.851758384747971553e-03
-4.271088991748054481e-03 1.162412572302041168e-02
-2.667903829655930877e-04 -6.154858987480046548e-04
-4.543259773664677040e-04 -1.947713507241021977e-03
-6.229739125451460831e-04 5.868590156824704182e-04
9.219036759955622200e-04 -9.675339091005713196e-06
3.974218784086947127e-03 3.975991149474372016e-04
3.493389364196586473e-03 6.260090314853656440e-03
-3.279941115735290035e-03 6.418615717674518249e-04
-4.767900187597140450e-04 -9.875076090896000355e-04
2.295610754608686747e-03 -8.647552906072414336e-03
9.747779856336980311e-03 6.732665685891805682e-04
1.008055689893051429e-03 1.233344330371936165e-02
1.270599191778083292e-03 -8.919516208033522863e-04
5.079746422857402306e-03 -2.786786012500353481e-03
-7.449646526979959542e-03 1.255096260470510428e-03
6.889690088030115712e-03 -6.032799556665581833e-03
-1.935067818201142639e-05 -1.843807351991124440e-03
2.116696691874741902e-03 6.345044926129025237e-03
9.605044575219294153e-03 8.777563369640082810e-03
-2.825615138368822981e-03 2.589575079008473585e-03
-1.279386823800510511e-02 -6.688567522910892835e-03
-7.783701264617685911e-04 -7.836708149664062999e-04
1.871572081889008761e-03 -2.541597517761608367e-03
2.710372640461538793e-04 1.445636672201872433e-02
5.094594680948951772e-03 7.930012927911974860e-03
-3.324582008131051793e-04 5.530096883844874862e-03
6.692910522100754822e-04 -8.576249150265793930e-03
1.057843830988111980e-02 1.057339316038434160e-02
8.562997429002596611e-03 4.574393405783806245e-03
-2.962458942518399543e-03 -4.248098046644130030e-03
-6.539142496409561418e-03 -2.941447842755132852e-03
2.949798009720034243e-03 -5.226728585056329701e-03
-1.601205316751794358e-03 -1.669922613058998865e-03
2.628739454330732486e-03 4.490237062922041930e-03
-4.453068358635398419e-03 -1.398401523859702997e-02
-7.013872959381326974e-03 8.669953062713437950e-03
7.180333569267392455e-03 -1.244649789434947897e-02
-1.014935448766341244e-02 4.472482921570204543e-03
-1.178223616594100374e-02 8.178697512405382411e-04
1.751300842164568890e-03 4.602493385137873018e-03
-7.734861550208152470e-03 -5.250182549121891126e-03
9.326854546829898077e-03 3.975208706758581387e-03
1.054676194835589380e-02 8.588702603112993716e-03
-3.974681803047333366e-03 1.625393664478628087e-03
4.451136572358482292e-04 -9.971829481806057487e-04
-2.851990811388840658e-03 -9.571564196917294173e-04
-6.229148336991062983e-03 -7.511338828449728305e-03
-1.976739524513929612e-03 -2.311385050618967353e-03
-3.382921233067027588e-03 -2.969148687901255503e-03
2.646030576729800805e-04 -6.264864099645441834e-04
7.624856438038979389e-03 -6.375185725657510002e-05
-2.695668559552806456e-03 -3.632612147896125375e-03
8.843374782686538177e-03 1.061872037737831773e-02
-2.478180909960863570e-03 -3.580659070270836818e-03
7.819417027277290183e-03 2.971399897946201338e-03
1.193935668619064416e-02 3.817625167548775039e-03
-1.467474875814241738e-03 7.971763762734328587e-03
-6.358631896846693270e-03 -3.312144380971194201e-03
-7.931609464741007018e-03 -9.527306613037677188e-03
6.041149723630373503e-03 8.202103999382096694e-03
-2.029155621098243951e-03 -7.090462159981751437e-05
-1.098220026650016494e-02 -6.669615978937506844e-03
-2.209666220661112099e-03 2.997919166162441593e-04
-1.307448472301922190e-04 -1.088763420088430158e-03
3.811701457211340641e-04 8.413364922550207667e-03
-3.250452079502677040e-03 1.384579820326250436e-03
-2.324509002377038447e-03 -5.475094327759893673e-03
-7.951032757418053862e-06 2.343061412144194222e-03
-8.335962209824883742e-03 7.756399553683348061e-03
-2.696594597470857151e-03 4.133734109582891825e-04
-2.331198747760685006e-03 2.155924951949441618e-03
2.230741205175921452e-03 4.808980523512813854e-03
-6.905336614535840384e-03 -1.199495003073977606e-02
-7.325000636669722932e-03 -3.405050025004552859e-03
-1.596239877701736108e-03 -1.256590698090809081e-02
2.445578510516225549e-03 5.641954071852761828e-03
6.714943195931482103e-03 -9.247136739305583317e-03
1.617107382266630682e-03 -3.016200211229389579e-03
-4.354718430898569040e-03 9.856922815341005381e-03
-7.217071487963218693e-04 1.081672957928448212e-02
6.344581907169890601e-03 -9.370391244878546744e-05
8.646626868153683629e-03 6.341596313462529930e-03
-2.688515795210134549e-03 -1.328662420703266914e-02
-3.739104762646580909e-03 -1.766803773470780430e-03
3.558799315199782584e-05 6.491627954122973151e-03
3.811701457211340641e-04 8.413364922550207667e-03
8.291369376492181004e-03 3.497955669038590662e-03
4.758352618014310281e-03 -2.403763790941077123e-03
-6.539605515368586766e-03 -9.184550633279252481e-04
-1.713988542678412247e-03 5.154099657124175914e-03
1.384929487498773315e-02 -4.370301072652642629e-03
2.430267233465650302e-03 -3.051852089132359343e-03
-6.681877777527818300e-03 5.162848958296450269e-03
-6.543517146995358157e-03 -5.425392460179550951e-03
7.620817036906971619e-03 6.786246951738102509e-03
1.196539710975551112e-02 -1.969586760171258139e-03
2.198729594196904748e-03 -6.509653460177627568e-03
2.795790852678337697e-04 -1.266623675398979290e-03
4.760875192762644738e-03 8.172151944191028208e-03
-1.293861501585505218e-03 -5.458793128038255324e-03
-6.464725377391025707e-03 -4.119141390498497896e-03
2.054270006745060641e-03 -1.670321747265801540e-03
-3.754543809201820511e-03 8.963262713897199654e-04
1.789203930113054996e-03 9.791574421259504647e-04
4.915137888809370699e-03 -7.102212298572680577e-03
-5.286504925935052619e-03 -1.174618515383009029e-02
1.047347834719974686e-03 2.641129022426960335e-03
2.419665856455233219e-03 7.222979372535132982e-05
4.011195834117382321e-03 8.202487307899296396e-04
9.552628478634410392e-03 1.101804379865991418e-02
4.909677779417523889e-04 -6.963580303336722524e-03
7.137928061227873447e-03 4.982963708432793307e-05
-6.410249725016831969e-03 6.239286695040984973e-03
5.368202578802066041e-03 -1.044245665889680097e-02
-6.230537393868710618e-03 -1.442360490167425915e-03
1.153904334223332905e-03 1.425133252527055559e-03
6.193097324880039375e-03 3.042703653753963192e-03
-5.647941084960263723e-04 -5.238655134193422915e-03
4.999565596374062199e-03 1.975941256099753539e-03
6.447099005542601506e-03 5.540299126647129681e-03
-2.336834685720254323e-03 -5.615977533040117549e-03
9.553554516552461087e-03 6.972058239805498971e-03
5.252641239117212743e-03 8.519522287846192921e-03
-2.560086042776431314e-03 -2.082896889809343274e-03
2.609388776150081517e-03 2.646429710932059372e-03
-2.259431972993788083e-03 1.759251874920735774e-03
-1.019415480094603040e-02 -4.964041487974395900e-03
4.158641015276586667e-03 4.533839973583000255e-03
-8.399985431780632953e-04 -1.488086841370025743e-03
5.065568663675363258e-03 5.164301899925968428e-03
-8.696855639445383659e-03 -2.859143575730831686e-03
2.925018873528939002e-03 5.848441210228845846e-03
1.373579309109820628e-03 2.719058638865355041e-03
-6.669424324680727802e-03 -6.053204042270769747e-03
7.004246843273832270e-05 -3.661638165167782275e-03
-1.163903786586372065e-02 -9.309419829238252050e-03
8.233317341948296481e-03 -2.033466386931817582e-03
-1.967527204381949463e-03 6.335114048038021457e-04
6.511840785470131288e-03 3.440701902908203068e-03
-2.129150144722621700e-03 4.871008074436372452e-03
1.875946732474805499e-03 -5.765290033719070242e-05
-2.719058638865464329e-03 1.373579309108569242e-03
-5.001289902706859691e-03 -5.240906344237687871e-03
-1.173326868202250427e-02 -7.952540854056982383e-03
-8.982533681632603670e-03 -7.341429605896026070e-03
8.324099545440694081e-03 -9.920275538390779108e-03
-2.563071636485152009e-03 -1.063581984551538288e-02
-3.959242756492093764e-03 -1.037736380381872091e-03
-2.083759042975742454e-03 9.276034987074639315e-04
-7.766458201289707730e-04 2.481294273171527707e-03
-8.115233427516469616e-03 -6.352596824680212424e-03
-7.144490037106284060e-03 -3.775746563221295087e-03
-1.150790971012098044e-03 -4.229146502669601723e-03
-5.040917296991435795e-04 -4.882535489365302534e-04
-7.078949988764578205e-03 1.435606860032808720e-03
-9.540430564798142200e-04 4.797756124686532609e-05
-4.833568005447592790e-03 -3.729493308307906940e-03
-1.638102656338559678e-04 2.995524360920702456e-03
-7.317049603912304662e-03 -5.748111437148746214e-03
6.584661367660315720e-03 -1.235889293882122021e-02
-5.109570708543805136e-03 -7.289875662477539320e-03
-3.694304449363963391e-03 7.669720636073820014e-03
-6.819982869052528332e-03 -6.962782034922437163e-03
-8.919308728087386312e-03 7.984887714492973007e-03
2.992410997710038319e-03 2.967823515775722121e-03
1.542227244288498899e-03 1.844861159418626460e-04
-1.114404709445924145e-03 9.573432098446400113e-03
-9.346923782972317444e-04 1.891784913237309212e-03
1.636458060448642109e-03 -1.172392859238265139e-03
2.844965816549473517e-03 -7.457677270184910265e-04
2.756833957309285429e-03 6.360020953725130204e-03
5.229251159805915761e-03 1.352571374485203072e-02
-8.624625845713096905e-04 -5.278809432186040186e-04
3.664180057528446804e-05 -8.911293810577744501e-03
-1.223079843584266510e-02 -4.714877476857226579e-03
6.969280126052268456e-04 2.584402160006920766e-04
-2.268309043669256616e-03 8.148298845919344988e-03
5.040917296991435795e-04 4.882535489365302534e-04
-2.293295659812198684e-03 -1.467410991062480718e-03
-2.459293250737877926e-03 2.861410611474950096e-04
-2.251943959195966318e-03 1.439183242204429385e-03
-1.251583763051222591e-03 -6.598184453625760212e-03
-6.942904453029176415e-03 9.623293386923832161e-04
6.739466793114037499e-03 2.391565877102308328e-03
6.770680135678878130e-03 6.399249213799721066e-03
-1.009693839107909767e-02 2.232002492551054054e-03
7.654808493230618599e-03 -1.344026388124983443e-03
-1.551439564419118374e-03 -3.129382571363490372e-03
-5.098969331534747643e-03 -1.041395754533639209e-02
3.452037663580354108e-03 3.353496081586746121e-03
-2.285679876508569380e-03 -1.314441582962577043e-02
2.318410045457083325e-03 -2.738153778035995554e-04
-3.419435264137076977e-03 -5.414791083169813446e-03
3.284778785280112988e-03 -1.809097337702415473e-04
-2.967296612063792353e-03 -4.709049884640660079e-03
4.454920434473432292e-03 5.892044120888662723e-03
1.085986947098641596e-02 1.214798367277674859e-03
2.757759995228697449e-03 2.314035394871857311e-03
3.298828774956915656e-03 3.224938559649738121e-03
-2.540016806619916235e-04 -2.497595472893846934e-03
-1.263111177979690586e-03 5.718829880863654513e-04
5.981708632206691155e-03 8.739660281691026197e-03
-1.589214882864300148e-03 -1.086298283419833213e-02
-1.303163260369904347e-02 -4.538342393673353362e-03
4.051286247359052808e-03 -1.561114903510123870e-03
3.480137642933959878e-03 1.016519266842670632e-02
6.321862326771263401e-04 2.358037439740299189e-03
2.897844932094744818e-03 -5.009240935464387250e-03
-4.958676914716854747e-03 2.953645756594363951e-03
-1.488885109784772540e-03 -6.470952103814285594e-03
-1.310689605019753779e-03 3.273315255103406013e-03
1.893110085362843028e-03 5.441821429402428009e-04
-2.713294931401230656e-03 -2.211454411747493590e-03
2.911894921771547920e-03 -1.603392642044407148e-03
-8.523242265212784127e-04 -1.628970046650249403e-03
7.966862208437855419e-03 6.684991140740413618e-03
-5.247005301157642992e-03 -7.476198028566337535e-04
-9.541228833209245211e-03 -6.831175034525275094e-03
-1.203266146443273538e-02 -6.506731751223062896e-03
2.767435334319702945e-03 3.235939070867419748e-03
-9.911925371426558162e-03 -7.011685634088033955e-03
4.125575596872922864e-03 8.618127754592133302e-03
4.934360797486146179e-03 6.098531259264745874e-03
1.300744425597163620e-02 2.233583203685699306e-03
3.812979152263695770e-04 -2.943571283296093910e-03
1.558464559258485515e-03 4.832306718073711357e-03
9.306529771671563471e-04 4.958213895757829399e-03
8.539144330730913390e-03 1.160357764221570803e-02
5.345147748944558026e-03 3.897678224528131237e-03
-1.712599485799975096e-03 -9.148786811563044746e-04
5.688335096266731441e-04 -1.611343674802396360e-03
3.910866061037854280e-03 -3.571781999594116248e-03
7.952812218761051016e-03 3.279142847320433950e-03
2.571948707160620542e-03 4.246772874516774321e-03
-2.107947390703147125e-03 -1.377155691280190341e-03
9.134896242791188184e-04 4.356378852480396330e-03
1.029057294239935777e-02 4.849134821506137158e-03
1.330040283200404098e-03 -1.429507903113423455e-03
-1.132294474952447692e-02 -8.130401109367533033e-03
-3.604911302750002725e-03 5.851889822895340286e-03
2.317484007539032630e-03 3.772170181050815436e-03
-7.903509485387401681e-03 -2.715610026197718286e-03
-5.201151180451739700e-03 -6.714017158012751396e-03
-2.784135668248715126e-03 -5.860766893572059988e-03
4.609981398935694349e-03 -2.071369474880875063e-03
-4.125240347418562305e-03 7.158156718262810927e-04
6.721840421265613298e-03 3.812723613250940113e-03
1.088364285881056760e-03 -3.786220170726366501e-03
-7.617831443199612682e-03 1.766676003966796086e-03
-2.456642906485668413e-03 -4.948794095678436594e-04
-2.477717891000477332e-03 -5.603651849696902540e-03
1.289949869958734044e-03 9.518557311866302720e-04
-1.038598533548380776e-03 2.326760212421874995e-03
-8.955280029755443259e-04 3.556406837791208607e-03
1.183856389414972114e-03 1.448587216586469991e-04
-6.609983233257047189e-03 -6.590760324579699250e-03
-2.367712778830733961e-03 -2.897174433191161084e-04
-2.863390456812072923e-03 -5.144025183825905873e-03
1.196182072757616182e-03 2.857419269395507244e-04
-4.886782370446653492e-03 -8.799963526281106424e-03
6.985182191563460777e-03 -2.101720664279888105e-03
1.190881384253768315e-03 1.847782868369547997e-03
-2.952320584467008242e-03 -5.349187150074634182e-03
-9.397360034221660663e-03 1.709422237836408058e-03
5.479005959385985051e-03 2.182428394474014797e-03
9.568993563107700689e-03 4.308928194944997708e-03
-3.246412678372030160e-03 -5.465418988669568622e-03
-1.218103268350998955e-02 -6.174337435161717652e-03
-1.107609583320515872e-02 4.021206422662858965e-03
-3.065455467521124161e-04 1.109982116197228558e-02
2.563167754604115181e-04 -7.617368424240586466e-03
-1.315457130780831388e-02 7.097569986067323901e-03
-3.541300442542373236e-03 3.997876970803486245e-03
7.267020841561452373e-03 -9.224277157500820890e-03
7.569137277268921452e-03 -7.958999345366448569e-03
-1.653031259339374096e-03 4.877569952508835696e-03
-9.666189015670732451e-03 9.571607053876050528e-03
1.465540461973682471e-02 -9.400997253798798730e-04
-1.132475818348831730e-02 3.085353454247660634e-03
1.873177104670535652e-04 -8.674486127735220320e-03
4.520714236223989484e-03 1.325465529570292976e-02
1.085594871470397854e-03 8.747454840953657398e-03
-3.149209324112531988e-03 -1.274229621251842665e-02
-1.013352383537623191e-02 -6.236028117150933282e-03
2.772191543607233576e-04 -7.317858771952952084e-03
1.103501100968311104e-02 6.708382629537702931e-03
8.249998630294550633e-03 3.089222267991970170e-03
-1.622391931018019994e-03 3.350593510274866866e-03
-8.417292981408718011e-03 -3.927962119435721849e-03
9.233939068086488957e-04 8.493897448095151514e-03
-6.603915613135841710e-03 1.086417644553453084e-02
-2.042547429424863316e-03 9.523564803463245576e-03
-3.199862385836128604e-03 7.034017161143595043e-03
2.666215928927774103e-03 1.323101647765587141e-02
7.094731959363395971e-03 3.160175423188744774e-03
1.005448541323254036e-02 9.657438685657675562e-03
4.621613988679735413e-03 -8.593316682248055075e-03
-1.860581570398983078e-03 1.242785012963627637e-02
-1.369212825889213649e-02 2.469718474115909380e-03
1.063508719323849779e-02 -9.558020526727434643e-03
-3.942456970897117476e-03 3.721744215766399893e-03
6.015026964691211168e-03 -6.308587169361132806e-03
-1.237013936354592301e-02 6.093163627211389127e-03
5.597272827105637810e-03 -5.153429428300946094e-03
-1.030127378386467164e-03 -6.568797837252847265e-03
5.340901704080234548e-03 -2.004678415767927220e-03
-6.656485809516724667e-03 2.567915778704745692e-03
-1.234490619273407794e-02 -7.059248423170619811e-03
1.001338642111233856e-02 3.501142892359114826e-04
1.391280523583702557e-02 -1.736420335535108399e-03
4.080003427499813776e-03 1.291726992973884006e-02
7.044013867414661810e-03 1.907376274693809923e-03
-1.282571991531156370e-02 -9.050048186756307024e-04
-2.906301094749169037e-03 5.193931548583842137e-03
6.189289499678046497e-04 1.019510176081402791e-02
-8.523808412198064649e-03 1.214778780373518448e-02
8.398056081180743648e-03 2.138874198985159323e-03
-4.763529617100780919e-03 9.896526151905055482e-03
2.747827784612374199e-03 -8.376844227772390836e-03
-7.409006436829216995e-03 1.124180558931905764e-02
2.281256214080421528e-03 -1.297473784062362634e-02
1.434733648505629594e-02 4.072303497279086172e-03
