-8.816663860211369774e-03 2.261954547742122974e-03
3.647189041284286219e-03 -6.991281148482845174e-03
-1.387428149112874404e-02 -5.245408764328720122e-03
-5.913646009116080987e-03 7.047608876694502061e-03
-2.991149710335476442e-03 2.320134351791242142e-03
8.607925511791021667e-03 2.653981609481423799e-03
-8.930117585048288897e-03 -9.581910034915175692e-03
1.387520752904815649e-02 1.199423205475447229e-03
7.939560497497853697e-03 7.184245200894163845e-03
-1.422882042482110157e-03 -3.282591459986928823e-03
6.555379811379547818e-03 7.589268444886981130e-03
-1.136038481851393833e-02 -6.530057945782816349e-03
7.616570155826981985e-03 -7.054633871533298045e-03
-7.484180712707006475e-04 -2.063945345834134523e-03
4.863983079598257347e-03 4.262259980122909929e-04
-9.053502187985323219e-03 3.661941181257091088e-04
6.162841671629470421e-05 7.044160264036195516e-04
-7.714729011276373963e-04 1.227618953759011637e-02
-4.313989170136251286e-04 -4.930912184820331751e-03
-6.829322958687811945e-03 1.449257715501557110e-03
9.457727163563394573e-03 -6.292964078999752769e-03
2.831714095288206945e-03 3.159334626555700305e-03
-5.522672754799276204e-03 5.025941269394650600e-03
6.889227069071090365e-03 -4.009806777238374663e-03
7.965137902103696169e-03 3.420026052601338271e-03
-4.868357730183483362e-03 -2.910170615437389103e-03
1.116409992294011000e-02 2.299411024398222494e-04
-4.842780325581066969e-04 -6.674389763726133089e-04
4.502420091032251215e-06 -8.872991588421884346e-03
-5.254030295995649677e-03 -2.450543949565712858e-03
-8.219602601726645405e-03 -3.894628746068438604e-03
-6.158435369648023426e-03 7.494909859222963731e-03
3.329243849107580214e-03 -7.832875064587782599e-05
1.426088009486032107e-02 7.397965396037714178e-04
2.597653881262258378e-04 -1.087438247962215897e-03
-2.195025442520048570e-03 -9.674288775237287197e-03
-6.446396855236454643e-04 8.858015560826239948e-03
3.418173976763875556e-03 1.268332156039917152e-04
1.592120766125049505e-03 -1.263191004821007449e-02
-2.844167548140169631e-04 8.056718374006272389e-04
-5.467941563417331487e-03 -7.329503056760755184e-03
-3.072128805232421898e-03 -2.280890266023601846e-04
-6.489376744076885001e-03 -4.400907801059624792e-03
1.482913922370052498e-03 -1.063489380759551073e-02
3.284187996810979506e-04 1.319901925149801879e-03
-6.269366519737178817e-03 6.226961011698450843e-03
-4.278577005546447404e-03 1.194419435573739613e-02
3.068680192566607470e-03 -6.301841149676011035e-03
1.438241262195989398e-02 -1.116336495729426150e-03
-4.454585185019071733e-03 3.441899305529752106e-03
-4.208869786567717708e-03 -1.051387235851982023e-03
-6.928056194938199408e-03 1.167912827910539200e-02
1.145618052011335500e-03 -5.565748761749667387e-03
5.878265495915928687e-03 7.151642801449525390e-03
1.060136537023576150e-03 7.590194482811179469e-04
-7.246544116520541208e-03 -1.143274238174373653e-02
7.447459201687346535e-03 -2.497068569183059916e-03
3.749243120696041029e-03 6.657146700398152740e-04
-2.348362100649293259e-03 1.554089908672688560e-03
-1.400813970157153282e-02 -3.530158934275746431e-03
-9.176759021417693618e-03 -1.042637934679026789e-03
5.474296059344466864e-03 -9.635459649369959578e-03
7.540636210424202235e-03 1.154897422033752952e-02
6.114305555275136202e-03 1.736452584073590148e-03
-1.399156713715091508e-03 1.045160509426790738e-03
-9.615310702776359852e-04 3.680461939631717158e-04
-1.213703063864290943e-02 -4.048763672611289943e-03
7.056613716875206541e-03 -1.183233716772883089e-02
-4.016033503662204407e-03 -1.281200568787139917e-03
-4.658533922955068567e-04 5.222353934471783699e-03
-1.231897835414060439e-03 4.579566324785601383e-03
6.009601131609811422e-03 -5.139522763734873621e-03
-7.872471971380272902e-04 5.605376156030380044e-03
-5.143897414321241084e-03 -8.493545749033548642e-03
-4.076735882459088176e-03 -6.031602154044031494e-03
-1.093346132608041116e-04 1.335395244646154535e-02
1.128298210578747296e-02 -8.451714621780367573e-04
-2.954970928720578212e-03 -4.568166679360436203e-03
-3.213012010512645341e-03 -2.157633432591447419e-04
4.154968514999309026e-04 9.617035009107358437e-03
-3.935019709803948794e-03 -1.421151603499149797e-03
-1.263868183250736570e-02 -7.125979168057203737e-03
7.300414474272721652e-03 -1.046919172221991981e-04
1.730212664836281149e-03 1.409213885930596898e-02
-8.027621183638512792e-03 -3.232000602007774424e-03
-4.130405632918684880e-04 3.486184994565175686e-03
7.602177364604873096e-03 -1.229007040826968005e-04
6.886961104138237567e-03 -1.106198910561887773e-02
-4.370606653687606510e-04 2.605019876993285369e-03
-8.410219700589669639e-03 6.888405061005929697e-03
-5.949827819263713707e-03 1.082782468929006404e-02
-1.380644044914909727e-04 -1.133609639898487155e-02
1.869070553767573700e-03 -5.956163866963250751e-03
-5.906581674432401577e-03 -1.186689838526631784e-02
-1.178629939561132156e-02 -5.703594284469013648e-03
-3.744997473824380682e-03 -5.916777045518130732e-03
-4.477006265123009005e-03 -7.519512692273098119e-03
1.034600727846669670e-02 6.275662176963809485e-03
6.644096493225601363e-03 1.079992428271198297e-02
1.128361362672439597e-02 4.236408017036395399e-03
3.940519942683501538e-03 1.701376082813492062e-03
-9.033030058911794766e-03 -5.600585153286844094e-03
-1.877414096483906794e-03 1.324749599501504754e-02
8.489261974327288671e-03 -5.671687801054458786e-03
-9.584261215410781395e-03 -4.096065070735524505e-03
7.317633247191873778e-04 8.283685965191595751e-03
-5.672848320425010610e-03 -1.213679547507073679e-02
2.599350956663735047e-03 -4.023663514181711337e-03
1.560640208531411180e-03 -9.276877974619623067e-04
4.544459685004598876e-03 -7.047497483079316789e-03
-9.986563874924551595e-03 -1.089696421138909056e-02
-1.361957297515293012e-03 -1.819843514370464812e-04
-5.588399487963602655e-03 3.739391125323987194e-03
-6.649995998093016780e-03 -1.056420130170027810e-02
-4.414315669002831684e-03 1.251775604382661215e-02
1.322357558883533249e-02 6.977336202869586362e-03
2.938019381411592894e-03 3.087208696608380386e-04
-9.844863632590752922e-04 -5.324302215680691563e-03
6.628756687639855184e-03 1.284719323521827002e-02
-1.234826707022473186e-02 -2.777196515167913108e-03
7.207504366034066766e-03 6.486020213019730654e-03
-3.078576441885383722e-03 -5.268447748314189147e-04
3.603886900136628584e-03 -4.946289365633342594e-04
-1.411919455130516976e-02 -1.986835550844718960e-03
1.178863493619094430e-03 -1.438682984381236055e-02
-9.854506483095199984e-03 3.549780835591563599e-03
1.119791628545598397e-02 -1.287985657810542537e-03
-1.147207796882798551e-02 -5.664209755859834702e-03
-1.016730310119635071e-02 5.549455441898029466e-03
1.304790625960574723e-03 4.614919235305906149e-03
-3.381371290678592510e-03 2.406905344308788493e-03
