-1.029898699411659069e-02 -4.830806299365572251e-04
-1.192391763963540283e-02 -6.480755212409275434e-03
-6.780403533830307167e-04 3.608359915415817153e-03
-4.383153659707896693e-03 -6.288717197918509798e-03
1.618831688600218342e-03 2.487648769103667544e-04
1.213808444606039949e-03 -1.135415809209081332e-03
1.885159052605425191e-03 2.887243555084437023e-03
7.152441069863701463e-03 1.432685151077099997e-03
2.867318496105053516e-04 -1.092063573453552240e-02
-2.349862519364911626e-04 -9.987731547324102399e-03
-4.335703002171708773e-03 2.366786740911893533e-03
-4.130876285378131188e-03 -7.056086813163277641e-03
5.515519990456034007e-03 4.628070789742573174e-03
1.685297774861906290e-03 1.414132741310516030e-03
-3.840823592604545450e-03 -8.985616557434603774e-05
1.190675428674736573e-02 5.878920169131841497e-03
1.742551540991614089e-03 -3.653958497121043017e-04
4.596266658716763537e-04 3.856725658121665321e-04
-5.855338435556853250e-04 -1.013484147902244531e-03
-2.285807646013805761e-03 -1.787479623779467553e-03
2.789436356752563427e-03 4.298725952142063746e-03
-6.103704178265289410e-03 -4.860534466930620592e-03
6.761004796587300608e-03 5.477345537804839508e-03
-2.131129990061454964e-04 2.431991539799128674e-03
5.195307762585989122e-05 -2.174876495926230595e-04
-1.093537204881600295e-03 -6.008675093690399836e-03
-1.041820442641831421e-02 -8.741911491737112613e-03
-2.184136875113542545e-04 3.994032481227984335e-03
6.203235682935076198e-04 1.941614550321879682e-04
1.012722569572531602e-02 5.821666403001454770e-03
2.830788057368795792e-03 7.205320185408973198e-03
6.833362359818458825e-03 -8.299256524497375734e-03
-1.640832711034438847e-03 -1.311551758186152309e-03
7.450444795395495638e-03 6.055854386523660572e-03
1.163479098478180027e-02 -4.531460994033608206e-03
-9.390670288830289163e-04 -5.921597041871081270e-04
-4.809044408265037394e-03 7.909209308099983404e-03
6.281101414615562241e-03 7.293851178855963527e-03
-1.594052552409123101e-03 -1.132393467219554306e-02
2.611911350898415973e-03 1.322234544606416470e-02
-8.340209090906805858e-03 -6.084481269588513930e-03
5.051183424544770754e-03 -7.575489819913106514e-03
-1.191642962583837166e-02 -6.800823845127403934e-03
6.437423666451596443e-03 4.618395450651567244e-03
-8.702954596364768924e-03 -8.608053281295005577e-03
-9.053965206944347699e-03 2.389186897552916713e-03
7.542951305222051622e-03 1.434010323203776128e-03
-1.229070254622537453e-02 -2.154328415121089906e-03
-1.006202089683740086e-02 -9.944256406166446238e-03
9.813782923639643996e-03 3.861627212416536472e-03
-6.423245907277283420e-04 -1.256948336307973577e-03
-6.289052447372980512e-03 -4.950789766711769305e-03
9.386758657212605772e-03 1.414659645022444713e-03
-4.878496088234085364e-03 -1.809081512005063707e-03
8.244253968413075423e-03 4.176395156628885490e-03
1.317714599857188872e-03 -1.570391108393646897e-03
7.799350119015637656e-05 -6.004699577311976497e-03
2.219341559752117596e-03 6.221117593793181692e-04
-4.543259773664677040e-04 -1.947713507241021977e-03
-1.188231040000769286e-03 -2.628803339083064447e-03
1.126615400235379469e-02 7.886936920962945435e-03
-3.408833887128019918e-03 -8.538872966028666217e-03
2.329266961477534283e-04 -2.611176967235891849e-03
3.214736316846803291e-03 3.480728431398220739e-03
-9.831968432567066325e-04 8.639202739107622667e-03
8.221789927019829136e-03 5.136601054780308082e-03
-5.036287107401181233e-04 -2.511246328363737641e-03
7.048997933572938995e-03 -1.553323291643999432e-04
1.383717667159851472e-03 1.617969535433709874e-03
4.994264907868853007e-03 3.537982197528608767e-03
-2.343061412143513777e-03 -7.951032756847112998e-06
7.475559181040951004e-03 4.314628017656899420e-03
-1.922599121595456673e-03 -1.286900391499041629e-03
-6.806395898334179420e-03 -1.533940962075930337e-03
9.474427497492407188e-03 -3.668136256295110795e-03
-1.122181670803020295e-02 3.572580268008863046e-03
-1.128689373741345418e-02 -3.661765934671766618e-03
-5.207920636281558689e-04 -3.113081371641171144e-03
8.802486101030121760e-03 5.689133364686021696e-03
1.889246512793117672e-04 -4.736750729787463608e-03
-5.028591613646288955e-03 -4.741652284084618522e-03
1.617905650680806755e-03 4.294750435763639539e-03
-1.789666949072080560e-03 1.043835337301257139e-03
-7.454947215485167866e-03 2.817137201899366089e-03
1.279811511908702766e-03 2.052944834618275656e-03
5.496106009498973391e-04 -1.481208723263982216e-02
8.844763839564975111e-03 4.549742039097836796e-03
1.029381407511525612e-02 -9.311814634482031006e-03
2.742783967639857937e-04 2.954172660310179282e-04
5.139985782695830584e-03 3.986608352183065689e-03
2.012583056673106392e-03 -1.391085940695226814e-02
3.155295225424482701e-03 4.018284713708292558e-03
3.486364369357790489e-03 4.557166168142755443e-03
-1.257810489474481827e-03 -9.901579533424897765e-04
-1.642221767912876215e-03 4.757426580094327971e-03
-7.408167056861212144e-03 -7.195245712111165461e-03
-2.191113810894637637e-03 -5.167351378386803376e-03
-1.111387115164840823e-02 -3.712393840171521360e-03
-4.371626244784300127e-04 -1.345878463963588473e-03
3.266689394472663439e-03 3.263240781805597842e-03
2.803773536820095176e-04 6.044326971594049178e-03
5.716116233841182781e-04 -1.374930035136403758e-02
-6.154858987473243179e-04 2.667903829661640285e-04
-7.947048511296817344e-03 -6.864176568176496782e-03
4.414957790736998185e-03 -3.083528450657586212e-03
1.324691535637798241e-04 4.353728508228186383e-03
-8.701230290031182132e-03 -5.343088193155248918e-03
-4.618937016105488513e-05 -3.367546071264120380e-03
-1.092057184978329973e-02 -5.965199952534566870e-03
-7.210030085449921529e-03 -8.987099986475857727e-03
1.252046782010247722e-03 4.575191674198552175e-03
-9.579594940118688062e-03 -1.184846312086606374e-03
1.714451561638798485e-03 -7.177092436550241636e-03
7.834856073833100509e-03 3.082698530850200638e-04
1.007848209942565493e-03 -8.357436328546494902e-03
-1.337863546453947096e-03 -7.584366890589826216e-03
9.747827915389021235e-04 -4.273148547537363590e-03
-7.092536959478711305e-04 -3.993234212815958560e-04
-3.641888352779077461e-03 5.429240207053989513e-03
-6.382357225614501001e-03 -7.639896350386736305e-03
3.993234212813807395e-03 -7.092536959481674647e-03
2.078921373430919935e-03 -1.388555336704674209e-03
-5.639958400818507328e-04 2.072295512799606637e-03
-9.806757928801635577e-03 -2.158703065707457801e-03
2.090193249350848735e-03 1.415524963327626645e-02
-9.628434654531951159e-03 -3.771371912635388193e-03
5.653880620989855041e-03 -5.960170628732285730e-03
-4.093978945799751305e-04 -3.868125303543865426e-03
4.239109032158033634e-04 5.250980817536637923e-03
-4.237895803839944464e-03 -3.817098263836846573e-03
-2.166797693662567310e-03 -1.421952839424477089e-02
3.612271547043160135e-03 5.184977750233975106e-03
8.128820398232887781e-03 1.178143789752625695e-02
6.237897638162656459e-03 1.247922806329856277e-02
4.309358980538096143e-04 6.953904964245716594e-03
-7.563691040289085427e-04 2.791160663082373726e-04
-7.576814992039891498e-03 -4.660673189187672198e-03
-2.970409975275817814e-03 -1.905036634499936241e-03
-2.791160663088083135e-04 -7.563691040282280974e-04
-6.597657549913831312e-03 -6.449877119299476241e-03
8.108671451636129124e-03 2.626679898542784268e-03
-6.393389970190078639e-04 7.295974619398066033e-03
1.040806606836828206e-02 9.843000595168757347e-03
-7.749502328349786723e-03 4.723898142732319699e-03
8.698116926819945971e-03 8.147101443297794648e-03
-9.608620957390344094e-03 -3.950557340072151369e-03
-2.116489211924255966e-03 1.434583470613683479e-02
-7.824254696823473160e-03 -3.432351735944552847e-03
2.444541110762209896e-04 -9.781244408948017513e-03
1.296735384273053904e-02 4.614946837985071937e-03
-1.313818910320183053e-02 -3.322346623774128163e-03
-2.551336741604836970e-03 2.884992345039491621e-03
3.877800642634191344e-03 5.125057814150161487e-04
-1.162730297098340734e-02 4.211392361316622888e-03
3.480137642933959878e-03 1.016519266842670632e-02
-9.647785332712602996e-03 -5.615179264625370752e-03
4.403893394766984597e-03 2.063546211628012293e-03
9.545060754388396762e-04 -2.070970340674072822e-03
-8.069044057355416466e-03 -2.985050753416091610e-03
1.198369398050800347e-03 1.527714235651419280e-03
5.666528253987197263e-03 -1.255247956283978700e-02
1.839073647498394842e-03 1.293410071767910237e-02
-1.061758842384094917e-02 1.914427063382885758e-03
7.980118485855569122e-04 1.031023724196810688e-02
7.920111674093415280e-03 4.306784198630789033e-03
2.341993943542448279e-03 1.417268179748052727e-02
-1.270919528297671797e-02 2.131591968454244271e-03
-7.719820282699128497e-03 1.128341337974709570e-02
-3.391100271272433960e-03 -9.580176102445553052e-03
-1.148749502451736071e-02 -4.730209051547117245e-03
8.357319544631090433e-03 -5.352536231512015040e-03
1.226273536321862562e-02 -1.284589140866985437e-03
-4.786383488706323630e-03 -3.639250563238764780e-03
-8.825270748589211095e-03 -4.810424857063355772e-05
9.774554329094738842e-03 -7.181692587458096862e-03
-5.279159008357861777e-04 -1.298917714259673886e-03
-1.068003904274440231e-02 2.796027374641080285e-03
5.471151624269571419e-03 -6.176310840028047949e-03
-5.171957460620171809e-03 -8.669290804135912007e-03
1.398355127984125638e-02 -3.255761024721359753e-03
-5.245171357119692186e-03 6.112651244063564693e-03
1.497161576749126907e-02 -3.048945176162261381e-04
-9.220014874301754593e-03 1.335411325323270382e-03
5.952123855228380438e-03 -1.240299304932971497e-02
5.255985547269088898e-03 2.321241261981854976e-03
1.533582854148072931e-03 -1.024855393418157940e-03
-1.362943317853918890e-03 7.765367195501008193e-03
-1.401645485925272910e-02 2.271682732784327703e-03
1.183875943861069369e-02 3.202837039363811734e-03
2.607393272401918680e-03 -6.817195369321896702e-03
4.358029072725448302e-03 1.060003491474386522e-02
4.130653171872097039e-03 1.177600020308880099e-02
-9.245048010446364761e-03 -8.691482205482294748e-03
2.756891201811269114e-03 -7.759625244232589911e-03
5.131406383372949520e-03 -5.208426078175842043e-03
-4.760146608193076452e-03 5.912872024347567805e-03
-1.316725193711189117e-02 4.545831739399508703e-04
1.747598394777229733e-03 1.011251164301615917e-04
2.599685179944085690e-03 7.098610459260802988e-03
4.338120618135006719e-03 -1.424027071796355771e-02
-7.441291726168783142e-03 1.299664592715352781e-03
-7.310029524209843074e-03 3.292250669930231119e-03
1.376286585490061991e-02 -5.449574305101715158e-03
4.685006072621172770e-04 4.631343345502782205e-03
-1.682459059612465002e-03 7.102956942662527577e-03
1.693833080637161285e-03 1.185511470705397433e-02
-6.504942527437855213e-03 2.660454128736522775e-03
1.980762712400217871e-03 -4.411672878674368671e-03
-1.221685094877104916e-02 2.660748871902710727e-03
2.000890373311531387e-03 3.386141751685786596e-03
-4.800897216667737721e-03 9.786006039241502280e-03
