2.635429199714377745e-03 -3.140782216787293794e-03
7.031834580684111734e-03 -7.571673724436553399e-04
-7.964211864184285450e-03 -7.466011611454610730e-03
1.250865321477770409e-02 1.832887133203127406e-04
8.893012765493441094e-05 2.051619662487274968e-04
3.979982491551752391e-03 -3.187434605909305642e-03
-9.227786061123571457e-03 -4.871135843940358097e-03
6.541457591207980662e-03 -7.173516054379300982e-03
1.043238218559899150e-02 7.908235793096483890e-04
-4.082164340468171990e-03 6.887374993232267192e-03
1.181828717805145576e-02 3.650765423455907318e-03
-4.289848881465804613e-03 -3.599610614244223242e-03
-8.097909489808712176e-05 -2.548223378392241653e-03
-2.625753860623372248e-03 4.062685892782856231e-03
1.533940962075930337e-03 -6.806395898334179420e-03
1.063712919195197466e-03 -4.067986581287493832e-03
6.613687384933331775e-03 -9.593181910834533768e-03
-7.109237293410796549e-03 -6.618062035519700105e-03
-2.672406249744023639e-03 2.718132600946623467e-03
-1.050541024773908941e-02 -5.682108369846764276e-03
-7.522260575205436464e-03 -4.169030467729377583e-03
9.224240635461239055e-03 -7.571052400453174083e-03
1.310322959682088707e-02 4.188779611546878355e-03
1.154337221395323370e-03 -4.981306729983154234e-03
2.196317968457349185e-03 -8.701440427448905654e-03
1.427684076151677743e-02 -2.994612826875336659e-03
-1.333017350740933402e-02 4.416889644760666096e-03
-1.197986124373594426e-02 1.086077958086628876e-03
1.063769932776858183e-02 5.844393819093142949e-03
6.555440427661704712e-03 -4.975941909482828676e-03
-1.111685359528613408e-02 -5.147345226415097827e-03
2.621676283052596420e-03 -6.617284552938832928e-03
-3.979356598713863942e-03 -1.029591812625935306e-02
-3.916884743160101851e-03 -1.365351845387711288e-02
9.710595927367730168e-03 -1.032386452293561525e-02
9.147778549254983148e-04 -2.910547641795462365e-05
-2.393661545732232460e-03 -1.338376101330385551e-02
2.355308094397912631e-03 -1.105924710794081722e-02
8.055005097802788935e-03 -2.709862605723377654e-03
-6.466988821818467998e-04 1.620761342608633706e-04
6.197428160946641049e-03 8.521295809208326993e-03
9.010800072385997603e-03 2.882507327799172653e-03
7.116590367486459560e-03 5.882355050447741172e-03
1.429046829304893469e-02 -5.378148457770225935e-04
6.936817867089624563e-03 4.999113733608158069e-03
1.298228943423495978e-02 -5.794919295685876763e-03
-2.793527845933892889e-03 1.832735619418019530e-03
-7.268897558736903824e-03 -1.842620099260402523e-03
-8.718216269782176620e-03 5.857948648106876301e-03
-7.037936076254528578e-03 3.214533245915280647e-03
-2.852864162358134410e-03 -1.365127421387043669e-02
-1.019106842562443778e-02 -2.574811448155053199e-03
8.364282615734358259e-03 1.181118026994212172e-02
2.570149715671863656e-04 4.175208410284792816e-03
-5.616260944399675305e-04 1.306497544872334271e-02
6.179985023415987717e-03 -1.321296622384473402e-02
4.918460126943482134e-03 8.978392775564296782e-03
-5.342775219560048222e-03 -1.325436651169616641e-02
-3.768729031878976198e-03 5.157788660688066712e-03
1.499560058109165796e-04 8.629132363318966353e-03
8.003174131425689827e-03 7.869040361503251702e-03
-2.770905800528338219e-03 2.840501733830801730e-03
2.805188149488430874e-03 1.192365963167491862e-02
-5.760871623257681449e-03 -3.870562877783471044e-03
-1.024901562943410574e-02 8.547162613361086389e-03
-1.364376381330388577e-02 2.989301034153303213e-04
6.469086273523124049e-03 -8.161285045017645321e-04
1.627936301353885822e-03 2.608506054853648119e-03
5.949535363230763763e-03 4.961694175461093571e-03
-1.105724314526822412e-02 2.858815509707901981e-03
-1.119650760553701427e-02 3.209917340336039798e-03
