-1.268747115939260119e-03 -7.200019496903193282e-03
3.354693484209547195e-03 7.514388306908740059e-03
-2.975710663779665248e-03 -3.429956930699389148e-04
-8.030214931489886672e-04 -1.065437225528675404e-03
-2.709383299774458399e-03 2.295482985104131679e-03
1.183856389414972114e-03 1.448587216586469991e-04
1.932737479645487734e-03 1.858112880673963531e-04
-1.112527079707357168e-02 -7.899262604306159577e-03
8.259485535012605186e-04 -1.917761452049953925e-03
-8.830250830929146227e-03 -3.166886525105064298e-03
-1.584041963862966879e-03 -1.068087569779743035e-03
3.305183270885411924e-03 -1.374002414647983519e-02
-3.936906484602150508e-03 9.358993927313468547e-03
7.229508533135807144e-03 -5.260288673804612916e-04
-3.406311312379685461e-03 2.037042769103439548e-03
2.020486030367028493e-04 2.715083122485789820e-03
5.049794367666333821e-03 -1.506511481632625800e-03
1.235809467040261105e-03 -7.262892793329566929e-05
-1.416883660399336289e-02 -3.338647823495767379e-03
2.585200428423247571e-03 3.416705209437246541e-04
5.501470000780592229e-03 1.222222496323734954e-03
-7.668395463947035029e-03 -4.084814684721061948e-03
-5.950814131428158738e-04 -1.329232402974524913e-02
3.795895509818052443e-03 2.010267961877189920e-03
1.334818873899731168e-02 3.694368334116866943e-03
3.073438151662887061e-04 -3.788870514979256025e-03
-7.730151650167204139e-03 6.567705494722762827e-03
2.642454194552384429e-03 -1.437858070078215124e-03
-7.497560203475172810e-03 -5.377414898932685733e-03
4.042999965146483812e-03 -8.551996917786165719e-03
4.740263227206860733e-03 1.040386724634762266e-03
4.231126348016271818e-04 -2.059969829456391628e-03
-9.009037124157855125e-03 4.687751012500728301e-04
-1.174790946016356780e-02 2.021539837796547563e-03
6.370239022219488598e-04 2.818989277737509250e-03
1.025346812286324688e-03 1.578342141150494010e-03
8.426951893268556579e-03 5.047670927125372763e-03
9.608748726894220452e-03 -7.406378865775293391e-03
8.070768363687641500e-03 6.250015841554706388e-03
-1.677809761063513583e-03 -1.734201374027502865e-03
8.713220723920035715e-03 -3.849972027982942035e-03
-9.873224015063325476e-03 -3.324070930107606969e-03
-2.118517116329442923e-04 7.719949407364950188e-03
-1.305388916514544804e-03 1.711274313674550785e-03
-8.638675835396266225e-03 -8.684657725606724152e-03
-6.687050696529152002e-03 -4.632046306122137962e-03
4.876308762940901632e-03 5.671092032931948808e-04
-3.212548991554190717e-03 -2.238756122685672117e-03
-2.952655833922158100e-03 -1.468313057649487004e-02
-3.837710229392520857e-03 -2.893869415715069875e-03
-1.209488066961250143e-02 6.168781207648649928e-03
-7.779789632996005067e-03 -3.329770752820189125e-03
-5.362311101833956879e-04 -4.499513267806706405e-04
1.171921869234706162e-02 4.546692560638145031e-03
-4.054862629532034147e-04 6.388120933077594092e-04
2.354924076527703438e-03 2.171827017464277726e-03
-6.367508967523522259e-03 3.076902590026272914e-03
-6.118217186901118293e-03 -6.243389980923393090e-03
6.304028474969194766e-03 4.310652501278476080e-03
2.032604233765989993e-03 6.600834797878650170e-03
6.291239772666954409e-03 6.192762075425460241e-03
-4.363339962566289629e-03 -6.467902625355273841e-03
-9.677274368945215990e-03 -6.357897513184170013e-03
-3.390201766915153583e-04 1.804179957707908576e-03
2.458958001282156042e-03 -9.620084487567050202e-03
-4.837016618115337965e-03 -1.025942348458673894e-02
1.017825273543176458e-02 9.650164312262102598e-03
-1.947713507241702205e-03 4.543259773658967632e-04
3.832074291432951540e-03 -4.878033069274488424e-03
-2.900526927730150140e-04 -6.966230647589612482e-03
-3.063714753516549004e-03 -4.594143218173080481e-03
-1.179754744299100870e-02 -7.875936409745262073e-03
-1.175905356657553844e-03 -2.487920133802841438e-03
-2.330272709841273420e-03 -1.890060606903831058e-03
4.128816729588822947e-03 -5.542821701396034861e-03
6.944628759362764941e-03 2.302635749447373443e-03
3.708689688495916351e-03 5.070071083766396376e-03
-2.842906260762096023e-03 1.334467624157734296e-02
8.721970025091630926e-03 1.117917206865892861e-03
-3.359068134794906024e-04 -9.998332924328152613e-04
1.273223982128960166e-02 5.984151496509096044e-03
-5.921932291328649116e-03 5.672686241845956157e-05
-1.663296752427685351e-03 -3.513458600347304757e-04
-1.594180321914358614e-03 3.300153365076035922e-05
-2.898307951053770599e-03 7.032233714891594420e-03
-7.840619781297334182e-03 3.276763867771042768e-03
-9.336992904879928487e-03 -2.874119603326936220e-03
3.474501704974960851e-03 2.393290183436466712e-03
-5.789463137764868858e-03 4.410455370646645945e-03
-3.501005147498854018e-03 5.416914523710774504e-03
-1.294787539503556564e-03 -1.412807569183840550e-03
3.070739748354555688e-03 6.297067364882160019e-03
-4.743041340962374577e-03 1.109756995192734061e-02
-3.031575373032296787e-03 -4.632445440328940636e-03
-4.159694822699873742e-03 1.086908179111771566e-02
7.597219477644399400e-03 -8.898441223523741173e-03
3.967369617816091792e-04 -5.606701328156594305e-03
1.904046711828981560e-03 6.754043686502089056e-03
-2.300320654650204934e-03 -3.170335137771559605e-03
3.753745540787644004e-03 -8.207276918382749517e-03
-3.412075019846993063e-04 5.622076489960400750e-04
-3.331095924945042495e-03 8.170299868353565059e-03
1.283130830699456652e-02 5.088224359326178753e-03
-6.662862348802317189e-03 -2.327287116133803895e-03
2.243992926438548047e-03 9.038781699397649460e-04
6.721840421265613298e-03 3.812723613250940113e-03
8.548947439327155701e-03 1.168545112364968025e-03
3.024087359233904732e-03 4.952514073045927688e-03
2.104626547545071415e-04 -1.650971069084470125e-03
-1.462143827502624359e-02 -2.021396242597033564e-03
4.371626244784300127e-04 1.345878463963588473e-03
-1.388845925031135381e-02 2.705679148098281799e-03
-2.614226445694904036e-03 -3.107381548929269433e-03
-1.713860773174536757e-03 -6.202836548723267979e-03
5.499154905982172117e-03 1.133718639345816792e-02
2.368383277745251441e-04 1.895760429615732986e-03
-1.039401607869147939e-02 -6.437152301748778546e-03
-8.905625639254858596e-04 -7.339577530057882909e-03
-6.198605493331214899e-04 -2.217154234458253853e-03
4.681285154742205468e-03 -4.450497724835158347e-04
2.079719641845666732e-03 5.922395310287674464e-03
4.226033139457686418e-03 1.653222279129877180e-03
-7.549050262141436887e-03 -7.182920028767949584e-03
-5.056402074685162340e-05 -5.851490688688537611e-03
1.058996572480958714e-02 3.403325718672216369e-03
-8.893012765493441094e-05 -2.051619662487274968e-04
-3.624597230385803552e-03 -5.325860955514878994e-03
9.423081616014310127e-05 -1.356878975180127785e-03
6.065801090316232796e-03 8.483870409943222723e-03
2.058181638370471141e-03 2.836615649584681847e-03
-4.437246003574108616e-04 -5.071795390099874748e-03
-9.536854182623448473e-03 -4.347230417100857863e-03
-3.794634222443490565e-03 3.277689905689773909e-03
-7.268337659002914453e-03 8.195350369247478631e-03
-1.296511845837715164e-03 -4.677772657322916763e-03
5.443099124446890147e-04 -1.325004629121096650e-02
4.707197808803197797e-03 5.124674505643894880e-03
-9.130904900711217867e-03 -7.009035289835824876e-03
6.050489813266227840e-03 -2.099357510425784584e-04
-1.985999903703172635e-04 3.814847053791901171e-03
-3.174645903605703961e-03 -5.862092065697594237e-03
9.276673834597965428e-04 -3.594709059947068328e-03
-2.863390456812072923e-03 -5.144025183825905873e-03
-9.170995313952889222e-03 -4.627671655535770499e-03
9.559318224016694759e-03 3.387024518949436139e-03
-1.265298503272874533e-03 -6.700893206255031584e-04
4.855393199326685748e-04 5.955396843939577030e-03
-1.073516027790078452e-03 1.450301911113937615e-02
1.026718286308805905e-02 9.855326278511973223e-03
9.016269598949288320e-04 2.192502867772965283e-03
9.980451013482558812e-04 2.077596201304705674e-03
4.688389860022959370e-04 3.330569021233794474e-03
9.942005196121501270e-03 -5.625525102627138702e-03
8.906392256279907840e-03 5.254158065500315333e-03
5.890255929803422247e-03 -2.041417419689807444e-03
-1.894834391697001628e-03 -3.809147231079318581e-03
-1.347237161034773277e-02 -1.057214828067187633e-03
4.444446826967679565e-03 -2.340810202099248821e-03
-6.958678749039567610e-03 -5.708484042867352677e-03
6.840387354656465510e-03 -6.596332377788297063e-03
-4.504686186806108709e-03 -4.432584162584170782e-03
-2.700969248056654323e-03 -2.070571206466128699e-03
2.544646996223779703e-04 4.746026934677813206e-04
-4.626681732864706964e-03 -5.534583478237656111e-04
1.204683922361341267e-02 -1.444356161204402196e-03
1.724925169144550779e-03 1.055761886437669691e-03
5.062790549917566951e-04 1.730225857649079092e-03
-4.897048498001921150e-03 3.658061782996840754e-03
-6.093230570759536682e-03 3.372319856057290517e-03
1.088372256925810092e-02 -5.814385869154227796e-03
-5.212550825875543123e-03 -1.090088592214624730e-02
-1.183545053093949459e-02 -4.252600466733341689e-03
-5.005329303838866595e-03 1.609092464756989305e-03
-1.558592328770087192e-04 6.524629487771886789e-04
-1.462972455723780211e-03 -9.012278256868750965e-04
5.226728585057581304e-03 2.949798009719924521e-03
6.233059968616474350e-03 1.201827622530021213e-02
1.665947096679894646e-03 -4.296746106806084101e-04
1.000695445599894453e-03 1.296575730590047342e-03
-2.174078227509114274e-03 6.791419870739216769e-03
4.485798527583912364e-03 5.657840311676612822e-04
1.193531728505977827e-03 1.066762397654209219e-03
-2.300783673609230716e-03 -1.147342358344352001e-03
-7.774440885437178955e-04 -4.829656373820821400e-03
1.130405709030228231e-02 4.263600977951021581e-03
-6.159696657021224847e-03 2.206951991657141784e-03
-3.312878764633718325e-03 -6.630786853069717789e-03
-8.396536819116531131e-03 -8.350938237419848129e-03
3.076838705273940086e-03 1.204597707044633391e-02
1.183061286139467164e-02 3.791648628736131194e-03
4.694409106500956573e-03 7.006784079790878174e-03
3.518966768802428511e-03 2.495871166560830433e-03
-6.585331866570616303e-03 -6.308993914019253232e-03
5.270187900514153225e-04 -2.494945128642098858e-03
3.485230851487892967e-03 -1.208772790526982908e-02
2.678968225623794275e-03 1.007784325191484701e-03
3.124081882858281613e-03 1.060137700973685405e-05
-3.853021506443886704e-03 -1.158767557670201294e-02
8.396536819116531131e-03 8.350938237419848129e-03
6.647886321209748456e-04 2.967424381565517437e-04
-3.755805096575593090e-03 -4.391631596175421537e-03
-9.584177070656112836e-04 -2.435967056177552013e-03
-3.220500024311608554e-03 1.043052894585223215e-04
-4.685196786368975991e-03 -4.061887624368109434e-03
-1.018414421240123463e-02 5.291805614440260944e-03
9.613586396440403428e-03 -6.945427027776940147e-03
-3.402734930208064796e-03 -2.789963260465172339e-03
1.099027906876145870e-02 -7.030381639054131271e-03
-4.307475253314227946e-03 -2.178452878095591457e-03
-3.044699324789687869e-03 -1.208427929260219406e-02
4.736814614539115557e-03 -5.489543451644069740e-03
-6.566779456804141407e-03 -1.177613720902230023e-02
2.887371324588992524e-03 -1.324209525845230009e-02
-9.122283369039854576e-04 9.315790150858875964e-04
7.546990706352697635e-03 -5.415988485792042929e-03
-2.324173752921888589e-03 3.858849098660342616e-03
-2.948903623261359087e-05 -7.427182485587988277e-04
-1.099300912345834618e-03 -2.423641372834337004e-03
1.387166279826236841e-03 8.147899711711401732e-03
-2.795200064216797533e-03 -7.136922312860004801e-04
-1.779528591022049282e-03 -5.725376613038813626e-05
1.060136537023576150e-03 7.590194482811179469e-04
-4.212781418195059822e-03 -5.558324632702926413e-03
-9.417173731365989942e-04 1.888607665270887687e-04
8.964444290825154121e-03 1.078558012147186676e-02
-4.038832794510602286e-03 -9.654938097055955348e-03
8.144211385727926321e-04 5.252305989662172173e-03
6.250814109970134064e-03 -7.598177166947229708e-04
4.198268409559231806e-03 4.175469118710153915e-03
4.072361231873861294e-03 3.547657536618934685e-03
6.618860303933877046e-03 2.017133535822325692e-04
4.556639264431397267e-03 4.215096512992228331e-03
8.549873477245204662e-03 -2.877440446489446749e-03
5.198165586744379896e-03 -1.838905797692147199e-03
-9.845124035709718405e-03 3.487625656732352367e-03
5.255754602329237336e-03 5.715509037705468649e-03
4.864446098558072862e-03 -1.596766781413093850e-03
-5.197367318330202955e-03 9.149856444685177184e-03
-1.330040283200404098e-03 1.429507903113423455e-03
-2.258968954033401845e-03 -2.637409045053299480e-04
-2.530469237040513554e-03 -1.269711484709730789e-02
7.448720489061908846e-03 2.790889298383903913e-03
3.129047321908339646e-03 -1.088538299083935575e-02
2.261156279327946467e-03 1.505713213218340439e-03
-1.608693330550186847e-03 -1.349853980342012030e-03
6.027562752912596182e-03 2.773262926534908988e-03
-9.284656518739721823e-04 -3.716241587045960790e-03
-1.086172154682387911e-02 6.877172750430012374e-03
-5.258069697127656580e-03 4.399454859428964318e-03
-1.507900538511633675e-03 1.019183970614826688e-03
-5.909941857441156424e-03 -9.136333358720872405e-03
-1.835521069777985154e-03 7.010232692457374348e-03
-8.352662543753323898e-03 5.131571730978026075e-03
-1.865808374424774221e-03 -1.043436203094454465e-03
9.083917262135986909e-03 -3.669461428421325055e-03
-7.100519643626181446e-04 -7.710274068273945125e-03
-2.759612071066160164e-03 5.777935722835829922e-03
-2.633912373332636045e-03 -1.428513232733994928e-02
-3.319951818527191578e-04 3.507104104418809574e-03
-7.996942033132798527e-03 5.952219595974758172e-03
6.289515466333366750e-03 2.927796987285704016e-03
-3.064177772482378479e-04 -2.571150438751583153e-04
3.308504114047921586e-03 4.146842235645300558e-03
-2.542459670929367570e-03 -3.504054625959117375e-03
-9.526539996013772861e-04 -6.021000777033614845e-03
7.724387942702970467e-03 -2.982671773866700429e-03
1.107643108266030685e-02 5.312737003757378625e-03
-9.153368942104465888e-03 -6.048829391684402285e-03
1.042973184134177731e-03 1.571844050025425076e-04
-6.389382220452509420e-03 -9.342820497095814108e-03
-1.328921066653265468e-02 -2.208931836998588409e-03
-6.162682250729946409e-03 -6.345970964048898259e-03
1.190629126778833952e-02 7.901912948559049535e-03
5.289746058651522559e-03 -2.414764302158758751e-03
6.517604492934365827e-03 -1.443318179478597640e-04
1.795845616434563457e-04 3.675289020637211544e-03
6.101852102429054011e-04 1.295250558464513526e-03
1.005870005367489120e-02 -7.942609975958688645e-03
5.679074717068235674e-05 2.434641884045871639e-04
-4.176858175589272595e-03 1.026724674783914201e-02
-5.212678595380777768e-03 4.560502837000555802e-04
1.341120621259125380e-02 -1.670193977761816329e-03
1.039524571468363086e-03 -6.372745771275828766e-03
4.462871467230279839e-03 3.548982708745148946e-03
1.623669358145040428e-03 7.097167149075769236e-04
3.224874674897406160e-03 2.379639327965895126e-03
2.154136760864202010e-03 4.744701762544310288e-03
-8.657228245162740254e-03 -3.217514430603678026e-03
-1.781715916314662506e-03 -1.299226074842937083e-03
-2.807988766520399214e-03 1.168417342859841583e-03
1.955664539999120259e-03 -2.797387389510090985e-03
-1.355617687806245919e-03 5.193727051406249462e-03
-9.710339787348878926e-03 -2.273609732175036965e-03
1.894834391697001628e-03 3.809147231079318581e-03
-6.950759367671931893e-04 -8.350411333709058942e-03
-2.186276141348453793e-03 -4.706399540388451000e-03
-2.671017192866946728e-03 -3.350845737334998478e-03
-1.271070181781497679e-02 -2.898371835805422549e-03
6.057850057558815393e-03 1.082693182208741695e-02
4.857293334215400521e-03 8.057245277723449478e-03
3.572644152760514995e-03 5.543348605106822313e-03
1.221018647028688370e-02 -2.416887742699038930e-03
-2.001390891199788906e-03 -2.593151461180094684e-03
8.288846801743847414e-03 -7.077960066093513802e-03
-2.009804942917593415e-03 1.772902730390164827e-03
-1.278870230224068202e-05 1.882109574146983945e-03
9.470851115321355512e-03 1.158869773272819780e-03
2.373013467335152987e-03 -1.272323498111561446e-03
6.494214413623068845e-03 4.861859639057976301e-03
2.715482256694414388e-03 3.453426720459362199e-03
2.215765177581068088e-03 5.449117788947249394e-03
-1.209433794020242994e-03 3.619360426633498780e-03
4.837144387618643598e-03 -1.097512721260024285e-03
3.047477438546562604e-03 -5.367738395876714592e-05
2.754646632016101698e-03 5.118048645013261594e-03
-1.875020694555394130e-03 -3.988332658516082624e-03
-5.796025113643280338e-03 6.845384445096792253e-04
-5.348724131116179559e-03 9.293278050404806499e-04
-2.254929552903326122e-03 -7.113739713500469644e-03
5.726173717495695870e-04 1.425252992789667258e-02
-1.298418194616421557e-02 4.117161545155907654e-03
-7.327650980922722178e-03 -2.624029554291036192e-03
-1.120168416910158685e-03 1.315846581930246381e-02
5.644077512393612731e-03 4.474861901118454277e-03
1.196182072757616182e-03 2.857419269395507244e-04
2.755109650975127479e-03 3.095055865586053990e-03
-2.941383958002800458e-03 8.606743934867504189e-04
1.173512075786132744e-02 -1.394302636495634018e-04
8.885652521220820804e-03 9.479329051790812838e-03
-2.922831548236325995e-03 -4.606468901516296358e-03
-3.074779149485991868e-03 5.529314441118369280e-04
2.216691215499118784e-03 1.403132230092834620e-03
-7.409683883243525435e-03 1.023066883201675936e-02
2.479234717384149779e-03 -1.182226269442987997e-02
-4.124314309499150719e-03 -3.330169887026991366e-03
4.111190357741759636e-03 -4.121663965246260761e-03
-3.176497979443167110e-03 2.229879052010093864e-03
-9.870701440314990152e-03 7.251844805024497929e-03
8.935881292512522570e-03 5.996876314059113727e-03
1.359344111848770874e-02 1.224074572161878115e-03
1.651434088043495689e-03 -1.812530124672700246e-03
4.235756537606526380e-04 -4.082962608883598798e-03
3.909477004159417346e-03 2.497196338686364248e-03
1.198369398050800347e-03 1.527714235651419280e-03
9.836246965032888548e-03 2.901421314265114747e-03
1.281772133627815009e-02 -3.406167135198666374e-04
-1.363903970018814915e-03 -1.797154962869792821e-03
4.042249755786412116e-04 -5.926769960874723672e-03
1.042382395670487377e-03 1.353711339027537097e-02
1.541428975874322826e-03 -7.126464531051167339e-03
-6.875512328849438422e-03 -1.918288355761882391e-03
-1.198878718906816812e-02 6.975778217175952756e-03
8.606536454912014009e-03 8.722959947762584307e-03
-2.505019601939907463e-03 -5.104397789543832324e-03
-5.679330256089890408e-03 -1.632546428821870501e-03
2.415418975374671560e-03 -1.376865102954536769e-02
-2.025707008431858799e-03 6.459025554677873260e-03
-2.222790172418503182e-03 -7.152041935657008943e-03
3.400212355459729906e-03 -7.785952474666932993e-03
-7.133425641138201219e-03 -8.922821225507355028e-03
-3.639573257982589398e-03 -4.685723690080905758e-03
-7.039194824978058443e-03 -1.027970020068748151e-02
1.219600871110620641e-02 5.534200169728425295e-03
7.679795109371627751e-03 8.271683448856381043e-03
-1.120061395401208970e-02 -2.675583497708842497e-03
-1.271726379369338654e-02 -6.624288761942388401e-03
9.121229561620213672e-03 6.087131613840261572e-03
-1.026280821250169159e-02 -7.371381661088236004e-03
6.188850443798117260e-03 -1.079817716951789880e-02
5.439506334608576292e-03 -8.816136956499440874e-03
-1.222377344100523261e-02 -3.011953330147467030e-03
-2.192119559261012686e-04 -3.316918165764365205e-03
-3.225465463361667021e-03 1.100028965730761449e-02
5.432353570265334095e-03 8.378751026377824658e-04
-3.840360573645520102e-03 -2.112848945001553642e-03
-2.011066230290794836e-03 -3.515055137175657120e-03
3.146082905292502119e-03 1.073388258285522517e-03
4.764116325478543953e-03 -5.988797511797139955e-03
-1.055875238224338736e-02 6.043576180263391176e-04
-9.435694489740619265e-04 8.280831884234776327e-03
9.052240900610762642e-03 -5.654151985692672938e-03
5.150124140745861862e-03 2.885519248751420521e-03
-2.480831254213073517e-03 -2.799638599555497823e-03
5.240906344238258595e-03 -5.001289902707539703e-03
5.623800796292980318e-03 6.677040107982424623e-03
-5.234679617814999575e-03 -6.067365975757302993e-04
5.458729243285351772e-03 4.384606601337985576e-03
2.300655904105355226e-03 1.250427856419179633e-02
8.157511166050753978e-03 5.213205499092707536e-03
7.365889318325568626e-03 8.334637037697528034e-03
-2.226829573549149628e-03 -3.020431266611895609e-04
-2.706269936562434239e-03 -5.085302650365925922e-04
-8.714817260748958586e-03 -1.077192926600243489e-02
-4.248369411338541132e-04 -1.204995258682223149e-03
-7.696208252901744640e-04 4.184218419882429138e-03
5.899468249935403696e-03 9.034790357329625966e-04
4.939198467030969132e-03 6.559483097261955935e-03
2.424040507042391282e-03 2.556174411150910659e-03
8.177452632696237400e-03 -6.322916134191500399e-03
-1.183187414876980467e-02 -9.079606496302412844e-03
-8.760495552896578435e-04 -5.956722016065110412e-03
-4.413568733857989659e-03 -2.985449887623574296e-03
-1.146475399272411239e-02 -4.072089867171044264e-03
1.405571812861159536e-02 8.287266672587050020e-04
1.246326211303139600e-02 4.126693289048541033e-03
4.885521083072882215e-03 3.512005658715964488e-03
-1.118437663904210330e-02 1.972237104423005781e-03
3.687151685020720760e-03 1.984291423063403326e-03
-5.437191239817883940e-04 -1.298826940636838598e-04
-2.234317587347542551e-03 1.802550605579716567e-05
-2.165073387328980518e-03 -1.095456330610501336e-02
-4.834957062326029724e-03 2.339485029972572690e-03
-4.778501564609137324e-03 -6.750994208041934119e-03
-8.799500507321970921e-03 2.863789591020697925e-03
6.517013704471465857e-03 1.323559716732678956e-02
-2.369900104123918126e-03 -1.531689752030984718e-03
-1.050461197932570437e-03 1.628842277144442732e-04
1.376335034104016024e-02 3.977459916803527222e-03
-3.020431266610801649e-04 2.226829573550401231e-03
-7.421418778122478715e-03 -3.290143358536973695e-03
2.671144962370822218e-03 -8.006090468512446282e-03
-3.776081812677015669e-03 -2.189453389313272651e-03
1.489134202120386170e-02 -1.671311087956860522e-04
-3.915240711623651886e-03 1.087837382169698584e-03
5.548122389900672462e-03 2.566775788160647730e-03
-1.156243342155064031e-02 -9.245141068268606169e-03
1.259228265392742935e-02 1.950491620997895845e-03
6.277189782990150874e-03 2.786913782005480573e-03
1.243888269302914455e-03 -1.377262654592379190e-02
-5.749835743482224586e-03 4.052084515773799606e-03
-9.297269392485344938e-04 -9.004199454612924619e-03
-1.486234765532563028e-03 -7.251972574529624155e-03
7.965872867744536526e-04 -1.401741590645573521e-02
9.698604892468565622e-03 -1.124720245837983711e-02
-4.609518379976669002e-03 4.837669545366789225e-05
-6.307141838181790083e-03 -1.506639251137071797e-03
4.951061131415157926e-03 8.723359081969386114e-03
-2.909116808014673185e-03 -1.053456403451655254e-02
1.069168455476676369e-02 1.726378110773959217e-03
1.799214518657850544e-03 1.123500454454060687e-02
-1.026638459467195223e-02 -2.544375631518482669e-03
6.796257540284149010e-03 2.635030065507575937e-03
5.079746422857402306e-03 -2.786786012500353481e-03
3.203927459886471429e-03 -1.408606931801060710e-02
7.426384217172536314e-03 -7.605841009312117387e-03
-8.985135966823334062e-04 -4.996516117914369566e-03
5.039656009615731819e-03 -4.054223782002999710e-04
9.418099769281320158e-03 -5.934593224127584707e-03
1.413669722351490465e-03 3.376950045653012060e-04
-4.878496088234085364e-03 -1.809081512005063707e-03
1.393729896472461691e-02 -1.191535475495017135e-04
-3.391798303743857445e-03 3.419898283096211612e-03
-6.578306871731820320e-03 -4.606069767308351368e-03
-1.117284922411306350e-02 -5.197830337289799894e-03
-1.278087205575115107e-03 1.212020253521481003e-03
4.983328281404645656e-03 -2.671879346032774750e-03
-8.408862502461107030e-03 -8.491821442701212586e-03
8.253003269584670634e-03 9.144284391477720819e-03
-6.960019746858152594e-04 -4.304425774853964590e-03
4.672072834611585776e-03 -3.389946227905143127e-03
-7.263835238913243092e-03 -6.776412191755475968e-04
2.115898423460565395e-03 -9.659057208640038812e-04
-6.078254543164683318e-03 2.732182590622855844e-03
5.059006687796953512e-03 1.438384973789001925e-03
1.127065642244289663e-03 -9.860546674594016479e-05
-2.119810055086766062e-03 -3.541031675988301399e-03
-8.919643977542536170e-03 -1.349055711927265016e-03
6.592947649872882981e-03 -5.368010924545177712e-03
-1.091573418023847677e-02 -5.504248114537356809e-03
9.861824369640664369e-04 -8.627978340272504740e-05
1.061865649262609505e-02 -3.164906679762475791e-03
3.046934709146503512e-04 -3.007850044264598344e-03
-1.556740252924327132e-03 -1.567341629934634927e-03
-2.048506299280826535e-03 -1.914711973590261509e-03
-1.801992632415295569e-03 9.029521320210336967e-04
5.795099075725227908e-03 3.361447114344735549e-03
-9.582899375617367696e-04 -1.379290326202499764e-02
-3.296800870556601537e-04 -6.607859792716766142e-03
1.690598463367114831e-03 -1.479082001183393063e-04
3.393554261466660837e-04 7.529763468712327712e-03
7.243558522812609812e-03 2.879819426039518376e-03
6.520479888791558612e-05 -4.122590003164992335e-03
3.854410563322322771e-03 5.518697238421532876e-03
-1.217257057273786209e-03 -5.394514367069750890e-03
-1.656734776549275388e-03 3.374571066102235919e-03
-8.425227586934968052e-03 -1.782705838985616971e-03
-1.197103304771644089e-02 -5.802315724819442043e-03
9.688003515459508996e-03 -8.123120575520984335e-03
1.024610787857188968e-02 4.746553838381772569e-03
6.908449977747865844e-03 9.190936780599052655e-03
2.166925463167803691e-03 2.862592188398468442e-03
1.707298797296127012e-03 2.476919622586301693e-03
-6.185609311082218044e-03 -3.362772286470269364e-03
1.201434702211355392e-04 4.212845302947282496e-03
-4.938400198616792192e-03 7.514675497310736169e-04
1.293222886853892528e-02 -3.899673895563966937e-03
9.090351468510522032e-03 1.141339170356308469e-02
-1.845500006935145952e-04 7.220695347211880839e-03
7.408630075820238359e-03 5.172252932683957423e-03
2.710309337692509962e-03 -6.341468543958546020e-03
-5.555945653152854352e-03 -1.158065058186275552e-02
6.251612378384309270e-03 6.551132930298305714e-03
6.498126045248479345e-03 9.368797035908460122e-03
6.462075033138816628e-03 4.900161861213835589e-03
4.275335872829975729e-03 2.216755100251451178e-03
-4.359891349898542719e-03 6.202755092355903208e-05
-1.725388188103576343e-03 9.672308929895378051e-04
-4.332589638960474346e-03 -4.372265092306528485e-04
-2.480959023716377415e-03 8.557297606291265624e-03
-1.798879269202700252e-03 -1.901061118120370586e-03
5.990122683923924940e-03 4.373606090121446265e-03
1.312078661892176210e-04 -9.342293593387773374e-04
-6.936868798887562554e-04 -1.441938967198953987e-02
-1.121777730689955781e-02 -3.277418540986956012e-03
-6.283416509413410761e-03 2.821112718277789429e-03
9.052033420665499307e-04 -2.634503161795647037e-03
2.329266961477534283e-04 -2.611176967235891849e-03
-1.182232657918210264e-02 3.199233385539911739e-03
-1.861433723838977483e-03 1.440508414329963200e-03
-1.574829643731776464e-03 1.876808885641204462e-03
2.654316858936574090e-03 7.260179146292157059e-04
1.386032761956339319e-03 -8.496994361701185397e-03
1.069939645618456919e-03 -9.676013081570764701e-03
9.898673650163931567e-03 1.091678798766108384e-02
4.056459166359025620e-03 8.233780360907322696e-03
-7.202206822196377881e-03 2.677480722739150956e-05
9.664613436146850256e-03 -3.116929118516291019e-03
-5.675753873918839600e-03 -6.459552458389802160e-03
-1.015465517616862164e-02 6.034523862999059338e-03
-9.460249738311728163e-03 -4.282951656132353430e-03
-7.123750302047195289e-03 -8.000917549511791724e-03
2.169112788460416698e-03 4.104564497111017063e-03
3.200686327170000622e-03 7.488013797824107087e-05
4.256112964152630393e-03 -1.098398845758529439e-02
2.453992562234029624e-03 1.275899880282502317e-03
-6.653985278125489067e-03 -8.716334087131270142e-03
1.435670744785711404e-03 1.400481885841086760e-03
8.189235586638251001e-04 -3.620685598759713041e-03
1.108888453550739735e-02 -5.903315996809842259e-03
5.764220982614177979e-03 8.687707204066415917e-03
-1.589805671327200985e-03 2.516946151076319797e-03
-4.665238912008023292e-05 -1.344553291836912776e-03
-4.072361231873861294e-03 -3.547657536618934685e-03
-1.322089250442986044e-03 -9.135535090307705507e-04
-6.924942831725603223e-03 8.875115028963986852e-03
1.286702406965043941e-02 2.229161076017062773e-04
6.880349998394260508e-03 2.379240193759092452e-03
1.480135808612607689e-03 1.503062868966130927e-03
-4.952577957798831240e-03 8.702555462157396393e-03
-3.427386296894494814e-03 -3.071729671025619224e-03
-6.621382878687653330e-04 -1.077762908871890413e-03
6.853048287454830377e-03 2.878494253912162668e-03
-3.895427014482043954e-03 9.086519547329354081e-04
-8.816663860210797315e-03 2.261954547741442095e-03
-1.081679346403738654e-02 4.956760954127168925e-03
-5.287430963854464205e-03 -7.700199594976816532e-03
-2.010603211331769488e-03 -5.538047916602863857e-03
2.217952502873681096e-03 6.691090097659798883e-03
1.264827513268393377e-02 -5.116994837590546977e-03
-7.479933831626748610e-03 -6.798572635081317518e-03
4.144128006640758650e-03 3.150984459590228191e-03
7.713451316237621234e-04 -9.192533317426723706e-04
-1.062866708117282157e-02 -7.090940422652643356e-03
2.846562353379757278e-03 1.387613356696802865e-02
1.279168091271249211e-02 5.446595214198343346e-03
9.163507300155067023e-03 4.947740288252077540e-03
-1.047347834719974686e-03 -2.641129022426960335e-03
2.261747067790847304e-03 -1.187421577205631171e-02
-4.898645034830272429e-03 -1.096383951098921748e-02
2.008080636584005756e-03 -5.037867818529921486e-03
7.044958532442292982e-03 6.694666479831419548e-03
-2.343061412143513777e-03 -7.951032756847112998e-06
1.197368339196807838e-02 5.021295254104784361e-03
-2.534636407675824789e-03 5.509820167744132295e-03
6.589036018246112458e-03 -9.874948321396802980e-03
-3.523341419388225683e-03 -4.979815783985247664e-03
1.048168491897264257e-02 1.354356400432364486e-03
-6.798780115032482599e-03 -1.321094580063968127e-02
-1.113941690481807384e-04 7.550439319026942819e-04
3.535331853273435371e-04 -4.213244437151363497e-04
-8.893012765493441094e-05 -2.051619662487274968e-04
-2.903943889014129649e-03 -7.396687700997868573e-04
-1.430580817764738610e-02 1.180615256699752043e-03
-1.004452229449421218e-02 -8.477936468775579271e-06
-1.164042692273364182e-03 -3.240441490954103373e-04
-8.050028628628554464e-03 -1.047518682784520302e-02
-1.159377453362071819e-02 -1.895888199119717329e-03
7.749374558844550342e-03 6.633038063113983612e-03
-1.549252239126505367e-03 -1.887410262650941317e-03
1.241237925049344486e-03 -1.299160607520959479e-02
-4.470359481028672761e-03 -3.228914076028161894e-03
1.058167944259701988e-02 -3.587556295603826131e-03
7.088625327855584135e-03 -5.137031840372458490e-04
-1.083269552955222308e-02 9.642883778415557369e-03
7.265096526286444513e-03 5.965599086741369544e-03
1.087438247959713342e-04 2.597653881264448873e-05
1.358986473631665880e-02 6.051080601729808689e-03
1.784510437735590399e-04 -1.296960505277537298e-02
3.924453031755631600e-03 1.857059073253071024e-03
3.500079109579442432e-03 -1.370928964857501394e-03
-5.125345004554767055e-03 -1.396068904403659564e-02
-2.537494231879309538e-03 -1.440003899380820976e-02
9.307503868647315493e-03 2.131401354768137826e-03
-1.568139898348130772e-03 -5.754210394068131479e-03
1.503062868965450482e-03 -1.480135808613178630e-03
2.962123693063248818e-03 -5.085845379776106692e-03
3.533942796397282309e-03 1.855733901126395326e-03
-1.340641660210821397e-03 4.553589785971133910e-03
-3.749370890201846832e-03 1.069122153580716675e-02
-1.954738502079708673e-03 -1.248598169343182124e-03
-1.337502743097635470e-02 -5.218107053389861583e-03
1.522413547147462125e-03 3.636715433779455931e-04
-7.489609170717754540e-03 -7.720476311076879088e-03
1.808426838790401850e-03 1.417990099996269647e-02
-9.433874065291711353e-03 -7.362201574321498854e-04
5.878489383535339535e-04 -9.101479749231509292e-03
-5.185249114937473883e-03 -1.140013998230045809e-02
2.585998696837423644e-03 7.652621167936754856e-03
7.669321501866446615e-03 3.882912586778862127e-05
2.012503346225267761e-04 -4.595867524507239732e-03
-2.026042257886219358e-03 -2.874917871740541569e-03
-5.758585044660403940e-04 -9.158047190782424686e-05
-1.055298867477392957e-03 -2.980676102827658960e-04
4.850859127840295541e-03 -7.025607854260280255e-03
-3.116466099556584358e-03 -1.168760621557348757e-02
1.020972161700527733e-03 -9.056024762739234377e-04
1.147767046453158912e-02 -9.166955912822242342e-03
-5.203290446691303042e-04 -5.136074151068378314e-03
6.775773344226443699e-04 -1.585367135989751864e-03
7.097374629027177612e-03 4.454186050811589914e-03
-1.671247785185103404e-03 1.991715552109463855e-03
-5.525786118011301665e-03 7.829954519535374871e-03
2.617004559452349496e-03 -9.030575127632372440e-03
-5.899005230975016591e-03 -2.926471815159027885e-03
5.648116913525049777e-03 -2.375136907875543320e-03
-9.579594940118688062e-03 -1.184846312086606374e-03
8.341135128824856554e-03 2.038495710734099155e-03
-3.914777692664626538e-03 -9.351553972575085867e-04
8.920442245957281233e-03 8.660006358919614122e-03
7.078023950845165752e-03 2.610378698820464607e-03
4.703158407672551784e-03 1.197467331463971350e-02
1.772375826678806651e-03 9.711265825267611368e-03
9.712064093678518572e-04 5.538574820305681773e-04
-2.629793261754018695e-03 1.091268470177867572e-02
-1.174929851704200473e-02 8.090518176077027626e-03
1.153618551803585988e-02 -5.658526636277898952e-03
6.620121591307077599e-03 5.489671221148054517e-03
1.960039190584917431e-03 -3.134427720856734290e-04
-1.386368011412060985e-03 -8.369490647183708797e-04
-6.536029133196966101e-03 -5.745461092896537135e-03
-1.295250558463942585e-03 6.101852102422251727e-04
-1.761774449669750893e-03 -1.283534770812646414e-02
-4.872269361810254752e-03 -7.417108012289013938e-03
1.722737843851367048e-03 -1.862104222741989192e-04
5.872581498892728760e-04 4.278449236042000323e-03
1.848645021535375802e-03 4.416011598158791880e-04
-2.212316564913321612e-03 1.080812387331582828e-03
5.257478908663395720e-03 8.980474125844545297e-03
-8.682262920361148457e-04 3.057152777638138825e-03
-1.041248877800590071e-03 3.107780683137213989e-03
-5.258069697127656580e-03 4.399454859428964318e-03
5.234807387318303473e-03 -1.075019960827103445e-02
-1.438321089037349976e-03 -6.194614151264283197e-04
-2.893470281508948080e-03 7.493185552888804481e-03
-1.123202069675923245e-04 4.801029490755967175e-03
1.290665146393308454e-02 -1.354547472711400621e-04
2.032732003269865050e-03 -4.756101407968793722e-03
1.453297116632203557e-03 -2.067585030800678670e-05
9.771505185104788910e-03 5.001018538004721806e-03
9.839360328244914008e-03 9.740806412439090983e-05
1.030428768262100885e-02 -1.078960311494119896e-03
6.853511306415217483e-03 8.555014744860969453e-04
1.133292368667549333e-03 -5.706631967029210384e-03
-6.652516510800003018e-04 1.726250341270655752e-03
1.029381407511525612e-02 -9.311814634482031006e-03
-1.110700557770999148e-03 -6.610510136968975221e-03
1.033954042631728479e-02 -3.921275783790704322e-03
8.215739029154634551e-04 -4.401706069474371590e-03
9.449313111847521679e-03 -1.926909887429030955e-03
-1.793578580698851951e-03 -3.463102059550368129e-03
7.564154059241525764e-03 -4.814153442512787533e-03
8.382742368444757444e-04 -1.776878246769730482e-03
-1.081679346403738654e-02 4.956760954127168925e-03
9.690526090207271862e-03 2.452795159611799707e-03
1.007720440439261811e-03 2.999499877300268111e-03
-7.315788316538531649e-03 -4.601535695836051452e-04
6.921829468514367929e-03 -6.071101778821441121e-03
-1.195824434541283877e-02 -7.684425298965284756e-03
-5.181417193759463562e-04 -3.894101842356509705e-03
4.962923795798776863e-03 1.088723506667749891e-02
1.004948773354426977e-02 -1.088750643138031680e-02
9.617370258561939306e-03 8.918446574920985831e-03
8.606105087338466499e-04 8.619852060926292553e-03
3.086641813868820639e-03 1.610944540594452020e-03
5.480730265719572711e-03 5.447393482613771022e-03
5.091146068281205729e-03 1.400082751633142204e-03
1.725052938648425835e-03 -1.030117431940977442e-02
3.952217761652726188e-03 -6.651877663283484610e-04
-8.260028264422104860e-03 -1.084720853818747950e-02
3.554219512497915588e-03 -3.464443057375756699e-04
-9.210287458780382769e-03 5.064642625757311695e-03
4.588283974575006058e-04 -6.925278081180862369e-03
4.972263885434632068e-03 2.475195316252823755e-03
-7.761364992733405660e-03 2.560022158024207774e-03
-5.671092032930855932e-04 4.876308762942153235e-03
-5.736584022220958881e-03 1.469821621996078402e-04
-3.764682167251851789e-03 1.997415374821365566e-03
1.363903970018814915e-03 1.797154962869792821e-03
-4.161626608983947338e-03 -1.308676292928789842e-02
8.223514233352055905e-03 8.401566142918922425e-03
5.445173923959646840e-04 7.440833341056713249e-03
5.933922725216714267e-03 -9.249787083558473275e-03
6.196082918587400047e-03 1.159562660945885962e-02
-1.356415956220421992e-03 -2.117223595586779656e-03
-3.390409246864849353e-03 -2.649080055184949330e-03
-7.326852712507185214e-03 4.686921092703135241e-03
-5.380831860208584033e-04 7.642019790927016484e-03
6.960019746858152594e-04 4.304425774853964590e-03
-3.412075019846993063e-04 5.622076489960400750e-04
-4.043335214601634538e-03 -7.819465086340699183e-04
-6.621382878687653330e-04 -1.077762908871890413e-03
-1.083256776004698670e-02 -1.714052427430744208e-03
7.405644482112878554e-03 -3.380670023020940305e-03
1.341339353788386507e-02 -4.282216690492677072e-04
-8.751459061322883898e-03 -1.860635455423550241e-03
4.265612474680124423e-04 4.469960346821299363e-03
-3.809019461575443525e-03 -9.462101814150442047e-03
-2.257244647701175076e-03 3.001224183633285046e-03
-1.294627885821572968e-02 4.938256021439855342e-04
1.178092681950167067e-03 3.729892442515390059e-03
-2.811437379186784366e-03 -5.361512833417849191e-03
-5.464492950750157035e-03 -7.995728804812427329e-04
-4.941848811284539102e-03 -5.778462626547758822e-03
-1.417771367467019275e-02 3.050399147501699736e-03
-8.392002747638874390e-04 5.822863805623003375e-03
1.008011028764621043e-02 6.500105890591748731e-03
-3.844735224231316841e-03 -4.596793562425971306e-03
1.172405636189188458e-02 5.007644398635354224e-03
-8.231928285069859547e-03 -4.035511951348662481e-03
8.379964254692754896e-03 -5.630825791131095423e-03
-9.214199090407155027e-03 5.577052289056872933e-04
1.184319408375358136e-03 -1.878134057767418723e-03
5.567600837586558944e-03 -6.946353065695671722e-03
3.054965452344954660e-03 -3.737460166757537641e-04
-8.612300162376247681e-03 -5.137926226906522342e-03
5.270267610965636076e-03 7.098364551697560268e-03
-1.580465581696218077e-04 -5.895093599353602677e-04
-6.944964008817914800e-03 -1.163657917586760973e-02
6.708125681043961355e-03 9.740818746251196300e-03
-7.564154059241525764e-03 4.814153442512787533e-03
1.199257105119106576e-02 8.888095385523115538e-03
-8.276984137361588501e-03 9.241836050800485147e-03
7.664483832320263638e-03 -4.221227121305637549e-04
-2.085818598765051129e-03 -1.167130501585184749e-02
-1.118908653908305163e-02 -9.845650939421647305e-03
-4.913748831930362174e-03 1.033233960291520068e-03
1.780454628940100195e-03 -3.988731792724026746e-03
9.532479532037650000e-03 1.863285799676440199e-03
6.299989073845133330e-04 1.116065131027750134e-03
3.323304313078696663e-04 5.826839322001426714e-03
-2.089522750440547718e-03 4.512637219564206992e-03
7.097167149068965867e-04 -1.623669358145611585e-03
-9.549307635471898995e-03 6.868822583465221572e-03
1.184191638869771016e-04 9.478802148082066071e-04
3.594772944699971880e-03 -4.750800719463694685e-03
1.206783449768604639e-03 -2.838339955918840231e-03
1.805105995628680945e-04 -3.706965382160615653e-04
1.418116228733657877e-02 3.479531028775991255e-03
-6.348493538796661992e-03 -4.413233484402839801e-03
-1.292739119899274230e-02 4.360625733562318446e-03
8.665977546335693754e-03 8.185403665453654803e-03
-9.892111674284951098e-03 -7.190871061524796264e-03
-7.899262604306839589e-03 1.112527079707300096e-02
8.564258716377729647e-03 9.862351273350089195e-03
5.091018298777330239e-03 1.275701895748058631e-02
-1.182888855506108311e-02 -5.266835405963741015e-04
-1.090997047277424310e-02 -9.089281835393418774e-03
3.518040730883016925e-03 6.541856725414103325e-03
-1.248261279121340613e-02 -5.970500641039667641e-03
2.473806259373705942e-03 1.096714452845277271e-03
-1.067233387658554286e-02 1.174292412153424628e-04
2.484742885839844474e-03 7.306575996407122658e-03
-5.559059016365450537e-03 -8.776637331721352103e-03
7.393781817729258750e-03 -5.544546007729050929e-03
-4.477049226412318887e-03 4.402105203681174264e-03
8.801560063110709306e-03 9.735118923539294589e-03
4.894398153748350314e-03 -2.877041312282644508e-03
1.201019742304370534e-03 7.466937649372223842e-04
-1.235474217585109946e-03 9.406572354353532825e-03
-3.919280112754298766e-03 7.937836191165517641e-03
7.556203026484678217e-03 -2.471092030369273756e-03
2.343524431103900015e-03 -2.015041746669218609e-03
3.301942138169511407e-03 4.209253095083338378e-04
6.021799045447790918e-03 6.358296647391651832e-03
-4.202643060145028545e-03 -6.659413736134572014e-03
5.315212101424477906e-04 -1.136793671706398320e-02
-5.070534102725421724e-03 5.731682467923123955e-03
1.326720964409843460e-02 1.146144955722802096e-03
-3.308631883551796209e-03 7.210093970202144202e-03
1.657996063922476592e-03 1.913386801463586029e-03
-5.795099075725227908e-03 -3.361447114344735549e-03
-3.699940387324322007e-03 -1.021818489175612635e-04
-3.567008214800945678e-03 2.228553879882737721e-03
-2.064743614250242210e-03 -6.562532575722790015e-03
-5.630698021624389298e-04 -1.973690046053666255e-03
6.972393489261220420e-03 -2.196110901329039432e-04
1.835393300274109664e-03 4.346703513390070411e-03
-4.001520495026376391e-03 1.016549452056323636e-04
-5.931496268587431453e-04 1.066352069066036495e-02
-7.275234884336475791e-03 -4.864509983309724811e-03
-5.510219301952186573e-03 -6.190111731172570284e-03
-2.339948048932278916e-03 -2.811964282899393278e-03
6.319467521524434368e-03 1.647522456417975251e-03
-2.667105561240175338e-03 1.156091659516626791e-03
5.687616538302458537e-03 8.623428443097913218e-03
2.993337035628089449e-03 -1.078162043078693087e-03
-5.539037839273928260e-03 1.173505687310842475e-02
2.070507321715047474e-03 2.977498854866047172e-03
-8.423168031145660678e-03 1.081620267557369466e-02
-6.685326390195564343e-03 -1.367081217982381736e-03
7.322015042962362261e-03 -5.147872930700345302e-03
3.600951612063244944e-04 3.304592482421149762e-03
-8.604013880163678685e-03 1.852955787369520591e-03
-1.294787539503556564e-03 -1.412807569183840550e-03
-1.193994747465003175e-03 9.562303817729982764e-04
8.569096385922552600e-03 1.032330311134730012e-02
2.527818892788303608e-03 1.347813531781264645e-02
1.130935777880806223e-02 2.701560036521485908e-03
-5.313934406385731682e-04 1.100051121653952864e-05
5.679074717068235674e-05 2.434641884045871639e-04
-2.832640133206829232e-03 8.866509322993949144e-04
6.439275742290419616e-03 -3.473575667054978541e-03
-3.292602048533656203e-03 -8.832965059933008123e-03
-6.255524010011080660e-03 -1.105807032714993185e-02
-4.296075607890424523e-03 2.008415886037904878e-03
5.115797434975362856e-04 1.681849162195434998e-04
2.273018943710204513e-03 3.669589197925309399e-03
9.666800761439463263e-03 -1.874956809803741964e-03
-8.611837143417221466e-03 -7.160919006333729513e-03
8.394014244370128289e-03 -2.224977497711796634e-03
5.566211780708122010e-03 -8.773747274151916589e-04
9.678663425823652924e-03 2.889191749036890827e-04
-4.138827318135549459e-03 -4.713025401019083419e-03
2.148373053403042051e-04 8.329735483399473232e-04
1.005015823245457122e-02 7.780380421460158374e-03
-1.444595874518445414e-04 4.839331712911826462e-03
5.371571481028072741e-04 -3.596034232072602144e-03
-7.294585562519057508e-03 -6.708317335300168806e-03
5.535796706557457453e-03 2.425892582880424288e-03
4.897383747457071876e-03 5.675881643423395101e-03
1.036717738671243810e-02 4.913413582475783040e-03
-7.159130815247918313e-03 6.198334128632915739e-03
-4.872860150274515613e-03 5.962820972984495677e-03
-3.223198427625031774e-04 4.429007780412549250e-03
-3.622074655638041121e-03 5.250054779617906349e-03
1.238977103193169942e-02 1.258401277939314063e-03
-1.937447379686435198e-03 -1.200369933191205128e-02
-7.648581766805427097e-03 -4.264000112157824256e-03
1.012676267676628980e-02 7.844659182428661073e-03
-1.672173823104514991e-03 6.037701110962736747e-03
6.026971964450837443e-04 1.615319191180819916e-03
-1.702924146710329840e-03 7.024994838115972140e-06
6.288717197918619953e-03 -4.383153659706645090e-03
1.283515663584198704e-03 -1.413099740079777969e-02
-5.961431916106058743e-03 -1.094183848855499568e-02
-1.708352604718623271e-04 1.292600214211623785e-03
1.191298101317119634e-02 2.708936688478914834e-04
-1.249493847455662200e-02 -6.111383846319888916e-03
-2.073492915419114448e-04 -1.153042181056934158e-03
-1.063708113288869446e-02 -2.724886231081921975e-03
-8.404024832914924054e-03 -8.030869604702860209e-03
3.963282157622169052e-03 -5.812262428613266738e-03
-3.593846906779989137e-03 7.048151606097417810e-04
5.869388425239098830e-03 1.354068977244699337e-02
-1.276656652706703761e-02 -7.187821583065105366e-03
-3.309893170926358520e-03 1.922136102635179939e-03
-2.723433289451261501e-03 -1.110365308315848423e-03
1.714451561638798485e-03 -7.177092436550241636e-03
2.889766129832091034e-03 8.690756682526109417e-03
-2.076271029179281580e-03 6.075348659900156600e-04
6.775182555769339657e-03 -2.473742374621483268e-03
-1.730225857644754426e-04 5.062790549907478449e-05
6.300116843342423376e-03 -1.962848955731491887e-04
6.424634964149356087e-03 6.500505024798551405e-03
-3.592920868860577550e-03 -3.341170398243531545e-03
-1.650045031165058755e-03 -4.256448213607780251e-03
4.332589638960474346e-03 4.372265092306528485e-04
7.314399259660094715e-03 6.529131907864085642e-03
-1.191807422171819227e-03 2.198202690484866995e-03
3.558594163083712326e-03 2.137500311686841778e-03
-7.722072847906482837e-03 -7.132292123268194409e-03
5.135148113149646740e-03 3.525656514184713746e-03
-7.665282100735799735e-03 -6.888827934863607678e-03
-1.906697056080619915e-03 -5.973023215787429639e-03
-6.931041788644987621e-03 3.126205323399813395e-03
3.504118510710879045e-03 -8.220927773851497908e-03
1.233874399222446155e-02 -2.570096631323157826e-03
3.570919846427717068e-03 2.278383516968887548e-03
3.279142847321114395e-03 -7.952812218760480292e-03
-2.166127194752266727e-03 4.448358458595702558e-03
-5.362311101833956879e-04 -4.499513267806706405e-04
-4.851992645710192197e-03 -9.619286219152305140e-03
5.307835449458972107e-03 -5.858914817734597706e-03
6.703415781002442300e-03 -2.077069297592777208e-03
6.797646597158284263e-04 -3.433948272778833627e-04
9.905826414506602173e-03 1.262775928524540077e-03
-5.861229912531766215e-03 4.807128447675351572e-03
3.179451921753455486e-04 -6.912952397838109664e-03
7.683595379164021022e-04 -9.472176287447571508e-03
-4.881481681942235334e-03 -1.036200446771178355e-02
-5.555610403697704494e-03 -2.246707155442519230e-03
-1.756729300166848468e-04 8.316483762144136161e-04
-1.054596367994114700e-02 -1.277751956120645044e-03
5.559985054284862123e-03 4.730651772868078343e-03
9.690190840746679092e-04 -6.881148266813004325e-04
-9.630158960865539686e-03 -7.036337000775144852e-03
-1.087438247959713342e-04 -2.597653881264448873e-05
1.707761816255152576e-03 4.539268431590941970e-04
-7.776213250824955125e-03 -8.156776782388120567e-03
7.014543458290839126e-03 9.997933790125214035e-03
-4.208406767609263084e-03 -3.074380015278509182e-03
-2.817664105610177177e-04 2.465136668711068006e-05
8.299320409249598407e-03 1.154894256894396874e-03
-9.861824369640664369e-04 8.627978340272504740e-05
6.226162743282913012e-03 -1.041584127256992183e-03
-7.174905111258308640e-03 -4.724792529268205879e-04
-3.405848293419299656e-03 1.404998967737382601e-05
-1.098577664867178560e-02 -1.842609949368894523e-03
5.934130205167988635e-03 1.144109254870920821e-02
-1.418092431996350287e-04 4.058311242196487902e-03
1.063249900234810794e-03 -2.044993801861428109e-03
-1.033297845043172018e-03 7.647192709930196583e-04
1.017858798489292872e-03 1.898410773868622727e-03
-2.727807940037058673e-03 -3.594309925740266087e-03
1.573903605812364877e-03 2.169176673212068647e-03
-1.142967707759125770e-03 4.784728291034328826e-03
8.576249150264871708e-04 6.692910522139390367e-05
1.417725065570980651e-02 -1.027406368075633146e-03
-9.355545314646402516e-03 2.593023691676110340e-03
1.388799623135096584e-02 -6.826863686722160762e-04
2.879292522326909465e-03 4.579023595375178619e-04
-3.289153435865910160e-03 -2.303034883654175684e-03
-2.314035394871286587e-03 2.757759995228017003e-03
1.327953532744164875e-02 1.287028161003025972e-03
-1.122227972699467360e-03 5.595573047431503340e-04
1.087623455545970799e-02 -5.494317236437240744e-03
-8.419000860511137441e-03 -7.390732339269566985e-03
4.746026934665300429e-04 -2.544646996222684658e-04
-6.038962398337188904e-03 -6.960131690670227217e-03
-1.114739958901074437e-03 2.394886720261634990e-04
6.377982575028704262e-03 5.155951732962319074e-03
-2.344657948973797104e-03 -1.462985232674336722e-02
9.163507300155067023e-03 4.947740288252077540e-03
8.073961437347857307e-04 3.549381842953093068e-03
3.196311676584203884e-03 -2.409064479446176594e-03
-6.014311031651329610e-03 -6.678365280109100320e-03
-1.099763931304860182e-03 -4.006485934071296173e-04
-4.939533716491125185e-04 -1.589342652368175421e-03
5.617238820414569705e-03 2.951123181845458337e-03
1.415857047644103472e-03 1.579667313277850153e-03
-1.127894270465603678e-02 -6.004827346815961274e-03
-2.324045983418013099e-03 -7.498087107187101710e-03
-3.653958497115333609e-04 -1.742551540992294534e-03
7.246927425036818905e-04 -2.263806623579585255e-03
-5.305185105206763028e-03 5.077894347019260013e-03
-8.341135128824856554e-03 -2.038495710734099155e-03
-1.483249171823842767e-03 1.300950381176415238e-03
5.137670687901491843e-04 1.410157224932092473e-03
2.682081588835029135e-03 -1.796228924951061463e-03
-2.153673741905176662e-03 -6.767694541971517458e-03
5.212550825871812166e-04 1.090088592213963757e-03
-7.862493034227679631e-03 -9.142959219352186570e-03
5.134685094190622259e-03 5.548649293611920483e-03
1.437395051117938390e-03 4.665446973979700887e-03
3.812595843747065057e-03 4.635095784581830594e-03
-1.124865540001060774e-02 2.048841548734725224e-03
-2.811437379186784366e-03 -5.361512833417849191e-03
5.710208349198570921e-04 -3.693713660905277498e-04
-4.307938272273253294e-03 -1.554600986683842868e-04
8.350938237419737106e-03 -8.396536819117783601e-03
7.896947509508419477e-03 -1.010306899938567555e-03
6.476588041774644644e-03 6.283017375206608086e-03
6.261287717475885924e-03 7.473036606293188139e-03
-4.762392019144957162e-03 9.253762599936897482e-03
-4.186740994630192003e-03 -1.134553656042296133e-02
1.062614450642448624e-02 -3.484975312479462843e-03
-4.274872853870951249e-03 -4.239747879678658349e-03
1.012558109975786552e-04 3.460451715296312763e-04
-2.192167618317924279e-03 1.023557038631391428e-02
7.285501011892313306e-03 -7.593515325968903246e-03
-1.277592535228323604e-04 7.464159535616467570e-03
9.434416794701866536e-04 3.076104321612667565e-03
-3.854075313867172479e-03 3.815246187998703412e-03
-6.806395898334179420e-03 -1.533940962075930337e-03
4.217619087739881908e-03 6.019276470700136474e-03
9.852484280002304223e-03 7.549241916397643470e-03
8.614950506628455892e-03 4.356905756191182914e-03
1.082137559457796872e-03 1.821806329556903501e-03
1.463468999628829946e-02 -1.883706110975336308e-03
-4.525553691370432126e-03 1.114952302955262917e-02
6.463001071056867324e-03 8.541763023594212481e-04
-1.755004993839493453e-03 1.158144885027750232e-02
1.515388552308094766e-03 -1.339252603332274959e-03
-5.036207396947985776e-03 6.935352554479132410e-03
6.744639712119804504e-04 1.218646114152113855e-03
-2.775386367077121216e-03 -8.928776587232254173e-04
6.960019746858152594e-04 4.304425774853964590e-03
-4.125112577912099367e-04 -1.064112053401319261e-03
5.490198124856362615e-04 -1.432158247366313412e-03
-3.187434605914530195e-04 -3.979982491553817037e-04
7.646553862401166482e-04 6.711765947966663245e-03
5.618963126748158232e-03 6.216088269985214562e-03
-4.525425921866556636e-03 -2.074131762948147259e-04
3.642223602234227753e-03 3.904703219366246775e-03
-3.786475709741601728e-04 2.162550812580754916e-03
5.372114210427475674e-03 -5.935519262046317149e-03
2.232593281013384168e-03 -3.282990594194873379e-03
-3.279813346230054522e-03 -1.071507463407884997e-02
7.807554362895031269e-03 8.075239132392312939e-04
-5.998073716681343211e-03 -2.030544677977252042e-03
4.904408742294506102e-03 7.378805790133154650e-03
-7.021696222633509732e-03 -3.439217309886702725e-04
-2.342135374225463081e-03 -4.053936591611261887e-03
-4.941385792325513754e-03 -7.801455405974965993e-03
1.219521044269203033e-02 -1.776750477264604257e-03
1.333951914824016232e-04 3.077429493730912723e-04
-1.445473853380592390e-03 9.034550644010794912e-03
-7.670119770280621821e-03 -7.349779772860817739e-03
-1.255495394677993981e-03 -1.110512185047738548e-02
1.100226950265246421e-03 -1.622344186018935888e-03
-1.946787469322290402e-03 -3.591659581487376129e-03
-3.042511999496504138e-03 -1.084230698389032459e-02
2.019017263048213107e-03 1.171993725031462898e-03
1.473573832734197510e-03 -2.222854057170835576e-03
-4.459087605108743961e-03 1.231489089395277833e-02
-1.861465375218667416e-04 -7.401205946774178264e-03
9.681313770075292147e-03 -4.921012958109694663e-04
7.997277282588519109e-03 3.381723830444798105e-03
-6.989892091604408240e-03 -9.716167379564766282e-03
8.191374852867803688e-03 8.439868365074780845e-03
6.184348023708445899e-03 -1.925185581094872572e-03
2.085148099854750980e-03 -6.996581836988624223e-03
9.780717505237341083e-03 7.945914993426811401e-03
-7.837969437045125970e-03 2.495743397055703774e-03
2.324636771887279992e-04 -5.881841878086845705e-04
3.165896602434110484e-03 8.942028308487591243e-04
-2.270959387922827453e-03 8.929319316633542100e-03
-1.377752810022083753e-02 3.973627995623937002e-03
8.412901903591753910e-03 1.641822633705393095e-03
-2.174876495919426684e-04 -5.195307762528897746e-05
-1.442999104899859650e-02 3.817768762747609894e-03
6.150228797882988617e-04 1.756202396461043359e-03
-8.555653592377488945e-04 1.253197940933859986e-02
-1.103958180213510804e-02 6.466848817931416908e-03
-1.903248443412874306e-03 5.569069604914024746e-04
-4.443856038504779594e-03 -1.103911878317540354e-02
8.281358787944445750e-04 -6.757891433380852067e-04
-7.621870844330258694e-03 8.616674812962615143e-03
7.253824650366515712e-03 -9.578205883239571117e-03
-2.183290547641093989e-03 3.846523415316447161e-03
-1.047044236653247792e-04 -6.875975347808463770e-03
-1.962689534837126944e-03 1.094463242801012098e-03
-8.152194069869682716e-04 -1.256325663665520086e-02
-3.595906462569299113e-03 -1.189409335394957072e-02
-6.886113705858494180e-03 1.205793527096970380e-03
-9.090479238014398389e-03 -5.645549771564079694e-05
2.624157323797960241e-04 -1.868458718676412793e-03
1.216458788859610136e-03 -1.916436279923278228e-03
5.661831653750346808e-04 -8.303232040877379190e-04
1.378939076460502719e-02 -1.809752010916505956e-03
1.008229761293882344e-02 7.742078199304298219e-03
-1.671247785185103404e-03 1.991715552109463855e-03
-8.958632524306950513e-04 -5.777536588629027248e-03
1.678145010519235467e-03 1.106814480044705784e-02
1.070758662028102950e-02 -2.959744713513747481e-03
-9.983229127232496822e-03 -8.638005336486074062e-03
-3.060138371344928339e-03 -9.421149247741691934e-03
2.815013761358405031e-03 5.345068038492370877e-04
1.233954226063863763e-02 4.740854015669871725e-03
-1.004094591232259151e-02 -4.835483966037387900e-03
1.227353919333790816e-02 1.552493371842975957e-03
-1.525191660904335993e-03 1.177428513318301562e-02
1.741753272576866858e-03 -7.676346496704453300e-03
2.923677875714351254e-04 -3.148733249544821353e-03
7.317177373411174173e-04 -5.608824768698259227e-04
-1.331558633955267322e-02 -5.755663335698791953e-03
-6.722766459187966108e-04 2.332619455975464603e-05
-1.751763861123594238e-03 -2.579500605710665414e-03
2.420128875415619024e-03 -1.950762985700714392e-03
-2.280043938549572088e-03 -5.372513344635529951e-03
3.701999943112270659e-03 1.270109036347573210e-02
1.352869933855881807e-02 3.323671795899663280e-03
-8.096010518837763389e-03 6.848146733157676330e-03
-6.153006911638369755e-03 -5.424067288054016701e-03
-1.989528226815599245e-03 -4.292754764726638538e-04
-3.585432855064116676e-03 -3.661239030960979600e-03
1.175632351188001141e-02 -6.387594029367948088e-03
-2.413103880576251883e-03 3.653687132410934728e-03
2.752922325682514472e-03 1.853083556873505152e-03
-8.511970389296720507e-03 -7.458954965224753701e-04
4.385931773463410538e-03 -5.849239478643592643e-03
4.531524878786512625e-03 5.956322881858308604e-03
-9.041176504642107342e-03 5.070773234059321177e-04
-9.994293523202510410e-03 -3.490930674200475124e-03
-1.007262227384781751e-02 -6.820174523308735783e-03
8.203700536211019564e-03 8.580751570355005589e-03
-8.076069052192852427e-03 -4.687974900125851593e-03
1.326128651573632491e-03 -5.936445299965047856e-03
-5.614588476162360627e-03 -3.732143652560797331e-03
-8.220065620685671620e-03 -1.871635966641231434e-03
-8.036904676870593525e-03 -3.023352975572631343e-03
-8.607925511790449208e-03 -2.653981609482104244e-03
1.477613233864844607e-03 -9.072852866166655067e-03
1.503861137379626772e-03 5.830814838379850922e-03
1.004624660082779897e-02 3.273443024608532238e-03
3.418173976763875556e-03 1.268332156039917152e-04
-8.114770408556085113e-03 -8.375589604106276412e-03
-1.303865759853647943e-02 -6.241266540383112044e-03
2.009804942917593415e-03 -1.772902730390164827e-03
7.801790655430226873e-03 4.392557634095974571e-03
-8.655839188285663344e-03 -9.286492768885299537e-03
4.527741016663616724e-03 -9.907550720840761424e-03
2.029618640057269299e-03 -1.952088157827389873e-03
-7.545138630514664629e-03 -2.675982631916324749e-03
-6.185146292123192696e-03 -5.385765065897476535e-03
2.015568650381827521e-03 -5.357936451246227659e-03
-6.174209665658413754e-03 8.240964776632269707e-04
-1.072601126054362891e-02 -2.930048197330648984e-03
4.829193354861795184e-03 1.245548690883489492e-03
7.113404464045318051e-03 -1.158887297932356328e-02
8.457622506428683420e-04 -2.096946879486717100e-03
-3.143432561040863764e-03 -1.854408729000181066e-03
-1.059434037539538562e-02 -5.887270336096634034e-03
8.326286870733307088e-03 -8.678303229678229619e-03
-2.857291499892688526e-03 6.048845217382678007e-04
1.484510459198404861e-03 3.987007486390548375e-03
6.128355544951149137e-04 5.142300877491747489e-04
2.417350761658745156e-03 1.018719369086024638e-02
-5.292061153440283296e-04 1.252972819929550020e-03
-6.969280126052268456e-04 -2.584402160006920766e-04
-1.216075596740992873e-02 -8.376515642025007119e-03
-8.051607593849083311e-05 -4.571216157820128835e-03
2.641400387125938422e-04 1.396506369461521322e-03
-5.647941084960263723e-04 -5.238655134193422915e-03
6.693149653447176377e-03 1.038095601168517040e-02
5.637052517555606913e-03 2.771937754409374739e-03
-1.765813850800397340e-03 -5.985348899130644648e-03
-6.708875890403596769e-04 -6.045652143720725742e-03
-8.585509529458988653e-04 3.979056453631878501e-03
-1.443621777542558517e-03 9.425795263024271250e-04
7.448848258565783469e-03 -8.566046907463539112e-03
9.792580169619598263e-03 1.010979097813377928e-02
1.230508778535052347e-03 1.489412013495559775e-03
-8.696855639445383659e-03 -2.859143575730831686e-03
-7.123878071551070779e-03 3.356018656335651735e-03
-8.938531636764730781e-03 -5.215855843343775167e-03
-2.814422972895505061e-03 -1.391443578912388880e-02
-2.997248667254860839e-03 -3.428775353772931748e-03
7.096911610068152264e-03 6.477178830238797085e-03
-4.049561941025465149e-03 4.826079991649880746e-03
-5.277292605804432928e-03 -8.801288698408462133e-03
-7.189418119894136656e-03 -1.855334766919593086e-03
-1.234311864281025829e-02 8.615201389874059534e-05
1.572977567894314182e-03 6.215162232066483855e-03
-9.153033692649314296e-03 3.285114034735834437e-03
4.626218713905681616e-03 2.576451127250973215e-03
-4.660545419682546840e-03 -3.780121213807662115e-03
4.088135527884252489e-03 1.021847091817867058e-02
5.248729607491801376e-03 4.012584890995709967e-03
6.371420599150294517e-03 1.430034806825352355e-03
-5.721943244079895352e-03 -9.827098529653920805e-03
-1.467810125269963404e-03 -1.362179663685227039e-03
-9.351505913515757371e-03 -4.256975117319709151e-03
9.939690101325011906e-03 4.489438794507756569e-03
-1.404823011481320244e-02 -1.148795299975692921e-03
-2.029746409561144355e-04 1.330902436367483507e-03
9.090016219055373908e-03 2.079448277142849268e-03
7.817692720945061680e-03 -2.935651901924134395e-04
-3.123283614444105974e-03 7.300349269983292047e-03
7.105149833230039493e-04 5.687281288847879403e-03
3.399145632171449855e-05 -8.130273339863547388e-03
-1.048559655059805307e-02 -5.861293797282847440e-03
-1.201482761263395881e-03 1.276299014489985003e-03
-2.009804942917593415e-03 1.772902730390164827e-03
1.117078966832432511e-02 -7.401078177270193487e-03
-4.248624950354808194e-03 1.066391982486898996e-02
-5.715381268200914015e-03 -6.101181603517635832e-03
-8.919308728087386312e-03 7.984887714492973007e-03
1.542227244288498899e-03 1.844861159418626460e-04
-9.773820279903209021e-03 5.113945359129712029e-03
-1.641295729993464412e-03 7.114410212410550785e-04
8.206813899423043290e-03 5.776738320214280450e-03
4.243739221748287112e-04 3.227988038109430753e-03
-9.219036759955622200e-04 9.675339091005713196e-06
-1.087299342274380617e-02 -8.666632219550928287e-03
3.946917073148877887e-03 8.968531751016488654e-04
2.650405227309802700e-03 -3.780919482222409346e-03
-6.454587019340423705e-03 -5.220230493930823508e-03
3.540504772276262778e-03 5.581650827262681601e-03
-4.694872125459981921e-03 -4.983791300363671004e-03
1.294707712662990402e-02 6.817125044849043150e-03
4.254596137770317969e-03 6.441926086542628695e-03
-3.670451351091708579e-03 6.405363996412377810e-04
-1.462236431294565431e-02 2.024589316256238461e-03
-7.657331067977021441e-03 -9.231889347006659585e-03
-3.062453466141987126e-03 6.938146493938824808e-04
7.551237587434619751e-03 8.424892337479818194e-03
-7.635793064503756597e-03 -6.146109686304128406e-03
-5.553295308901216865e-03 -1.236167105257741407e-02
7.582115680544310524e-03 3.098632247756995077e-03
-2.401704235153019618e-03 7.840555896545111508e-03
8.931506641926725831e-03 3.512931696634695629e-03
1.134090637082296130e-03 1.604318679963138723e-03
1.001271816346510982e-02 9.380723585044872456e-03
-1.944137125070081107e-03 -4.372680052202714690e-03
3.720855950938182707e-04 -5.888467738718183506e-03
-1.185135259645569289e-02 4.335223575539061749e-04
2.184551835014866567e-03 1.441434452248694341e-03
-8.893012765493441094e-05 -2.051619662487274968e-04
5.864806294702817023e-03 -9.634134477243282146e-03
-7.012819151958040766e-03 -6.732968701987278835e-03
-1.124646807471799473e-02 3.290813857447274712e-03
-9.394022783387502573e-04 -9.926103130606664729e-03
-2.249293614943756806e-03 6.581627714890904987e-04
-5.818952173996911996e-03 3.667737122087166672e-03
2.785987744086177841e-03 -2.231204224135627245e-03
1.096470166415561623e-02 -3.266162490761305263e-03
5.953273403398725259e-03 -7.405979731567348401e-03
-6.028824040287157626e-03 -8.061220794101871950e-03
6.902686270283632172e-03 1.277597050145511462e-02
2.114046347622531522e-03 7.126065396844363797e-03
4.763062518055258612e-03 9.414124252903575962e-03
-6.774384287355163584e-03 9.784693021614512820e-03
-3.708354439040765626e-03 4.263872342653840346e-03
7.508496829939379294e-03 1.158727644249406968e-02
8.196803310876887502e-03 -4.479108782201517841e-03
-7.215793792910862479e-04 -5.402066265618192444e-04
-1.228069195768057703e-02 8.101518687293566071e-03
-9.874150052981374437e-03 7.219146287468078058e-04
8.825413161382392527e-03 2.705934687107393235e-03
4.156246210032345841e-04 -1.739901196739404576e-03
4.418725245193778559e-04 1.316376650780824199e-02
2.821112718277789429e-03 6.283416509413410761e-03
8.843039533230815860e-03 1.284776950958761450e-03
-1.057730479201122314e-02 6.071500913028243795e-03
4.083425627843304158e-03 -1.599417125665983591e-03
-9.736843229872773828e-03 5.536594974972204250e-03
-1.712599485799975096e-03 -9.148786811563044746e-04
-1.405718689594072628e-03 -2.680756416709495320e-03
-1.689831846343995032e-04 -6.799370903496063448e-03
6.428211346320406028e-03 1.673498995230619530e-03
1.330040283200404098e-03 -1.429507903113423455e-03
2.607664469816493857e-03 -6.185353772076970704e-04
-6.438349704371007162e-03 -5.724098917982939176e-04
4.382690640747510455e-03 8.311709977344575520e-03
-3.916038980037827959e-03 -6.223113264823330534e-03
-7.295048581478083723e-03 -4.685324555872960768e-03
-7.512200981616236339e-03 4.596665792920845081e-03
7.466219091405095799e-03 1.272666776808157457e-02
-1.490274166663209908e-03 -4.019737655338053144e-04
-7.449981776435110267e-03 -8.078847165949726294e-03
8.858015560826239948e-03 6.446396855236454643e-04
-9.835320927118569242e-04 -6.947406873126138385e-04
2.222917941923738695e-03 -4.204894270189293501e-03
-9.117317929993441414e-03 -1.580194216988636737e-03
1.212218238055193069e-02 -6.668035267801720144e-03
1.643818304741798651e-03 9.864474713891050253e-03
4.883333757780269208e-03 2.270033350003415433e-03
-1.387520752904872548e-02 -1.199423205474767218e-03
6.316817177271435123e-03 2.428542927131491919e-03
-9.659057208634329404e-04 -2.115898423461245841e-03
2.650660766320054283e-04 -2.649479189391751571e-03
-1.527251216692284428e-03 -8.246233813751558707e-04
3.098663899146233795e-04 6.787045220152849306e-03
-2.128224106803209680e-03 8.250225155831003186e-04
-1.049199910558008125e-03 5.450842095281408645e-03
2.520921667454172413e-03 4.182749652561243252e-04
2.430650541977844893e-04 -3.712266070667537450e-03
-5.742810748644218768e-03 5.755008662482878276e-03
6.198605493331214899e-04 2.217154234458253853e-03
5.306840458054937031e-03 -1.364244053791660062e-02
4.036897938861940677e-03 -4.886818664107718275e-04
-3.106250925659316195e-03 -5.913479866159765570e-03
9.282589926030147473e-03 -3.246449286488565719e-03
-5.210432934303072493e-03 -1.276711647586196985e-02
1.005994314577305163e-02 -1.554152328578919549e-03
-6.684608700608851185e-03 -1.153587449387061953e-02
1.181514436294725003e-03 2.493265381129464511e-03
1.113242691037355861e-02 5.798046690730602332e-03
-9.593958800043073110e-03 4.126371539856606672e-03
-9.960056078694457318e-03 5.350512614085000708e-03
-1.247011892008211865e-02 8.067313723509330139e-03
-9.099187080076679562e-03 -2.004409809567543610e-03
-7.979483408305397193e-03 1.209549934417926235e-02
-5.845875882033506289e-04 1.037048991623161498e-02
4.318045077943186150e-03 -1.505934431092111015e-03
-7.942501770438143219e-03 6.520725518263656602e-03
6.953730313597882452e-05 -4.272859147021771872e-03
4.320500772850473519e-04 -4.159387651294497133e-03
1.144937687716028260e-02 -2.166455448200065893e-03
1.703883231073689917e-03 -6.874687832908933649e-03
-1.170105286141907321e-03 1.248363393870800808e-02
-9.679350317212778373e-03 1.104187676489940852e-02
-2.018489468481282894e-03 -1.302828344143648273e-02
9.345185118783653697e-03 -3.533650467494381473e-03
4.682880689131719947e-03 -1.032211363954056238e-03
-9.252299669262069662e-03 1.002113708435015821e-02
-1.352903409760352303e-02 -2.948659246387986144e-03
-8.547367330374295788e-03 -3.720930932537812059e-03
-3.415286905230287880e-03 1.017144571070674117e-02
5.684877189013478552e-04 -7.786278998878958489e-03
-4.523054384485763850e-03 3.847021457032739292e-03
-7.817860465280474999e-03 7.452787392865612218e-03
-1.474719931619909198e-02 -2.369178895627677920e-03
-4.284661882893247599e-03 2.238952471093413627e-03
1.020256647681224739e-02 -4.519616712007780597e-03
2.435930246414623294e-03 -7.204944629033695376e-03
-3.171347379502623912e-03 -7.179517023703733264e-03
3.780090377710154225e-03 -3.867010585177170761e-03
3.898175300971991070e-03 1.047748558162093190e-02
7.081646225982586411e-03 4.334568240510452281e-03
1.419195554307471066e-03 -1.463342706769315237e-02
-5.829797064870662938e-03 1.228085314096832859e-02
-5.858714858967431147e-03 -2.743299333893241872e-04
1.300528585474449578e-02 -2.430643456352245182e-03
8.510383979725574810e-03 -1.667870664132977245e-03
2.744685631075126364e-03 -2.197898357547429377e-03
-2.226949329566607714e-03 -7.908184459971131022e-03
-3.201390520034994806e-03 7.014784784433683411e-03
3.333260112541569595e-03 -9.001199589556255903e-03
2.188451882475286967e-03 -1.442141489938514320e-02
