-7.465659954326662323e-04 -1.015591646354250394e-02
4.623105350693086299e-03 5.380464377392377498e-03
2.623231285875608082e-03 -1.463860162791564071e-02
-6.585331866570616303e-03 -6.308993914019253232e-03
1.170516870266968823e-02 1.140844267218845375e-03
4.840129981326002535e-03 7.455410234444874093e-03
2.301581942023406355e-03 8.458293005337381987e-03
-1.261386871646102926e-03 3.836848076226122110e-03
-1.438321089037349976e-03 -6.194614151264283197e-04
-1.764711984322217021e-04 -6.479302270779757275e-03
-1.212419387727603015e-03 -4.933562529071398514e-03
4.294223532051601351e-03 6.083555231668640907e-03
-7.393654048224023237e-03 -5.812390198117250648e-03
1.718363193264209419e-03 -2.670155039699758249e-03
4.596394428217917029e-03 -7.500210547728061901e-03
1.259071776853697535e-04 6.278115820912198806e-04
4.246309855557748973e-03 -5.489559277334131546e-04
-1.532088886238467621e-03 -1.285575219373507813e-03
-1.081229104394635342e-02 -3.916230634294715421e-03
-3.202410633504159439e-03 -3.339845226117317285e-03
4.460027800520175410e-03 1.080793923463862528e-02
-1.403839398958632015e-03 -8.234366762508642940e-03
-2.691605647451786321e-03 1.316149348582466329e-02
8.596632947969227306e-03 -1.219093866875946655e-04
-6.123326912971862072e-04 -1.313914463576052773e-02
-3.484671572867740607e-03 -5.702226450730492335e-03
-2.228199236453174900e-03 -6.089450907860204272e-03
-1.142451187336541996e-02 6.177488285703729848e-03
7.212003825670699163e-03 1.195399199917011532e-02
-4.620658459038693051e-04 -2.944328077812164227e-03
1.825926566051143526e-03 -7.225053140517675131e-03
7.545523527964066723e-03 -6.565354486669979298e-03
8.186722211767452975e-03 -7.249389150599558178e-03
6.892304051329714056e-03 2.900341271399389364e-03
3.284559993714253941e-03 -1.050938796571536035e-02
-6.022837922802328978e-03 1.291981668883571133e-02
-7.840145821745974838e-03 3.687246867409413754e-03
-1.172207061781446692e-03 3.391027932133356630e-03
1.138988215769603726e-02 9.635798575766262031e-03
-8.268616277866527864e-03 -6.967764259348766843e-03
3.822566126244670431e-03 -9.515169171871609363e-03
8.882788932530116463e-03 9.373714330124901378e-03
5.379138063791366392e-04 4.418113883137366610e-03
4.422030146935099909e-03 2.001797800854469313e-04
1.427875317363308267e-03 1.740865532895229106e-03
4.853406289672093817e-03 4.669617884045137155e-04
-4.812063099361848714e-03 -3.148954750587878559e-03
-1.001101444056491131e-03 1.407464169605043836e-02
-5.771437975062788245e-03 -1.315822425037739551e-02
9.924050512969660037e-03 -4.498332962405099909e-03
-9.883229583513140903e-03 -6.960203950064225084e-03
-9.383766038582984012e-03 1.027420651629271965e-02
-1.423723955107377218e-02 -3.587022896122123270e-04
-2.433982652072614987e-03 -8.017647242329088361e-03
-5.475430014667728718e-03 -8.556884659226115381e-03
9.702511296682529056e-04 -3.471995844037287400e-03
-1.456729193483461034e-02 -1.002518444858925290e-03
3.411529818996401463e-03 -6.609193377038675640e-03
-1.103497083660828597e-02 -7.441585392138340589e-03
6.953503477200382709e-04 1.212493136200206746e-02
1.150870427748102581e-02 9.503282975297606613e-03
-6.263078016428962405e-03 -6.744876518168757377e-03
2.853417992232088612e-03 6.430670371896371647e-03
7.736571503082108336e-03 -3.667790491990600477e-04
-9.750309801313880240e-03 5.300239978542742487e-03
-6.791118890951363535e-03 2.709023516549617823e-03
1.173486310515452907e-02 5.175177391591980619e-03
4.100364736928592373e-03 -6.098767687970075603e-03
-6.842327466385792010e-04 2.312241401165196150e-03
-8.290131591155642729e-03 4.847508719993700449e-03
-9.807069049120674398e-03 1.867203812928990622e-03
