1.168545112364968025e-03 -8.548947439327155701e-03
-6.249089803635974813e-03 4.024782804833798751e-03
1.357674078455790682e-02 -1.400753250544584452e-03
2.960143847720550156e-03 1.436306194377788385e-02
1.279399600750977077e-02 -4.668368682934729598e-03
5.098171063120001713e-03 3.103006898344043418e-03
-2.884593210832689381e-03 1.104138581892017811e-03
1.210362997078352418e-02 -1.200891972799134587e-03
2.924220605114762929e-03 -1.462509436764184139e-03
-5.287911554333968658e-05 4.263473208446357660e-03
7.277549979134324311e-03 -5.250453913824029012e-03
1.058824141847600209e-02 1.383606305324601438e-04
-5.702385085947970014e-03 1.270758845460374063e-02
-4.783131754204616656e-03 1.347893358622807500e-02
3.819748608089736531e-03 -5.018916274554712301e-03
3.503527722247188475e-03 5.159001211421330828e-03
-6.935081189776994524e-03 9.976204132394490137e-03
-1.377050310538283084e-02 5.676552142333015673e-03
-2.173950458005238784e-03 -4.565516335108227124e-03
-1.702125878296154634e-03 7.317975641831144656e-03
-1.418642758180953603e-02 4.039522426262221085e-03
1.115751655292080737e-02 5.942415992098806256e-03
4.155026131047309321e-04 1.446505413182656852e-02
1.270296275607771773e-02 -5.355507350145702165e-03
1.281836512867052386e-03 -1.143415148805107528e-02
-5.731669831019364433e-03 -6.901874142453873033e-03
-1.497819966710545875e-03 8.982713135340318188e-04
3.262957353545339195e-03 4.940156083467433720e-03
-9.176400479316334374e-03 4.569529987542257296e-03
2.068190241633142013e-03 3.050145654997437564e-03
1.048069273043050059e-02 3.097813082921105354e-03
9.002524517740461210e-03 -6.505258839712944885e-03
-1.294877743243870276e-02 3.355036789398080908e-04
-5.664778950662493692e-03 -6.554311113946131341e-03
-6.607686670031033029e-03 3.345820683554586415e-03
3.618676061610892527e-03 -1.427595296690792152e-02
-3.582726045583257708e-03 7.220379295371967196e-03
1.926120685551701260e-03 1.444119493363974979e-02
1.381821712717336802e-02 2.220668672843497359e-03
-8.549555963547593191e-04 5.922062219134254651e-03
-6.598765778023058665e-03 -3.676296747287434961e-03
-2.816506779217675931e-03 8.184981979267572441e-03
-9.055681397353305528e-04 7.721960488187858129e-03
-8.350104560756126115e-03 7.782383998742790215e-03
1.186982191295743623e-02 -4.058638449049968913e-03
3.825890488330292195e-03 2.954999816820853397e-03
-1.227095657402692622e-02 2.955892798711524765e-03
-1.003556219035203409e-02 -1.018846442583933379e-02
3.493288201581248430e-03 1.333797597784982386e-03
3.176577624160724280e-03 1.203502972891586781e-02
1.072885942176488548e-02 5.339876181333344518e-03
-1.168795918768456704e-02 2.638708805990166995e-03
-7.815135239897061381e-03 1.068229657152358798e-02
9.173256183701593292e-03 -9.589852441885511961e-04
-5.583138484014397648e-03 6.357437667231137166e-03
8.161774240846148692e-03 1.224096130689431754e-03
7.825799314838590565e-03 -1.270807624137927855e-03
4.513742591973889454e-03 -7.918317684326893133e-03
1.927511899995506097e-03 3.701586837398458500e-03
-8.355877410968480003e-04 -7.613411915156552585e-03
1.074850352945702463e-02 -4.850317268690172582e-04
-1.040420053053514073e-02 -1.023657519519715654e-02
-2.962739029064092536e-03 -3.535850869500459150e-03
6.172127879419309418e-03 -6.410635502376009313e-03
1.023270148460755057e-02 7.041827698695934945e-03
6.619717120873890547e-03 1.259372757778761363e-02
3.350142474848365887e-03 2.860733430786106726e-03
5.391065380653615839e-03 6.827429080563278581e-03
1.377688452954252624e-03 1.491755119425310604e-02
4.492023797831386938e-04 4.928690550403618843e-03
3.910375481462673121e-04 -9.468838680340424876e-03
