-1.133665948974555901e-02 -2.202305976367955123e-03
-1.170390741529512592e-02 4.147113600348118455e-03
-5.775828107982673796e-04 -3.356545560046438753e-03
5.704300464563858558e-04 1.301055761918480311e-02
8.093695424041846484e-03 3.266817163976538929e-03
-7.612195505240613655e-03 9.538578488957035265e-03
-7.392855779809847164e-03 1.498560448875778470e-03
-5.910069626944459455e-03 2.220602847125890175e-03
-1.343585757927768382e-02 1.388427567201370311e-03
-2.897717162589508871e-03 -6.347695270381915195e-03
-4.049561941024894425e-03 4.826079991649199867e-03
-8.733992110374483309e-04 -6.737742486780449840e-03
9.032299433965849944e-03 5.881969647590854118e-03
-1.094335473296346659e-03 -1.331962574068274938e-02
1.365771987945621317e-02 1.147470127850158672e-03
-7.130375580593963526e-05 -1.626319702398039673e-03
4.098736904893308247e-03 7.094389035319817807e-03
-3.876874604716139781e-03 -4.558491340269431140e-03
6.037701110962056736e-03 1.672173823103944267e-03
5.881841878086845705e-04 2.324636771887279992e-04
8.271555679350573939e-03 3.677141096475354271e-03
-7.938762229084250083e-03 1.267054460995461519e-04
-2.726211403206775345e-03 1.102759136824625272e-02
-1.757655338091703399e-03 1.236246932099284088e-02
3.454352758378773786e-03 -6.761467815547687714e-03
1.142916599957211413e-02 -2.419538086951928887e-03
-1.261693402061464866e-02 -2.232258031560165057e-03
2.762134645815065778e-03 4.797980012295594530e-03
-5.005664553293446596e-03 -7.724850961663927429e-03
-2.201379938455128276e-04 7.290673930889080131e-04
-1.358031716672952749e-02 6.227759280113197640e-03
-5.415317986891752785e-04 1.112089614648865141e-03
-9.423081615957216040e-05 1.356878975179447340e-03
6.228940857039216156e-03 -1.317954080381727143e-02
-4.789773440523269980e-04 -2.229479917802148874e-03
3.589009237235166617e-03 -1.165766998606951842e-03
-3.475427742893583138e-03 1.652695375418628942e-03
-1.450394514905810686e-02 2.972469531063766032e-03
6.037701110962056736e-03 1.672173823103944267e-03
3.929753720259479902e-03 2.950181318230734803e-04
-1.245762617507046449e-02 3.645209195942158281e-03
-1.258273508433507392e-03 1.032834826084717394e-03
-1.451097014389804429e-02 1.269545384354225058e-03
-5.240778574734383972e-03 -6.355646303139904189e-03
2.351140214409373763e-04 -1.369204658524023240e-03
-6.647886321204039047e-04 -2.967424381572320805e-04
-7.437783862597701495e-03 3.418972245177480471e-03
2.111523772874197499e-03 -3.449850338287741534e-03
5.098969331534747643e-03 1.041395754533639209e-02
-1.683445699024443791e-03 -9.506103859018202179e-03
4.016033503662204407e-03 1.281200568787139917e-03
1.329577264241949691e-03 5.934848763131034873e-04
3.904304085159444535e-03 -7.297698925731082968e-03
-4.281897848708957066e-03 -5.942672026387737019e-03
-7.590864981715333276e-03 -8.066521482606510418e-03
-1.435335495324327926e-04 7.933461540585540032e-04
1.098796397396440035e-02 3.084582258081443578e-03
8.364062189178489079e-03 -9.447029668433882914e-04
5.482917591012756442e-03 6.689365791325639632e-03
5.705578159608317443e-04 1.653621413336679637e-03
7.682573223127141596e-03 -3.866273227705722699e-03
-3.927103376007270823e-03 -1.076038602538412258e-03
-1.184558888899145748e-02 -3.151511363302156657e-03
7.986468425631917121e-04 -1.418507391895742261e-03
1.280274530867728331e-03 2.995205519106805200e-05
-6.022341774860585049e-04 -3.638311970608027086e-03
1.076795374962333240e-02 -7.543286554677772204e-03
-6.207865872519620267e-04 1.828831324394339028e-03
-3.038952025004740612e-04 1.031880069125762703e-02
6.395273697421977738e-03 -5.599149429606550300e-03
-6.790621602323789960e-03 5.136872419483805990e-03
8.726009426213407515e-04 -5.732081602130411485e-04
-3.804996468121935038e-04 1.025452193028912259e-02
-4.235756537600819140e-04 4.082962608882918787e-03
4.447560190180275749e-03 -5.144823452240652670e-03
-1.254470422688929755e-02 -4.651923888015398710e-03
5.608952538202001577e-03 -4.039758832430583729e-03
1.928362829059690779e-03 -2.298133329357021203e-03
-5.488218279517394910e-03 -5.127324849897464849e-03
-2.478643928920460076e-03 -1.557666290842948985e-03
1.188821828460025036e-04 -1.075112564619000672e-03
3.029691645810629087e-04 -6.272815132404354135e-03
-1.655345719666536774e-04 -2.694407272172316052e-04
6.117881937446757734e-03 -3.090553445495021305e-03
-4.048635903105482839e-03 7.800944327959271913e-04
-2.290150645204106633e-04 7.118114364086837106e-03
4.059492819122288709e-04 -2.661804872734967013e-03
-2.009341923956636019e-03 -2.500900490365810152e-04
-6.849375787171619115e-04 -9.451500437140705410e-03
1.507437519550676496e-03 1.003808808811919263e-03
2.802815847519855245e-03 -1.096331260727660684e-02
8.012971868154011162e-04 -2.199527862611081255e-03
1.163116654355884428e-03 4.370029707949144721e-03
-1.440706398864632573e-02 8.345700851689792643e-04
-5.792113482016508080e-03 5.191475841361304494e-03
3.235939070867419748e-03 -2.767435334319702945e-03
3.195385638666153189e-03 1.636921079408238397e-03
7.986468425631917121e-04 -1.418507391895742261e-03
6.728865416103049259e-03 5.515647759960698795e-03
-1.265298503272303809e-03 -6.700893206261834953e-04
3.274927617630471466e-04 5.365887484004216654e-03
-4.280173542376159573e-03 -2.677706938249803121e-03
2.669628135988509794e-03 9.419824075615479408e-03
-4.368975900525287788e-03 -1.423980511034551345e-02
-1.471514276944888185e-03 1.482176257173014808e-02
-1.165023003133703987e-02 7.194591038894109468e-03
-1.289074939841824627e-02 -4.550668077017247515e-03
4.728783871343030572e-04 -3.519429787760883135e-03
8.094621461959897180e-03 -7.791683948778758452e-04
-1.990119015280431697e-03 1.295065350880152469e-02
-2.446615910261362020e-04 -1.090963522331852079e-02
6.005098711518997963e-04 3.733468824689513605e-04
-2.230278186216896105e-03 -6.831973302940021892e-03
1.495827112642514507e-02 -1.024756023823424934e-03
-7.296772887811671382e-03 -7.950289644012717427e-03
1.149159268470315541e-02 5.595828586444039771e-03
6.934953420271188287e-03 1.380732073452491885e-03
4.982865262444259417e-03 -6.488865666067094619e-04
2.765934915604732064e-04 -9.819546631103875933e-03
-4.032733837590646297e-03 -3.906028391492461036e-03
-3.830222215599571279e-04 -3.213938048436624237e-04
-3.836448942019319436e-03 2.394088451850752072e-03
1.829757362313750831e-03 -3.425198971601310649e-03
-1.691524501285736684e-03 4.193893758973434201e-03
3.610211991253279868e-03 -7.413930764324657384e-03
-7.563691040289085427e-04 2.791160663082373726e-04
-9.113022989865055944e-04 -3.114406543767846841e-03
-5.863417237824949946e-03 3.565156138963483830e-03
-1.159907522212535666e-02 -3.338472576915425469e-04
-1.529566311490703889e-03 9.290340515759276663e-03
2.497866837596665265e-03 1.475840984868105610e-02
1.503861137379055614e-03 5.830814838380531800e-03
-3.036876061536934821e-03 -3.070404498900765854e-03
1.319901925149801879e-03 -3.284187996810979506e-04
-1.399156713715091508e-03 1.045160509426790738e-03
2.329937460385551971e-03 -7.443882819515725002e-03
5.821139499289525003e-03 -2.425764813374618051e-03
5.217979283885416236e-03 -2.018091225128230363e-03
2.446615910261362020e-04 1.090963522331852079e-02
3.658460917203643862e-03 8.552523821498776366e-03
1.616644363307034177e-03 -9.932074318015017469e-04
6.897848600736877604e-03 1.231501866345744399e-02
-2.527818892788874332e-03 -1.347813531781196644e-02
-2.184551835014295843e-03 -1.441434452249374569e-03
3.188360643827356771e-03 -6.600306730266260018e-05
-8.679229267596960326e-03 -4.280301311879463472e-03
-1.525063891399671204e-03 4.173489273373930759e-04
1.582189888024933006e-03 9.160058687488110279e-03
-5.346664575326870450e-03 1.352823631959979359e-02
9.540302795291192781e-03 1.087716059337968943e-02
-7.562765002363087963e-03 -1.254824895767692964e-03
8.458293005338061998e-03 -2.301581942022835198e-03
3.994032481227984335e-03 2.184136875113542545e-04
1.128298210578747296e-02 -8.451714621780367573e-04
-7.713323546734316902e-03 -2.164402888420039958e-03
-4.243739221748287112e-04 -3.227988038109430753e-03
4.204367366479186928e-03 9.924378824273648661e-03
6.490302781996297454e-03 3.549222422063514661e-04
8.639601873316247668e-03 4.638672166752771248e-03
2.764657220571697417e-04 1.537389574742886646e-03
-8.304955759002462592e-03 3.073740471678770847e-03
9.513000155819014564e-03 3.912014142668417886e-04
-1.068217534776395167e-02 4.168452430331990970e-03
5.113086936932449353e-03 -7.039302124471607386e-04
-3.410846927639183714e-03 -2.192510521571845120e-03
5.853295145517739030e-04 6.589564607724210160e-04
1.424114354583055041e-02 1.281330895376664751e-03
5.522416512159989375e-03 -4.289764643194273613e-03
8.716593661609066054e-03 -1.083582523729752570e-02
2.996901825971527451e-03 8.172386052757484379e-03
8.467778706653675269e-03 1.107843114913597236e-02
-8.975667385573348964e-03 -1.183937871183410708e-03
6.383234511766672226e-03 -1.267856393183750159e-02
9.898125268457661288e-03 -1.659980626859643323e-03
-1.371301140780152757e-02 2.569514055001875189e-03
-1.000030920166592764e-02 -2.745320395781537196e-03
9.701049006357565299e-03 4.399620829721479810e-03
-9.667390300750288920e-03 9.605621328160538624e-03
-5.118874295210391542e-03 -1.019167262670618926e-02
1.056997885038380228e-02 1.042305673443226846e-02
-2.819035961207887707e-03 2.476495666224418947e-03
3.589669069456085716e-04 1.241256021745851907e-03
2.080841674380125468e-03 -1.004397392665737875e-02
-6.520404535256994153e-04 5.447798161191163072e-03
1.414429429102765506e-02 -2.446952077282239704e-03
2.259342853225510331e-03 -4.627739237727615008e-03
6.392312444332285196e-03 1.292000105694492140e-02
-7.696363422366203980e-03 -1.036168854421683563e-02
-1.688683703393610786e-03 -4.866968627973370515e-03
-1.391663205906911241e-02 -3.107953188127251729e-03
1.311107259135401576e-02 -6.125888746242444914e-03
-1.186360957444713288e-02 -1.061586563257340505e-03
7.828481030819317565e-03 5.704298562494126805e-03
8.960414478859965448e-03 -8.810738352374721883e-04
-2.235374283559339245e-03 8.323763233055177235e-03
-6.337832776583771088e-03 -1.147966974223000626e-02
-2.670232783854575680e-03 -6.001303195373693285e-03
-5.795061607211162216e-03 -9.957425764383246586e-03
1.270201971319981187e-02 1.341935135748172298e-03
2.802447340855526974e-03 -5.839271360923846410e-03
9.629463705859993283e-03 -7.994860445477309238e-04
-5.505162360003985900e-03 1.213844847289025346e-03
7.741472997117297694e-03 8.406873842099123542e-03
8.289323782863344814e-03 -4.141072650336532872e-03
-9.893019219270373851e-03 -9.201803306667881779e-03
3.760586456677304703e-03 4.960242097212993855e-03
7.757423460459306370e-03 -9.012466404413126478e-03
-1.452221038111983038e-03 4.675563336851359941e-03
8.933475639933992699e-03 9.188699717577672454e-03
-7.485070089402437628e-03 -5.982371031640766612e-03
1.141385635523655198e-02 9.311520755613079264e-03
