6.363932585351901594e-03 1.750103439542338973e-03
-1.987340901522986238e-03 8.126968322398849844e-04
-4.753387178964252682e-03 -8.492220576908014393e-03
-5.931144611459268808e-03 -2.888169593003168164e-03
-6.609647983801896463e-03 2.743183101840537038e-03
7.574627666745917601e-03 3.418700880473981695e-03
5.199554643623386686e-03 -7.907884135973307707e-03
7.878985888204846286e-03 -8.923092590210172925e-03
-6.433049015865799705e-03 -2.134450833227150013e-03
-1.003657126173679477e-02 -2.351539348612970235e-03
1.017825273543176458e-02 9.650164312262102598e-03
5.227191604016606652e-03 9.268052302927173511e-04
-1.486887797981061368e-02 -7.930747893557365397e-04
4.194692027387610274e-03 9.002475148278765368e-03
-8.593492213606458794e-04 -3.331894193360470172e-03
-2.844167548140169631e-04 8.056718374006272389e-04
2.950261028679629881e-03 -7.249721364484217750e-03
-1.228149022609475310e-02 7.905680403005373863e-04
-3.359068134794906024e-04 -9.998332924328152613e-04
-1.462509436764754863e-03 -2.924220605114082484e-03
2.901756563720155752e-03 -5.023035386139038626e-04
6.751989368497437333e-05 -1.423755390030056675e-02
1.246410844051249345e-03 -3.196710810791687004e-03
9.255550791022026935e-03 2.348889004360079844e-03
-1.028493700443978802e-02 2.922767663483422877e-03
5.296691343044147848e-04 -3.275965599355615959e-03
-4.715148841560044476e-03 -2.781613093500381103e-03
1.226597146909641414e-03 -3.017525383354923395e-03
-4.026762650176496545e-03 1.319981751991801573e-02
1.232568334321514449e-05 1.408832052802233884e-04
5.660570366372139409e-03 -1.359118990844276377e-02
1.131604752419034660e-02 -4.929459243188991265e-03
-7.109780022820295139e-04 -3.664288509420671799e-03
-8.946019650561326314e-04 -4.895787210620640689e-04
-1.184777621428407049e-02 -4.393483672014706146e-03
8.362337882844902287e-03 -4.209668054983144517e-03
6.358168877887667922e-03 5.335137160398402238e-03
-7.856394077307725377e-03 -3.394049513788693559e-03
2.956359985599014712e-03 -1.500811658920043860e-03
2.940920939043775110e-03 1.162318385940456968e-03
1.713397754215511409e-03 8.225829328150476016e-03
3.403197949167089710e-03 7.669704810379651683e-04
2.163013831541031867e-03 -1.644345208453156610e-03
-1.097113587052650670e-03 -1.181669064122468395e-03
-6.453788750926248499e-03 2.090720153062206044e-03
-2.745897330844507787e-03 -1.501594101644264812e-04
-7.590194482805470060e-04 1.060136537022895922e-03
-4.103239324984341366e-03 1.778602553102066972e-03
-3.849109874817114446e-03 -7.080738179850388538e-03
-1.163116654355313487e-03 -4.370029707949824732e-03
2.574136032453233983e-03 5.488745183229323810e-03
-3.402734930208064796e-03 -2.789963260465172339e-03
-8.818515936048831189e-03 1.035392566544980977e-02
7.630157126542826823e-03 -1.625792798686572643e-03
-8.897642955107392792e-04 -2.862688306553429077e-05
-1.315753978138441138e-02 -5.166153975764573893e-03
-2.510783309404141135e-03 -1.519364068687769709e-03
-2.539809326676368759e-03 -4.285075096672634476e-03
-5.586488496808755290e-03 3.079552934279162005e-03
-1.282924875121298301e-03 7.510684155231289521e-04
1.384515935574027329e-03 8.928920182426738558e-03
1.621482032852427421e-03 -5.322555938049720230e-04
1.342828985504005562e-03 -3.311617477259265734e-03
-3.485230851487892967e-03 1.208772790526982908e-02
7.708485877188705516e-03 1.703451050421007137e-03
3.391335284783470773e-03 -1.396905503670146107e-03
4.703749196136811778e-03 -1.405255670633795678e-03
-9.544805215380865876e-03 -2.004169004956662774e-03
6.622436686104926119e-03 -4.625292675985698439e-03
1.200556723344774028e-03 2.769686544365110217e-03
5.710208349198570921e-04 -3.693713660905277498e-04
-5.212678595380777768e-03 4.560502837000555802e-04
5.203466275248798054e-03 -3.400946739122824754e-03
5.671842242292068209e-03 1.952615061538176674e-03
2.094232650481494748e-03 7.305250824280446961e-03
-2.962794191968458422e-04 -1.358204147305661601e-03
-9.710339787348878926e-03 -2.273609732175036965e-03
-4.282360867668772580e-03 -3.919679246962352176e-03
1.265795047177493970e-02 -4.195091161594983672e-03
-1.906361806625470057e-03 3.360920210632806649e-03
7.318310891286866973e-03 1.103606930471571178e-02
7.706746327074479042e-05 -1.958714018458703170e-03
-5.884156972884037849e-03 7.790327125253981334e-03
-1.123494065978895493e-02 -3.879253584265531397e-03
-3.546268479740497317e-03 -1.996617106406618335e-03
-1.280945029779826522e-04 -1.869783890803768719e-03
1.969714529674562471e-03 6.084609039087470177e-04
-4.368177632111110847e-03 -6.928854463352483901e-03
9.816896286851667722e-03 1.057613962275812634e-03
-9.053965206944347699e-03 2.389186897552916713e-03
7.867330703772504319e-03 9.603911057349395763e-03
4.604249342858518848e-04 7.696623212805195000e-03
8.307862230474437120e-04 -1.456809614051601982e-03
-1.607432043175624752e-03 3.938103887224951583e-03
8.128820398232887781e-03 1.178143789752625695e-02
1.411019378097920279e-03 1.118715475279497993e-03
-2.913619228104345413e-03 -1.661572446093526750e-03
3.205523996716184466e-03 5.358319759765930133e-04
1.679071048438646619e-03 7.022159241593786683e-03
-3.338472576915425469e-04 1.159907522212535666e-02
-6.174544915112203589e-03 -8.509846948755868737e-03
-3.809610250039704819e-03 3.917827171123067567e-03
-1.118437663904210330e-02 1.972237104423005781e-03
4.273148547536791998e-03 9.747827915395823519e-04
-1.020866780958321757e-02 -6.346897001968310713e-03
-1.881263828651356940e-04 1.204770137678049316e-02
1.943466626159779873e-03 -1.429520680063775875e-02
2.424838775456566922e-03 9.867125058143940211e-03
-4.771013550812676016e-03 -7.071062840759382608e-03
1.865936143928648844e-03 -1.031350000275298856e-02
5.877004208540796519e-03 1.863684933883242656e-03
1.754749454830954042e-03 1.113242356141556227e-02
-4.638544397248325034e-03 -2.717334332531876669e-03
2.193764155146846716e-03 4.386330907671463948e-03
-6.796720559243174357e-03 -6.120372860803678997e-04
8.983124470096864531e-03 -6.038499379377482677e-03
4.808916638761162772e-03 3.447726897747460488e-03
-9.181133672002919632e-03 -3.526582552104124899e-03
-2.237430950559567144e-03 2.822038756196521003e-03
-4.048172884146456624e-03 -1.242898346631280196e-03
1.344553291836232331e-03 -4.665238912065117378e-05
-7.509885886818387819e-03 -5.518298104212907874e-03
9.373427225508019307e-04 -2.672805383951506325e-03
-1.105064619810068724e-03 1.161392348021725611e-03
5.738771347513571888e-03 1.094990146512940781e-03
9.432485008413274419e-03 6.805198495712629948e-03
-2.866040801072009653e-04 -4.363004713112413166e-04
7.939225248043274563e-03 -2.149698225526753322e-03
-7.848443044550878697e-03 -5.737110925932206902e-03
3.126269208151465778e-03 1.252573685721605681e-03
2.825152119408436309e-03 -5.665822995824080794e-04
2.301246692569616954e-03 -8.756504210817135040e-04
1.323069561302838565e-02 -1.299497439545755847e-03
6.128355544951149137e-04 5.142300877491747489e-04
-1.960502209543942779e-03 2.336435551512880925e-03
4.474271112655444152e-03 7.735851472879786729e-03
4.372217033241757728e-03 7.885565435666484421e-05
-2.299522386235458137e-03 4.140615509220789935e-03
4.219471163577345058e-03 -2.072694647007550760e-03
-6.846821561031000633e-03 -8.486520754196112681e-03
-4.150689982519168396e-03 -6.876901385727195344e-03
-8.802023082069733786e-03 -7.712126144112087418e-03
-5.090683049322180381e-03 -3.423075531060349591e-03
-4.064873218075469238e-03 -3.867726169335921303e-03
4.772530377201002292e-04 -1.035485170336465470e-03
7.955334793511670104e-04 1.385505858244981793e-03
-1.990789514190732714e-03 -5.717233344038947021e-03
-9.002347378774210734e-03 -7.162244178459262894e-03
-5.270267610965636076e-03 -7.098364551697560268e-03
-3.316790396260490582e-03 -1.113772424992134219e-02
-2.694407272178025461e-04 1.655345719673340685e-04
-9.925177092688614033e-03 -3.106583280515664517e-03
5.886679547631801582e-03 2.785588609878804876e-03
-1.863158030171204252e-03 -1.824456673808651360e-03
-2.055531294118262062e-03 -3.617636120300020408e-03
-5.794763826270078917e-03 5.972496312075501607e-03
8.620251195133665084e-03 2.794864814762327253e-03
1.260125584272330564e-03 -9.124805943791263613e-03
-8.394349493823918124e-03 -7.108965928707297773e-03
8.008804697516986454e-03 -3.788343611267327559e-03
1.951289889413323087e-03 -5.281332006934508216e-03
2.605477144523310126e-03 -1.860507685919565463e-03
4.474734131614469500e-03 5.712858693452579559e-03
2.693481234260193449e-03 2.390639839183576754e-03
-2.774923348116735411e-03 -2.915870438149290814e-03
-1.159297626520596966e-02 5.415062447872631343e-03
-1.853945710040584560e-03 1.120439781612976148e-03
-6.824150039688276718e-04 1.124415297991399922e-03
8.842241264816639787e-03 -6.026173696034268536e-03
8.844763839564975111e-03 4.549742039097836796e-03
7.023420528967668115e-03 3.608886819127746053e-03
-1.230302822956859041e-02 -2.295211620401312914e-03
-1.412408434976357647e-03 4.950262863000981853e-03
-7.965600921063293108e-03 -1.397033273173449788e-03
8.488245060530271932e-03 -3.581856472891924419e-03
-6.877236635181665191e-03 -5.183253443900496735e-03
-3.476226011307187620e-03 -5.658255271575081055e-03
2.626552129038119045e-03 3.248264754209492441e-03
1.142744169323988909e-02 -5.684503175090543231e-03
4.139003146696471416e-04 -5.004866284879161235e-03
3.355619522127597891e-03 3.468402748054325285e-03
3.320366778432110380e-03 6.310718220352730737e-03
-9.334470330131594898e-03 7.701796131805168678e-03
-3.910738291532619634e-03 -7.785154206252186196e-03
-1.092852288254071713e-02 -3.622138540390373081e-03
-1.212419387727603015e-03 -4.933562529071398514e-03
1.199257105119106576e-02 8.888095385523115538e-03
1.699092225524508493e-04 2.753385344641649107e-03
3.231181111772499746e-04 2.881942866579799423e-03
-5.602390562323020240e-03 7.765675758566870437e-03
-1.010476165433206973e-02 -6.781872301152875628e-03
4.398129687306395253e-04 5.648579932482495876e-04
-3.872499954129771885e-03 -2.074546722845693920e-03
1.525526910358126044e-03 -2.440341706763920343e-03
-1.799342288163086057e-03 1.219316613056948108e-04
1.297437883757126750e-03 6.317870984696434371e-04
-2.145850478651633447e-03 2.246180251731731779e-03
-1.909012150877679352e-03 4.141940681348145643e-03
-1.773764883557815393e-03 -3.642287486986450860e-03
-5.463231663376384890e-03 4.488384987083898769e-03
-1.055749109487018507e-02 5.892315485592161499e-03
1.201204949887752296e-02 -6.250334683338843594e-04
-9.053502187985323219e-03 3.661941181257091088e-04
1.116536121031524303e-02 5.517898970006106067e-03
-8.545035807700383443e-03 3.338392284486656810e-03
-2.045855955027256565e-03 -2.695732444304458405e-03
9.111745294754745872e-05 1.447134274961276498e-03
8.716749047032897307e-04 3.472777398641373626e-03
-1.210695081391864787e-04 -1.668597440928678839e-04
-4.650407061632514695e-03 -4.881210317239308150e-03
7.829555385327320594e-03 1.870310794514556171e-03
1.619581897950323618e-04 5.096446756785843329e-03
-6.733830855153106858e-03 5.380336607888392721e-03
-1.020117979578539710e-02 -6.666965634684616886e-03
-1.476762216881167579e-02 -4.470296178249628938e-04
5.760772369947791960e-03 2.157777027788726661e-03
-5.699606972190523688e-03 5.696317780421004950e-04
-3.693043161990190379e-03 1.295767850363896065e-02
-4.167981104912441871e-03 3.878199776841674030e-03
-6.940717127735992684e-03 2.204301647404251392e-03
-3.134427720862443699e-04 -1.960039190584236986e-03
4.643845085754104950e-03 1.155293391102341213e-03
7.078486969805551990e-03 5.873859193943993182e-04
7.682317684117373133e-04 1.884759918398051575e-03
-4.505947474180671021e-03 -9.720542030151133744e-03
-2.839665128045625216e-03 -8.162732144115061915e-04
-1.252190493603953965e-02 3.721813640254558603e-03
8.651927556658892821e-03 4.779555372033675135e-03
-5.639958400818507328e-04 2.072295512799606637e-03
1.915701896261325261e-03 -1.177295996105747963e-02
9.510813759059152245e-03 1.013444234482021103e-02
-6.449749349793670221e-04 -4.759278655933151360e-04
1.451627083240132274e-02 -2.831586325783542156e-03
-9.359456946273176509e-03 -1.913913705175514495e-03
9.433139099655216478e-04 1.443304052745829000e-02
4.688900938043902289e-03 -1.212205461104726677e-02
-3.625060249344829767e-03 -3.302868176087671824e-03
-2.479569966837940048e-03 2.488319268010785561e-03
-3.932867083472076086e-03 2.508995118318330803e-03
9.970903443889853404e-03 8.497122131205169307e-03
-9.870573670809753772e-03 -4.105091400821804515e-03
9.590994585541920761e-03 5.371715076220784021e-03
1.960502209543942779e-03 -2.336435551512880925e-03
-1.292911550532633083e-02 1.095660645422560919e-03
4.147947012010742146e-05 -8.450341972580533573e-03
7.563691040289085427e-04 -2.791160663082373726e-04
2.452268255899871241e-03 -1.989065207856573897e-03
-5.369000847216241247e-03 3.131506011903770550e-03
1.054987531156655750e-02 5.784689352971128865e-03
-2.329809690882247639e-03 -3.913053386331038878e-03
4.495473866675489018e-03 1.487687707162542840e-03
9.852484280002304223e-03 7.549241916397643470e-03
-1.036452704245886813e-02 -5.694434053189979285e-03
-5.998073716681343211e-03 -2.030544677977252042e-03
2.273817212126312201e-03 1.098053984491879909e-02
-1.624595396064452447e-03 3.336268843945695752e-03
-1.973961410756484153e-03 -1.444934172718060836e-02
1.262185140060278999e-03 3.474102570766907441e-03
8.696520389990233801e-03 -6.474799850689405903e-03
5.239517287359821661e-03 1.067688435572940360e-03
-7.232158877388016223e-03 1.307049338095800286e-03
2.501570989272160987e-03 -1.425532386734999898e-03
-4.535229030461438056e-03 1.022761935355706586e-02
-3.373708912935047440e-03 -2.425223247848589531e-05
6.511968554975367668e-03 -7.916234302938099376e-03
1.492972569966670611e-04 -4.378379874914616401e-03
-8.928856297674515885e-03 -4.293952167350035057e-03
7.495835897141013560e-03 2.112449810793609085e-03
-2.500181932393724053e-03 -4.643445951545480815e-03
4.671482046147324915e-03 9.989982757368365621e-03
-3.831020484009664898e-03 -1.052488869542622663e-02
3.948178360522080176e-03 6.184811042667470379e-03
1.230567857382216038e-02 1.514191149687115802e-03
-1.154619610658065565e-02 -4.597320466136757891e-03
-1.876409751433830847e-03 2.080645679764398306e-03
-2.186403910853689739e-03 6.650536665457851444e-03
-1.143135332486529959e-02 1.177565778240060278e-03
-7.948437568175254278e-03 -7.951982298960167186e-04
3.084454488575636907e-03 3.689722318825834103e-04
-1.058747480145139433e-03 -6.827997786561597685e-03
7.426543638072561661e-04 5.648979066692020115e-03
-7.078822219259343559e-03 -9.921329345813495459e-03
2.520458648495147065e-03 2.441267744683331929e-03
6.177658278324799773e-03 5.705833698614463587e-03
-5.610102463744909285e-04 1.062521846850450480e-02
1.336455382347117443e-02 -3.014747269598729539e-03
1.018978015036023192e-02 2.480096870549978235e-03
-2.425429563919467325e-03 3.512803927130711285e-03
-2.784135668248715126e-03 -5.860766893572059988e-03
2.732645609581880759e-03 4.055261763737476148e-03
5.373247728297373196e-03 1.070937481136626825e-02
9.400936416393283063e-03 -6.536428267405019511e-03
4.978362842354587189e-03 8.224105021816316766e-03
-1.001158464558920018e-03 7.264170488371600454e-04
1.230508778535052347e-03 1.489412013495559775e-03
5.676679911838251186e-03 2.413566899536528833e-03
-6.934953420271759011e-03 -1.380732073451811440e-03
-1.014047741698794261e-02 -1.916564049428404019e-03
-2.421390162797337395e-04 -3.337194881868775953e-04
-9.346923782972317444e-04 1.891784913237309212e-03
-2.092045325188311017e-03 -6.063278515568578352e-03
2.117622729794152621e-03 2.299059367275752344e-03
-7.993365650961746852e-03 1.125213566406827164e-03
-8.257968708634155774e-03 1.751699976370690685e-03
-2.738872336005711370e-03 1.552764736546474299e-03
-7.972162896941702853e-03 -5.122950199310416508e-03
2.180975452843245902e-03 6.268440481817306661e-03
3.074779149485991868e-03 -5.529314441118369280e-04
1.358986473631665880e-02 6.051080601729808689e-03
9.859972293800698881e-03 7.229173283680656419e-03
7.966862208437855419e-03 6.684991140740413618e-03
1.049662929518393930e-03 -7.473834874707473500e-03
1.221296458404432872e-03 -1.455484441926067950e-03
-1.090446230431775868e-02 1.003955685544540531e-02
-5.865476793613688331e-03 -9.033752375596509551e-03
9.416710712404244982e-03 1.343851141540368041e-04
-7.573701628827866038e-03 -7.464686439328396469e-03
2.856780421872182757e-04 4.482286030165195251e-03
-7.541099229384588473e-03 -9.525981440911464662e-03
3.500877377994979396e-03 5.940021682136669388e-03
-1.092288628445992234e-02 -3.605131201904377032e-03
-1.369462410593543650e-02 5.169828908816893713e-03
1.324509255718770914e-02 -8.533882313501045015e-04
-2.389009269785528650e-03 1.151805559965842461e-03
1.109967354907860811e-03 4.582857445434661454e-03
1.077789700567404613e-02 -1.625751682485089642e-03
1.314232706200153984e-02 3.854602835974626704e-03
1.141864789664379619e-02 -2.730465163894863455e-03
1.349445492246890282e-02 -2.816494988913488540e-03
4.246358641844284743e-03 -1.368181267182462003e-02
1.231830579411951091e-03 9.895323985514582407e-03
1.429047746133850841e-02 -3.272994367264484006e-03
9.745181480474124358e-03 3.031156411371936209e-03
9.315147118489203876e-03 -2.767219612304865246e-03
6.454236360867234880e-03 -8.142333900527739046e-03
-7.885020622785028372e-04 4.237503016703796435e-03
-6.838301793535375185e-03 -9.664948991669511727e-03
1.231827567609425182e-02 -4.234280635132659995e-03
-6.780479481740555280e-03 -1.100425588231121118e-02
1.229792526888374982e-02 7.301880673557011557e-03
-3.615393472159390202e-04 1.402541557641762832e-02
-1.382660543732566749e-02 -5.251211824632346335e-03
5.031334936962474774e-03 3.587794289726563756e-04
-6.283374804524829993e-03 -1.402591550564234735e-03
8.017952091110658146e-04 -6.541562989334644487e-03
1.093117305888034567e-02 -3.651002129981377204e-03
6.217515456774289247e-03 -9.426581188220190368e-04
1.018164077800201919e-02 -4.881428211636818469e-03
-5.899360023887958646e-03 -1.093612448452464109e-02
5.920012204618217005e-03 -3.140101900818645982e-03
-1.244391349236438973e-02 -2.907198485902217386e-04
-6.619845220828688738e-03 2.392967276827218884e-03
7.358256433087724832e-06 3.705328032435147370e-03
-8.072761696129009817e-03 3.275500070755883123e-03
1.101115112501202184e-02 3.573042755831991844e-03
2.449532722945357583e-03 -1.161119550681568441e-02
6.707774763768369411e-03 -1.071861523801667312e-03
4.261973236094750150e-03 -9.480483364741363467e-03
-6.379458509424297194e-03 -7.330708678976721867e-04
7.479957460875007180e-03 2.041401389092867280e-03
-7.767774527568513040e-03 1.173481966129451444e-02
-2.830606883664051488e-03 -2.463479765394450266e-03
6.936867535145161898e-04 -8.212838536596343830e-03
4.213392440059556335e-03 9.683133700297703525e-03
-5.945528931437502919e-03 -1.078936935416785654e-02
-6.024512590498512163e-03 1.235377802435563485e-03
6.344009992273924765e-03 -5.504893502013412029e-03
9.913657547541598197e-03 5.953957208810254850e-03
-5.301893716235216332e-03 -4.043236082327077846e-03
7.957709793704707954e-04 1.811217271160741162e-03
1.341169227637529354e-02 5.750900128893386178e-03
