6.060628171316259985e-03 -1.311024854474223192e-03
5.950495289641850524e-03 4.731976944993612592e-03
9.863548675972319546e-03 2.402167254112044965e-03
2.788973337793537646e-03 6.321718731569270916e-03
-2.426020352387592499e-04 1.689273291240329846e-03
3.848183836897702426e-03 1.112672373870366230e-02
-7.437320843636744533e-03 1.395979465750734304e-03
-1.255265525964671669e-02 -2.308862475871203621e-03
-1.854280959496305576e-03 -8.213503644806580128e-03
3.742090356353940279e-03 1.031972672917567946e-02
-2.820314449863614223e-03 1.027534137579618357e-03
4.699709795004804874e-03 5.444743138360881932e-03
-6.478312348108803895e-03 -9.547982463345684734e-03
-2.148963841864229198e-03 5.050193501873136495e-03
3.919615362209448624e-03 1.396107235254718864e-03
4.702487908761678742e-03 -6.693213538200079062e-03
7.409093094779263707e-03 3.149260153256750253e-03
3.055300701800105385e-03 8.960197409744482741e-03
-7.493983821303551278e-03 -1.020442092850129719e-02
2.318410045457083325e-03 -2.738153778035995554e-04
-5.579614258014060739e-03 -1.043785346062410524e-02
4.400890191019055575e-04 -1.240047760648231231e-02
3.344195553498269247e-03 -3.183840416362919683e-03
8.446147271785227340e-03 -7.772848287382780504e-03
9.748844306899101184e-03 -4.482752116135616319e-03
1.400395947286195474e-03 6.884063461384223089e-04
1.248243922750689452e-03 9.156530812129245328e-03
-1.280640269476900940e-02 3.823011721359955459e-04
1.026557383466769613e-02 4.894734281840291100e-03
1.109988030135455883e-02 -7.129362507828054980e-03
-2.705550791941002935e-03 -9.316952468606842439e-03
-1.465906490648336349e-02 -2.060135937662027281e-03
-1.257939532049962873e-02 -2.724282662716609200e-03
2.305578505806422322e-03 -1.374475250581786573e-02
9.473528394906203381e-03 -8.753996333377272185e-04
7.689921348376788091e-03 -7.543704629343749891e-03
2.474433494522542114e-04 -1.367143023135043191e-02
8.903155066729269082e-03 -8.468966644846233349e-03
-2.076629987285191943e-03 8.446612742217834979e-03
-6.184957276897891376e-03 -1.343260610529965239e-02
5.036002373517898395e-03 -2.199434474542210759e-03
-8.527902297830671982e-03 -9.154089113119653204e-03
-1.076095311256122442e-02 -8.344876501963000015e-03
9.336531636724775679e-03 -4.825726178884551069e-03
5.353568721076493175e-03 9.419083512965262250e-03
1.058261848488723823e-02 -3.313264829987476977e-03
4.405148308920620211e-03 -1.026721114849099732e-02
-1.278908541639888798e-02 -3.324237744351603643e-03
9.250861425887152781e-03 6.810483720043976688e-03
-4.510842301840308865e-04 5.079554413980537364e-03
3.677231823489558434e-04 -1.447052473172340953e-02
-6.559837548802527514e-03 -9.926163757567028640e-04
8.846419618614296404e-03 6.029513809838443934e-03
-8.554444659161934694e-03 6.402256825696105505e-03
9.626066613002734473e-03 -3.659850698978336231e-03
1.870162501322232074e-03 -5.637049051464702171e-03
9.903700035109576361e-03 1.793202151488831767e-04
-4.564295475527379090e-03 -3.831244495214399578e-03
7.117288231758335873e-03 -3.405273660174382502e-03
4.756279245208758222e-03 -9.368120054801747087e-03
1.283982936031142184e-02 7.501961497986041859e-03
1.206785166088105224e-02 -2.692011790504052204e-03
-3.772384497233658915e-03 -1.258333028143443326e-02
-4.999753366568996521e-03 -8.143072031822812945e-03
-9.951693632075538781e-03 -1.819676793872349041e-03
-6.311558337734035282e-03 1.205547337368767687e-02
1.098864075485840065e-02 -6.598183922261894110e-04
1.682999663333415233e-03 1.398871098606244492e-02
-4.649140324566581467e-03 -1.197366203654706435e-03
1.321004781655843452e-02 5.969387227110371785e-03
-3.648975209690312471e-03 -6.334554947127513406e-04
