-3.758790690283742193e-03 -1.294455455188214116e-02
3.478876355560758023e-03 4.877234800860883943e-03
1.121764953739080905e-03 1.463435474682915280e-03
-7.937500941709117047e-03 5.414663313665828669e-03
-8.411177597257594660e-03 1.623142454433682252e-03
2.239155256893725528e-03 4.429263319425546684e-04
1.264372465353463164e-03 4.716074879478776051e-03
-1.407990647633842671e-02 -3.133485857247039937e-03
2.503295295606319370e-03 1.839432701404076099e-03
8.363934419673254433e-03 1.041223323900291459e-02
-2.973986357447438913e-03 2.921969395068675646e-03
2.110262485500995645e-03 -8.737808205853563048e-03
1.452859651574453688e-02 -2.690703120503319147e-03
-3.421622589429689984e-03 -6.656763391882362935e-03
1.481911222747793813e-02 2.252534747660226745e-03
1.169629163199342910e-02 7.529891238215632478e-03
-2.904279138468490208e-03 -1.007361219651820017e-02
5.406057607691926430e-04 2.933895944205087980e-03
1.328656032228044473e-02 2.989952307713926970e-03
2.280890266029311254e-04 -3.072128805233101910e-03
1.374505347027871324e-03 -1.326926919989059733e-03
4.198396179063106429e-03 -7.181467087137289977e-03
-3.381659945691894553e-03 2.318809179665027882e-03
3.943803709936282570e-03 3.700866425243053582e-03
-1.436133763744736969e-03 6.225108935861207353e-04
-1.522876566106487256e-03 1.659321236049261577e-03
-1.347237161034773277e-02 -1.057214828067187633e-03
-1.480934077027354703e-03 -8.814013515958479816e-03
-5.022877129170133167e-05 3.482452737731699111e-03
9.806757928801635577e-03 2.158703065707457801e-03
-4.221323239416738954e-03 1.016466576471477742e-02
1.296735384273053904e-02 4.614946837985071937e-03
-1.318484149232248062e-02 -4.666899915610362229e-03
-6.159696657021224847e-03 2.206951991657141784e-03
-9.182059709922902810e-03 5.194030067498280057e-04
-5.949234002268079247e-03 5.559809225715289099e-04
2.614226445694904036e-03 3.107381548929269433e-03
7.641684541471866626e-03 -8.795860240399378319e-03
-3.029052798283962331e-03 5.943470294803163828e-03
-1.111122080739676901e-02 -4.493414310886179909e-03
-4.019609885833825939e-03 3.545805460781471536e-03
4.127762922165535871e-03 9.860100063304682791e-03
1.109902289356252134e-03 -7.004405100233736681e-04
1.264549701892785094e-02 7.020961838972236344e-03
-2.070044302754090078e-03 -5.000491634292792906e-03
1.028124926043198772e-03 -1.055961453541046612e-02
-8.531784086437756848e-03 -5.667100690863926399e-04
1.125223178218222840e-02 -6.875847578303336677e-03
9.502527476846583249e-03 3.143560330544167662e-03
4.328678007333702088e-03 -4.069710887620972203e-03
1.003265963011002251e-02 -2.155398048238654600e-03
2.842443241801709784e-03 -1.132168346215127637e-02
-1.672509072558304825e-03 -3.296242315456358526e-03
-5.115334416008039675e-03 -3.704841941621477355e-03
-1.206320430809579075e-03 8.153471764916330605e-04
-2.148628592409078907e-03 1.438413692829337495e-02
6.924420001856203266e-05 -1.097258881216081096e-02
-9.196572718558729959e-03 -8.634525072429444920e-04
6.160957944395787159e-03 3.081005875909822913e-03
-8.872528569463430589e-03 -2.027495199517559410e-03
3.677141096475924995e-03 -8.271555679351253951e-03
-1.524137853481049784e-03 -3.628636631517702035e-03
-1.354228630927808985e-03 -8.752512868742306010e-04
-7.983227292911716441e-03 2.412446297518199695e-05
2.119810055086766062e-03 3.541031675988301399e-03
-5.753954855056540472e-04 -2.114573251333889698e-03
-3.372782875016996744e-03 -4.070237791332901103e-03
-7.137561160389040323e-04 8.473668167140287893e-03
8.003839258466928855e-03 7.107640756581764391e-03
1.215512002945035898e-02 6.046131570354492529e-04
-2.866040801072009653e-04 -4.363004713112413166e-04
4.666309127146780512e-03 1.950874929515992832e-04
2.314370644327008036e-03 6.576183431191538406e-03
9.081889357739096266e-04 5.918419793909251124e-03
-7.048534914613912780e-03 -1.867660450262808094e-03
1.797953231284649556e-03 5.947046676974785361e-03
-3.261053456512304390e-03 4.508661703185783652e-03
3.615720159710906177e-03 1.171490792651280755e-02
4.341338940132067822e-03 5.405115744079487528e-03
-5.159543940833331323e-04 -2.652129533643961083e-03
1.376473939791859717e-02 -2.091518421476952841e-03
-5.389149793811639014e-03 -6.023251987078559813e-03
-5.172588182139108148e-03 -1.925313350599998363e-03
-8.107745413718078428e-03 -6.672665457397198609e-03
1.135814943421545819e-04 4.869283768109964922e-04
-9.600797694136801314e-03 5.063317453631098301e-03
-5.219703590218213729e-03 -1.246873863009703752e-03
-1.133792077712069378e-02 -7.490263843934238074e-03
8.766562858422971907e-03 -1.013643801585718644e-02
1.133292368667549333e-03 -5.706631967029210384e-03
2.365860702991910355e-03 8.381688561025661677e-03
-1.307656068648553431e-02 -2.617930597370509913e-03
1.011132363021105020e-02 1.050778922728916320e-02
1.073959823126140536e-02 8.358889270177836256e-03
2.768824391196779856e-03 -2.833039267414202630e-03
-5.772762803835857111e-03 7.035283193351287052e-03
8.443652227197569193e-03 7.672498749830013870e-03
-9.591122355047157141e-03 5.985221129625517555e-03
-9.637183955708198248e-04 -8.739261147486967855e-04
2.338527340671652313e-04 -6.657162526089164742e-03
-1.686479351786782706e-04 2.534572522923492395e-03
5.978595269002612246e-04 1.154367353183609855e-03
3.507439353873388708e-03 9.665938608273635241e-03
-7.458858847111939257e-03 -1.689800194952258312e-03
-1.636793309903792834e-03 -8.161550567181971583e-03
1.805105995628680945e-04 -3.706965382160615653e-04
-4.249647106390900056e-04 1.015194094716407799e-02
-8.545115518144624691e-04 -2.870942355362117795e-03
5.715844287159939363e-03 4.078188824090427794e-03
-1.202874983280596485e-02 -1.999794354371437627e-03
6.439275742290419616e-03 -3.473575667054978541e-03
-4.042744426137373677e-03 -1.416187549390757888e-02
6.674389763726133089e-04 -4.842780325581066969e-04
-8.255446133886392909e-03 1.232761571150347776e-02
-1.600870067296643849e-03 7.664020813361238291e-03
-2.910968883852135900e-03 -2.442592916808865745e-03
-3.526917801559846782e-03 -1.528097544166359938e-04
8.083221816528366431e-04 -4.966037159013218143e-04
7.434542729881230688e-03 1.074197721081136814e-02
4.174415311287548586e-03 1.120465335514205657e-02
6.872398965636843104e-03 4.722301605903287541e-03
-3.003012374719095379e-03 1.562583670831308672e-04
6.099329527679492671e-03 2.376589849506203361e-03
3.922393475966323359e-03 -1.074184944130624104e-02
-4.431195105706413860e-03 -1.564292151474942511e-03
-8.635227222728518448e-03 -2.154727549327892146e-03
3.719754084465359215e-03 -7.700357851852190037e-05
6.159696657021224847e-03 -2.206951991657141784e-03
4.238821841759926774e-03 -2.288872950171067649e-04
-1.245149556676116744e-03 8.484668678357971255e-03
-1.642221767912876215e-03 4.757426580094327971e-03
1.943338856654544360e-03 -2.938270594791456310e-03
1.068903421051455374e-02 2.507398581489298645e-03
-2.915695191558981617e-04 1.045968389653899322e-02
-8.982198432177453812e-03 1.992513820524211086e-03
-3.283852747362061859e-03 -3.865075825084173227e-03
1.485899516077412953e-03 -2.081970851890612567e-03
-1.453297116632203557e-03 2.067585030800678670e-05
8.473604282388635944e-03 6.392224218962285105e-03
5.515519990456034007e-03 4.628070789742573174e-03
1.026731063259136295e-02 -1.501609927334790658e-03
7.512073212111000826e-03 6.760270412925457363e-03
-7.865606397438915792e-03 -6.338945969209640839e-03
-1.973290911846183569e-03 4.218545125659865086e-03
-9.508019237633429793e-04 -1.411297189474198382e-02
3.221889081190045488e-03 -6.173283627739002168e-03
6.235838082373918942e-03 -1.196804512614297461e-04
-1.102010335444865256e-02 -3.046280035925583857e-03
8.739596396940054260e-03 -3.032405292827389243e-04
1.616181344347218879e-03 1.029785347623883313e-03
-7.236198278518663103e-03 8.157048147091620210e-03
-1.060931640299023898e-02 -5.247133070662199361e-03
-5.661368634786315482e-03 6.280239261449734219e-03
1.212419387727603015e-03 4.933562529071398514e-03
-2.154136760864202010e-03 -4.744701762544310288e-03
-2.564923712322614291e-03 -2.543848727807695650e-03
-3.185582530069910878e-03 -1.207195360925897992e-02
-9.659057208634329404e-04 -2.115898423461245841e-03
-3.188951432291047342e-03 1.344593205257549329e-02
7.167417097462637282e-04 7.925478856460907526e-05
-1.597346301663310085e-04 5.070514510032341805e-03
-6.823731745942984879e-03 -1.042195146626950786e-02
-5.746511637699896514e-03 4.030108855130993054e-03
3.998410565542959670e-03 4.926447768950497491e-03
-4.969803680255151755e-03 1.039316682388916752e-02
-1.319319243786924896e-02 2.657714018177991487e-03
-1.410636346065388333e-02 5.079703278014686442e-03
3.686176713220880568e-03 -1.451644626011351462e-02
-1.056436018515364769e-02 -3.404957360197480905e-03
-8.546464220429386693e-03 5.295090842244854282e-03
3.071572662949580493e-03 4.316334456561772559e-03
-3.766056587466163003e-04 5.640546298652565540e-04
-1.062824673525971861e-02 9.066158079998862945e-03
8.877922894443517413e-03 7.019418927547018718e-03
-5.904484322051701053e-03 1.288729356629938171e-02
1.100473780745233991e-02 1.509987483655512086e-03
2.486977938605208771e-03 -1.441455229988780964e-02
-8.251946324666073126e-03 -2.538186415141479354e-03
-6.817922371722195257e-03 9.528410029549450738e-03
8.392967069106574071e-03 -5.988292275785653089e-03
3.371615409038697126e-03 1.219530201418513732e-02
6.133424346335305654e-04 6.407081225488229885e-03
6.851688422343332925e-03 1.275434276474779124e-02
1.268491962280056482e-03 1.247952297288574403e-02
1.259631235824060919e-02 -3.936828174650380059e-04
6.217236581698648568e-03 8.629553393135439010e-03
-5.409275193312193357e-03 8.036532342704825332e-03
8.544233290343093354e-03 -1.055283779180120340e-02
-4.160571342772536110e-03 1.213856043651824132e-02
-3.479299326897470398e-03 1.456734348109341680e-02
-7.543978502080738759e-03 2.581981661286063788e-03
-1.267423242264552503e-02 -1.043771837964478600e-03
-1.907615802544654088e-03 1.346343773177159989e-02
4.994585458353821214e-03 -9.007162325047229565e-03
-1.834364532305510871e-03 -2.111680389561469782e-03
1.343767106687577921e-02 5.641167370213199389e-03
-4.741889817356732643e-03 8.677293814965491778e-03
-1.995219310585997791e-03 -8.222115490629728143e-04
1.634389369143886717e-04 4.100694847275577169e-03
-5.770038997543854714e-03 6.394672163954982953e-03
8.719591076819402028e-03 3.788007934121616783e-03
4.503077990511582772e-03 -3.799695601692987170e-03
-4.618043912125875325e-03 9.570238593194979257e-03
1.238583288169729443e-02 6.150197538255688760e-03
-2.348294279884092367e-03 8.115674917981549955e-03
1.048633580595366779e-02 -8.244163142512228246e-03
-4.370446217624183918e-04 -1.292318334103328796e-02
-3.878189609209832522e-03 1.299644250747674680e-02
-1.413093951505079056e-02 1.002734083348092234e-03
7.556917390992063180e-03 -7.513997461622199357e-03
1.125367739148392830e-03 -8.478414895284263697e-04
