2.707531223936995683e-03 5.796488132603556422e-03
1.302275553301949053e-03 1.092738936466853715e-03
-1.400082751633713362e-03 5.091146068281885741e-03
-7.219497944589650489e-03 1.078187596979626045e-02
-4.611833474773157499e-03 1.016334059258856143e-02
-3.139057910455067026e-03 6.295358884242365990e-04
2.000001834321351538e-03 8.662129799460575180e-03
-4.680949905287054742e-03 9.778993198903752557e-03
-1.020395790954227097e-02 5.470991041876343240e-03
-3.270265776644284972e-03 1.563765247763013611e-03
-1.048950818222482533e-02 -1.036823119413447097e-02
-7.145879093985292585e-03 2.293231775059866289e-03
1.830683400233162634e-03 -7.471184530454583542e-03
8.651927556658892821e-03 4.779555372033675135e-03
5.683704906676477963e-04 4.116491046248110276e-04
-2.443263415723466924e-04 -1.575691796899426379e-03
9.201745637558704505e-03 1.065834777166039214e-02
5.700069991150909926e-03 -2.592624557468166217e-03
-5.244690206359794472e-03 -1.086258369999038714e-02
2.847520042678066896e-04 8.528271589018468143e-03
-3.547657536618934685e-03 4.072361231873861294e-03
4.707660827762223145e-03 3.101681726216687276e-03
2.096084726318957463e-03 -7.867202934272405973e-04
-3.372112376106123702e-03 1.459764906150689059e-02
-3.720855950938182707e-04 5.888467738718183506e-03
-6.654911316044899786e-03 -4.670348528277997249e-03
1.261567273324008635e-02 -3.055699836006798772e-03
-1.209879230123927368e-02 1.661843810797025527e-03
-1.140484988234140643e-02 -6.632638928907180070e-03
-5.218777552300163033e-03 -5.292859421864118744e-03
-2.076271029179281580e-03 6.075348659900156600e-04
-3.592920868860577550e-03 -3.341170398243531545e-03
-7.074910587633931325e-03 -5.414391948963010771e-03
-9.782441811569567852e-03 -1.121088008156542401e-02
-2.028692602139218603e-03 -2.093897401027024902e-03
-8.452529297874399050e-03 -1.283451778832547189e-03
4.814217327265010206e-03 1.885685956317463378e-03
6.651238815761247036e-04 9.630685864576788574e-03
6.894064738615913318e-03 -3.548854939241163735e-03
-6.295358884241270946e-04 -3.139057910453815856e-03
1.213363904416939892e-02 8.129786459901304496e-03
-4.191435252130234525e-03 -8.724612998197387240e-03
3.925304408617710968e-03 -9.869609429731109745e-03
9.433097337754630567e-04 -8.802004886046302726e-03
2.373771353068922837e-03 -1.445943754650189615e-02
-1.439556212841355647e-02 -2.963128723567994786e-03
-8.435657558659730507e-03 -4.312078413116585650e-03
-5.418502715946718964e-03 9.315673457094674620e-03
-1.419506575402995716e-03 -2.373863105640365741e-03
-5.668493581316801262e-03 1.249719064434751115e-02
-8.625166737442535939e-03 9.782866586429397535e-03
-7.681147056876051109e-04 6.294781040549450243e-03
1.158667821317805290e-02 -9.329141621380623167e-03
-1.315261654475164202e-02 -5.282103056190478284e-03
3.780259983661341840e-03 -1.366876969857125888e-02
-3.876693524317539538e-03 7.962768051345030934e-03
-3.052615676286243428e-03 -8.313026299345268461e-03
1.886149511708158644e-03 4.360843947917065686e-03
1.030049205925490530e-03 7.087758591264758934e-03
1.873236123466892654e-03 -8.929925838385362885e-03
-4.846130651907878300e-04 -4.536183850589394981e-03
-9.387606654597857635e-04 1.174732016616301077e-02
2.924545399434960117e-03 -7.874825873237704596e-03
-2.636318162562207093e-03 8.948989335788555891e-03
-7.510936032218755616e-03 -4.882150381978207776e-03
9.836614143033689528e-03 1.144334802806838041e-03
-1.249147036076231343e-02 -7.915804978938924957e-03
7.067399738736823700e-03 -1.256724743593302766e-02
-6.654343838371213661e-03 8.534759759110987012e-03
-1.735480570952686354e-03 -9.946113586011544327e-03
-1.228932259012830049e-02 -4.545085549407148172e-03
1.021117670148476674e-02 1.006269431912954100e-02
1.392107231872156611e-02 5.200924547884473899e-03
7.356967707344500527e-03 2.072390749705293848e-03
1.116884590609788785e-02 6.061886820368754536e-04
1.178398966976465859e-02 -5.372239785377456653e-03
8.272092894483948702e-03 -4.671446575626819753e-03
-5.907532576081617366e-03 -1.068423783871245980e-02
-1.050636391867837763e-02 -3.518683204148290167e-03
-1.403948833554524017e-02 5.154466034927220747e-03
-1.978010320302342039e-03 9.285253418897292110e-03
-5.568895468990905928e-03 -8.816970379264689461e-03
-1.094682505150716689e-02 -1.399566158956918249e-03
1.688420185466921490e-03 -5.277544317619490936e-03
-6.586921763230130927e-03 -6.623777677040059396e-03
1.147683584084978120e-03 -1.302910923941070186e-02
-1.145003005639341070e-02 -3.713850989471140316e-03
-3.386059310181514445e-03 5.625762204162155361e-03
5.496909173802471023e-03 3.365728963228680100e-03
-3.360663530133100213e-05 5.041196533868388258e-03
-1.312299159736835148e-02 7.035875288795285891e-03
