-5.461379587538922609e-03 -3.603586130623788464e-03
9.838897309285887793e-03 2.120400843551598514e-03
1.386023150145251209e-02 1.839560470908060442e-03
-6.431324709533001345e-03 1.130514254910784319e-03
-2.640139099755895932e-03 -8.677105827056681014e-03
8.287122495411620646e-03 -1.034292515423212815e-02
-2.807988766520399214e-03 1.168417342859841583e-03
-8.241140605200479238e-03 -6.980408406770289773e-03
4.867894711224458014e-03 4.933163394864596707e-03
-4.829991623275971258e-03 -8.556499337876518826e-03
-5.100693637868336169e-03 -1.367892263347614962e-02
-1.242939842621298453e-02 -9.000304230653254078e-04
1.393729896472461691e-02 -1.191535475495017135e-04
-5.001800980723718638e-04 4.018683847915094365e-03
-6.879423960474848922e-03 -6.425225752612365344e-03
4.394808844140239527e-03 -1.223828644964105976e-02
3.062453466141987126e-03 -6.938146493938824808e-04
-3.689802029274290730e-03 -1.203270952349206431e-03
-1.485436497117026498e-03 5.897807246454673646e-05
2.369900104123918126e-03 1.531689752030984718e-03
-7.455745483899914663e-03 -4.493813445092982584e-03
-8.742118971687026091e-03 -1.027267520584822409e-02
-3.438785942319087970e-03 -7.258598435160938320e-03
-1.180596149470881234e-02 -3.509882218175003430e-03
-1.698086477164146863e-03 4.679768328364679146e-04
1.940097723938645144e-03 1.122267886119671099e-02
4.406080720060168328e-03 3.305518520339880903e-03
2.436829209344631639e-03 6.740648370039268233e-04
-3.404123987086501730e-03 3.279015077815307724e-03
-2.716871313572851322e-03 2.615551617821118297e-03
-5.685429213009845530e-03 -7.381456134385363729e-03
-6.459424688885245791e-03 -5.681182331928032701e-03
4.304824909062018867e-03 2.959473348810930018e-03
4.737612882953290763e-03 1.821407195348958945e-03
-2.415626455324586339e-03 -6.922228602721170604e-03
-9.958577760550719332e-04 -8.356238925928371726e-04
-8.733832689475820588e-03 -3.281793191573323908e-03
-3.230638382361639832e-03 1.205394392890167489e-03
-3.202410633504159439e-03 -3.339845226117317285e-03
5.190677572939972687e-04 -1.518837164979047174e-04
-3.630335730504157758e-03 -2.747864277136320438e-03
9.589509689361608996e-03 -1.460855112568568885e-03
7.038276722230639437e-03 1.085796004052587589e-02
-9.582859823959464021e-03 -5.084204677877492140e-03
-5.624750161793166947e-03 5.226211287357934027e-03
-7.260437361036289200e-03 -5.789163585901996138e-03
-1.379044731773400312e-02 4.564800826240478747e-03
-9.553258555653065462e-03 6.451730801319618437e-03
-5.076441244995700056e-03 4.389578714408603338e-03
6.836896128312283834e-03 1.328293954829462206e-02
-1.055413481188687691e-02 3.812668993421762780e-03
1.834958905114901029e-03 -1.525387349706409891e-03
1.034598208263945007e-03 1.380669368417782733e-02
-3.420180290815822040e-03 -1.086921108834380638e-02
4.790330883985871244e-03 -2.398926356913751493e-04
2.501365341519124798e-03 1.024329531523800185e-02
-8.694466198272809282e-03 3.047961816831975396e-03
-1.062796484042199431e-02 -1.141466768286607562e-03
6.108451544288585541e-03 1.084696953694163800e-03
-1.124452484227248319e-02 4.983559193241291277e-03
-7.471834602484619600e-03 -2.424324530756769101e-03
-2.202004366950111817e-03 -7.872465200380445241e-03
3.027160666744344725e-03 -1.173066701440325828e-02
-1.497203790159749859e-02 3.132133835170462571e-04
-2.984091176773357151e-03 1.411076078855335626e-02
7.445521878681366466e-03 1.244124600864610227e-04
1.911209593019403416e-03 -4.120651061989239611e-03
1.145606485314583681e-04 -1.200892548433822767e-02
-1.238341601170578170e-02 -4.166039283961018615e-03
8.426929871404954808e-03 4.925891917591883502e-03
2.659326125141972790e-03 3.231845292257644418e-03
-1.266414261750264947e-02 6.251880224473515754e-03
-8.547585414407761484e-03 -1.105912013552804059e-02
1.228633804858332394e-02 -7.845712968734189566e-03
1.399571860789515336e-02 -3.308955208568518502e-03
1.374148422193411691e-02 1.253655250567616789e-03
6.573629252942877685e-03 5.217755264115140484e-03
9.469135087134192275e-03 1.122828077730168503e-02
8.342475347820827933e-03 -1.287311234423233613e-03
-2.372171082392470626e-03 -8.627488119974699443e-03
1.352521058292571266e-03 4.120158309017935873e-03
2.256427794201144605e-03 -9.545724146837240506e-03
1.047549040248413809e-03 8.490378093971073792e-03
-1.509479132342829389e-03 1.338530016836706610e-02
3.566337659969472888e-03 1.230951372559272762e-02
-5.968070477610372924e-03 1.627819181905226526e-03
8.403051171248596823e-03 1.257288659136272758e-03
1.526299644553210126e-03 -1.069134846384589728e-02
-2.536204109343972047e-03 -1.249813429761455902e-02
-1.283622113460435900e-02 6.827921814846681266e-03
1.134595097613799730e-02 8.696081832897795474e-03
