1.416353591548815544e-02 4.900688764924622173e-03
-1.018044006072437759e-02 -1.089213662097465209e-02
-6.042538780508810436e-03 -2.133125661101615764e-03
1.306469802210270467e-02 4.540546126642211813e-04
-5.424578366066551416e-04 5.158075173502599253e-03
2.522773743297648547e-04 -7.673696152447676260e-04
2.237143760171339535e-04 -5.556073422657520008e-03
3.546268479740497317e-03 1.996617106406618335e-03
-2.542459670929367570e-03 -3.504054625959117375e-03
-5.916631602823440791e-03 -1.505314079010396100e-03
6.845560273657799212e-03 3.198562886630291167e-03
6.995655799068642780e-03 6.131133658708703450e-03
3.685890397647519339e-03 -3.303666444502418188e-03
1.281898262365192137e-02 4.947341154045273998e-03
4.053010553692639600e-03 1.703850184629632355e-03
-2.901756563720155752e-03 5.023035386139038626e-04
1.128378037420221802e-02 6.465779184814311915e-03
-7.435804017253070785e-04 -1.602993507837604907e-03
6.507003115925309202e-03 2.979750064910993007e-03
-7.233084915307427809e-03 5.353034896949072745e-03
1.003438393644418176e-02 1.109567039900421180e-03
5.677478180252427259e-03 9.724517546529557951e-03
-1.099406293088299458e-02 -8.833491963643795575e-03
-2.389713801264954900e-03 -1.352504324594901771e-03
1.408832052802233884e-04 -1.232568334321514449e-05
1.310339937846593909e-02 4.141669316644647734e-03
-8.996248421854254745e-03 -1.413334472895769450e-03
1.256451792402897387e-02 4.472738460578173231e-03
-2.765248009025729481e-03 -1.993966762153728811e-03
9.852484280002304223e-03 7.549241916397643470e-03
1.216651967487416240e-02 4.791481921168946022e-03
8.628665246850108703e-03 -1.571189376809074573e-03
7.176677476689678737e-05 -3.966730770287060608e-04
-2.556509660604809782e-03 -6.909902919377954728e-03
-3.047014419587536823e-03 -1.969315395468440241e-03
1.027534137578937912e-03 2.820314449863043065e-03
-2.153338492450026370e-03 2.566248884448718830e-03
2.047245011905693499e-03 -3.373245893976022092e-03
4.717336166853228208e-03 4.023585402212249279e-03
-3.330632905986017148e-03 6.147307088926357889e-03
-4.429847229645269592e-03 -1.246905124370133525e-03
-6.288986056387449279e-03 -3.511489646788127413e-03
-1.099412414643501784e-02 9.959017014718648739e-03
-7.073514646460583345e-03 1.269959731056673723e-02
-1.328924133519843393e-03 5.508537637074993869e-04
-1.249016916361921602e-03 1.249021565079626826e-02
-1.422202919208578843e-03 1.295450647405047701e-02
-1.118428000771605653e-02 7.791515716599796589e-03
2.742879168010302002e-03 -2.888878893208531116e-03
-9.423801555845016595e-03 -1.760384368888817967e-03
1.001160447912626157e-02 6.894679818542024871e-03
1.089978249805078009e-03 9.312759732798761222e-03
-9.707419064110956244e-03 7.752197156989342267e-03
-3.739733185185095416e-03 1.555937968315093548e-03
-4.783261248944035982e-03 -5.045296983348264257e-03
-1.107932025778395925e-02 -8.751124124921197400e-03
-8.959014415446022589e-03 1.016299609747051136e-02
-2.871118158857712118e-04 -2.435430973058975990e-03
-9.072435697100299581e-03 -6.660520794084187797e-03
-9.905881893763953533e-03 7.426793145366774283e-03
-3.154804141577160354e-03 -9.849876220870402294e-03
-8.926327973883646863e-03 1.168151560866627532e-03
2.670992350501324216e-03 -8.467151087425938902e-03
-2.652865409237332300e-03 1.227500799487616159e-02
5.438566973143773610e-03 -5.870785562737781179e-04
-1.020867147112159432e-03 1.234119633497831117e-02
-3.008296630977423669e-03 -8.130895883253207515e-03
-6.926855308142785585e-03 -8.883428965284215911e-03
5.158038575353175031e-03 -4.495046909832395993e-03
-1.134690093153413806e-02 9.541125222130426159e-03
6.233591239381004734e-03 1.297221375634512001e-02
-6.661379487192384784e-03 3.282824168894543041e-03
-1.063674756320967356e-02 -6.180350867347719074e-03
-2.418814199146198372e-04 -5.416796846468240750e-03
-4.853740394180607043e-03 1.298733145461075655e-02
-1.352839869736336374e-02 4.415356094065879707e-03
8.520862489632571174e-03 1.685222796519550295e-03
6.012979346738150238e-03 -1.328718600305014465e-03
-1.292451229243121551e-02 7.270310986941252128e-03
9.757865077474690840e-03 1.068100891370123151e-02
1.283694450752870947e-02 4.515462223280115352e-03
1.442397423240179659e-02 2.549899209186393904e-03
6.655444259659014719e-03 -1.989930844229473653e-03
-3.684803345408252297e-03 -2.345339304770726555e-03
-2.949200703992978841e-03 9.741945900486725235e-03
9.789848873609035239e-04 -7.098214799939597461e-04
-1.148821537246502884e-02 3.220287254799890017e-03
-9.540306852121498496e-03 -7.662017487772207307e-03
-8.475121959680649575e-03 2.575614856550334942e-03
3.741484385090792803e-03 2.592525779363129192e-03
1.366417081234568096e-03 1.131046846703169864e-02
