3.171995559353494882e-03 6.643112536412933665e-03
3.778732156929225181e-03 1.408432918597934090e-03
-5.427978919679537356e-03 1.646069514786634765e-03
4.299987239515835891e-03 2.498521510812578509e-03
8.320475104212159655e-04 3.831148253513539520e-03
4.631854651864678908e-03 1.034835361224121369e-02
-4.961327258970424717e-03 3.734666227308560196e-03
-2.217345306738645674e-04 -1.389283390089715055e-02
-1.373116290149434173e-03 -4.742051418291420330e-03
-4.569763216181061674e-04 -1.166693036526363428e-03
-2.666179523320763751e-03 -2.889893899336646536e-03
1.526788197733259080e-03 2.847616160802363041e-03
5.433151838680080892e-03 8.148825749630130705e-03
3.784958883352484635e-03 -4.199593581685336779e-03
-1.906697056080619915e-03 -5.973023215787429639e-03
4.030546512298033290e-03 2.664056082779911981e-03
4.253334850395755658e-03 1.153968218975665299e-03
-5.296435804035168685e-03 1.004578358186809448e-02
5.863081988369229364e-03 -1.289909956538303967e-02
1.221018647028688370e-02 -2.416887742699038930e-03
1.105224273493347550e-02 3.007977813769043690e-03
1.190881384253768315e-03 1.847782868369547997e-03
-2.113248079208355883e-03 1.848852501486652122e-04
1.683573468528318630e-03 -1.850832346829240195e-03
-1.229070254622537453e-02 -2.154328415121089906e-03
7.920800607780675157e-03 -8.039491136371149788e-03
1.433264686962721843e-02 3.431234625750657907e-04
9.844581306299076198e-04 -3.351244871541801153e-03
-1.864882336505362418e-03 -5.089421761947727357e-03
-5.759974101532255863e-03 5.153173619205445206e-03
-2.690032621592447406e-03 4.139290337095255685e-03
3.262314743879140026e-04 7.792961643793344586e-05
3.746928025900123256e-03 1.078067856717403010e-02
1.525063891399100480e-03 -4.173489273367128475e-04
-9.998668173788307148e-03 -5.974875291624892788e-03
1.884360784191249118e-03 -4.423707091908592529e-03
7.615644117906999674e-03 -3.008648312679345141e-03
-8.614152238213709095e-03 2.954044890801166192e-03
1.911534725625443302e-03 6.433975053784639700e-03
1.441938967198953987e-02 -6.936868798887562554e-04
7.664020813361238291e-03 1.600870067296643849e-03
-6.585794885529641651e-03 -4.286001134592045195e-03
2.723896308410286848e-03 -9.126274711113590730e-04
6.150228797882988617e-04 1.756202396461043359e-03
-4.436032775251235946e-03 -2.025243989472153006e-03
-5.428441938639133428e-03 3.669062294214523248e-03
3.724208445495397202e-04 3.445475687701373205e-03
1.133758552766554219e-02 -1.843679582485997781e-03
8.677632730770892810e-04 -1.034159998210931655e-03
-8.497457380660891624e-03 6.369600174702966938e-04
-1.094926261760037663e-03 6.030324459008055190e-05
1.300618296859707562e-02 -3.054374663881265391e-03
1.500412524713241186e-03 -6.991153378978399611e-04
1.065564995033582187e-04 -1.215995769899904343e-03
-1.245358677394039007e-02 -3.204789613052979463e-03
3.150585325383534804e-03 -7.799603330136362263e-03
7.114410212410550785e-04 1.641295729993464412e-03
8.414626209925340702e-03 4.906787721845149754e-03
-3.657199629829652708e-03 -3.264565953931131657e-03
-2.996785648295835491e-03 -5.451768133200139352e-03
1.915909376211239606e-03 8.917919671209056931e-03
1.356288186716547370e-03 1.347415980143422398e-02
-1.635867271984380381e-03 -1.220753612603524448e-02
2.046989472897020948e-04 1.934062651772272936e-03
7.303286804626802665e-04 5.508095861410653923e-03
-7.020434935260308311e-03 4.944036136577152109e-03
4.842908095083447995e-03 -4.682546442116766912e-03
-3.583708548729957859e-03 -3.962739428219033862e-04
-5.185839903401734743e-03 1.979789002973051087e-03
8.627739208932058007e-03 2.474796182045340635e-03
2.861203131519459916e-03 3.902052875113357251e-03
1.054516541152697093e-02 -6.033198690872383640e-03
-5.718159381958359475e-03 6.036775073044005173e-03
7.066033516962325588e-04 1.180343891996254134e-03
-8.860793674583115551e-03 1.149331699103731466e-02
-1.031753940388306472e-02 4.984062665066488901e-03
4.609981398935694349e-03 -2.071369474880875063e-03
3.864676690876228671e-03 -6.939328070857555750e-03
-1.318975887230961234e-03 -3.717566759171495039e-03
9.568993563107700689e-03 4.308928194944997708e-03
1.251074306608391910e-03 -1.026653424812137491e-02
-1.237396017227047201e-02 -8.123227856592897533e-03
-1.255549395036277202e-02 8.170904308588040205e-03
1.104105539202820258e-02 -4.519255517730390477e-03
-4.287831588312914638e-03 -1.365390558921604144e-02
-1.101299427547209643e-02 5.633213512560679426e-03
-8.197571186413252307e-04 -1.435210757217157337e-02
1.182877499310010586e-02 -6.313986024193248697e-03
6.818812893338104496e-03 1.090526897690010169e-02
3.779443726560004712e-04 1.411838058024788428e-02
-4.314602402250997115e-03 -3.660279065103843113e-03
-4.308210108638136498e-03 3.273639758394389018e-03
-1.121840117568819427e-02 3.368259367607618140e-03
-8.026226696555649780e-07 2.089459802170598283e-03
4.417096045834212315e-04 -2.711852422978639800e-03
1.244567020597446040e-02 2.802276979243071425e-03
-1.578990679049901546e-03 -1.253297468297682321e-02
2.592428195675679139e-03 1.042892154172045047e-02
-5.223085788176376303e-03 1.040292385788968432e-02
-1.247409650285898758e-02 6.772709099640225779e-03
1.177075835510228881e-02 -2.321417922193315733e-03
1.289195612294371379e-02 1.174257847299149194e-03
-8.743990582636928383e-03 6.899849255050456015e-03
-6.144904232040422978e-03 -9.446076490963113345e-03
-1.968441965659136462e-05 -1.040459181763945737e-02
3.526589298343678434e-03 -1.096870986195765292e-02
-1.043702290506105107e-02 1.007261743369070733e-02
8.640879396061725698e-03 -1.050376531421822954e-02
4.894018772156042210e-03 -3.309995776220937391e-03
1.336605640914491876e-03 -1.380118829136902162e-02
2.741584373031762199e-03 -7.165060922305720517e-03
1.239545708525594155e-02 -5.317812054535264212e-03
1.134725529781504226e-02 6.238704927258332915e-03
1.331199040321957286e-03 8.546029018933073984e-03
-3.100771376050583897e-03 -9.769301833708800981e-03
-5.896904511631832942e-03 3.189024128827215761e-03
-1.390406070304497227e-02 4.699072616128688318e-03
-5.932088032837649558e-03 8.895084699915994236e-03
-1.092719871046049333e-02 1.391269388647933597e-03
1.095572807388527428e-02 -5.005536391449125384e-03
-2.098116257776622660e-03 3.488966773941665125e-03
-6.942735785506456980e-03 2.103416192550641977e-03
-4.142799085955366049e-03 1.238931711274450509e-02
-6.660925375465258109e-04 1.045730705661393478e-02
-2.458349786870574205e-03 8.162451651743427711e-03
4.179693967815815286e-03 -3.884274164322140156e-03
-7.817094738070325469e-03 -1.115321771097513986e-02
-8.485610085921481069e-03 -5.468224508958996954e-04
-7.038433863140591308e-03 4.699155829043397299e-03
-2.982057320608035109e-03 -7.193552766992909915e-03
-1.160232979788772614e-02 -8.626994413039943202e-03
