-5.941873757974133405e-03 1.159284849570266750e-02
-5.637978555475018499e-03 1.274047804443897720e-03
1.460561242801966877e-04 9.782569581074231774e-03
1.469850573829777768e-02 6.268222414015228727e-05
3.143688100050850151e-04 -2.085946368268355462e-03
8.658154283082152708e-03 -8.284711282495948667e-04
7.563691040289085427e-04 -2.791160663082373726e-04
-4.061089355953362637e-03 1.199614743336132640e-02
-9.772894241983225844e-03 1.067959800275758257e-03
4.010605045653121460e-03 1.420017771606343904e-02
8.619995656122842343e-04 2.550873722645811623e-03
-1.204596124475420691e-03 4.080312264630708841e-03
4.813754308305984858e-03 3.908678735744670549e-03
7.333749937841316409e-03 8.372939259853388189e-03
-9.084380281094442400e-03 5.692454207847851347e-03
3.170734271978362280e-03 1.355154668846649414e-03
3.489477732569814649e-03 1.753152918002031605e-03
1.455059753817875695e-02 -1.627916239227532834e-03
-2.116696691874170744e-03 -6.345044926129706116e-03
-1.942412818737064605e-03 -1.107714964062278236e-03
3.375097969813484373e-03 -6.044726105801994168e-03
2.447893605319431437e-04 -4.473009825284612363e-04
-5.255882371834472849e-03 5.641427168140832928e-03
1.270771622410704627e-02 -5.654551119898795601e-03
3.948306130027886413e-03 -5.172125163179512077e-03
1.984690557271347883e-03 -3.167636152522654378e-05
1.704648453042556825e-03 3.257940093300498805e-03
-2.005765541786157236e-03 -5.077096078603831469e-03
2.650344252209404193e-06 -7.810204707153387774e-04
-5.440639852478473815e-03 -7.828757116913144520e-03
1.039460686715574199e-02 -6.942776683524731068e-03
-4.267847859031583674e-03 -2.536823732968438230e-03
6.539605515369157490e-03 9.184550633272448028e-04
-1.184201250681983682e-02 -7.978517392870768110e-03
-1.264873815164432175e-02 7.139987617016611832e-03
-2.100124127450394076e-03 7.636719102421236569e-03
2.732182590622855844e-03 6.078254543164683318e-03
-3.942877672017442575e-03 -7.746851984095646029e-03
-8.669681698010620052e-03 7.998538569961719663e-03
7.257145493529597834e-03 8.308660498884883755e-03
-2.254131284488579325e-03 1.972109334918803296e-04
2.712831912440843984e-03 4.234447191173559312e-03
1.088153524396491545e-02 -7.056358177866095538e-03
-4.410583140150629855e-03 5.567473068081322564e-03
4.404356413726580668e-03 4.055343220012467761e-05
-9.465550426819924548e-04 -2.720910714694410094e-04
6.576358677783033721e-04 9.950754497293094747e-03
1.154619610658065565e-02 4.597320466136757891e-03
-1.034159998210659563e-02 -8.677632730768608180e-03
3.915703730582106509e-03 -3.110830161596226176e-03
-2.158176161994848456e-03 2.105297046451508770e-03
4.669294720854141184e-03 8.748010448656497878e-03
-1.399156713715091508e-03 1.045160509426790738e-03
-6.557231887217010100e-03 5.027026728207065372e-04
7.066033516957101468e-03 1.180343891996047875e-02
-3.669190063718507158e-03 5.928494267207059729e-03
3.008776082183329051e-03 -3.741292087939193482e-03
4.364856788949171909e-03 -1.095801191877333013e-02
-1.009150993307001559e-02 -1.068697465472524637e-02
-5.193200147694320562e-03 -9.057078570156945618e-03
2.184551835014295843e-03 1.441434452249374569e-03
-7.763552318026589391e-03 1.318049849312339598e-03
1.168455673711447582e-02 -5.990920952338101013e-03
-3.885751675391038024e-03 1.830555630728497628e-03
-4.492360503462322109e-03 -4.291700957304627785e-03
-1.150669648180324516e-02 6.401244884836697346e-03
-8.363934419673825157e-03 -1.041223323900223457e-02
-5.940819950550274738e-03 -3.810073268998730167e-03
6.267514443898575087e-03 1.865010106010598148e-03
-5.668856648584137681e-03 6.600307894166040391e-03
4.037236257681678549e-03 -4.966963196929423743e-03
1.177256082684999955e-02 -1.739773427236099811e-03
4.490636197129306041e-03 1.026735869164190898e-03
-4.620918025400472424e-03 -4.138492068679828877e-03
-5.390411081186201325e-03 -1.131120985464552364e-02
-1.068777292313999143e-02 2.780559286077665185e-03
1.014359078019860805e-02 -8.874492007134608326e-04
-3.292139029573269531e-03 -1.085595783935907471e-02
-3.848774625362534445e-03 2.253205246570528196e-03
2.324636771887279992e-04 -5.881841878086845705e-04
7.810204707153387774e-04 2.650344252209404193e-06
-2.884593210832689381e-03 1.104138581892017811e-03
1.357846509089206608e-02 1.864211837594490460e-03
1.413762326142909559e-02 -6.690355132023262374e-04
2.490969612262533637e-03 1.698549496124532885e-03
-1.162465262673119740e-02 3.430371890601283461e-03
5.670453185413631275e-03 8.021593399818657821e-03
2.632778855463310547e-03 -2.359761746073316124e-03
4.194947566396150553e-03 -1.371139726341429922e-02
7.388353359720176670e-03 7.374431139547247757e-03
-1.829629592810446716e-03 -7.931737234245452364e-03
9.241037782386198052e-03 9.660334903673073459e-04
2.474397047830107204e-04 -1.228321453242439340e-03
-5.974348387912963021e-03 2.297207291437609617e-03
-5.840617946975982210e-03 1.193889366723161795e-02
-4.907186856051952428e-03 4.759150886428486354e-03
1.033888633507433312e-03 -1.414464825626652808e-02
1.828831324394339028e-03 6.207865872519620267e-04
5.992773028175563295e-03 3.592585619406788149e-03
-1.123447764082913941e-02 -5.902246363690916674e-03
8.943497075814219391e-03 -5.680128524504637205e-03
-4.903769894774910945e-04 -6.416348681936787091e-03
8.426488874302726995e-04 7.070663706546870741e-04
-5.100023138957463995e-03 4.988964219363643815e-03
-1.750502573748461202e-03 2.708457261855617970e-03
-7.498614010897889162e-03 1.002550686576735191e-02
3.521154094095041952e-03 3.737843475273379054e-03
-3.131106877697649189e-03 -1.713525523719957623e-03
4.931838222738382446e-03 -4.477384475868039469e-03
5.555147384738108422e-03 4.269699934870406846e-03
1.057326539087921624e-02 7.784978959664333800e-04
-1.201019742303869979e-02 -7.466937649372661426e-03
-9.986933278909353867e-03 7.545936898928840703e-03
-5.357936451246227659e-03 -2.015568650381827521e-03
-6.647886321204039047e-04 -2.967424381572320805e-04
-6.723692497103076447e-03 4.279247504456747120e-03
-5.397563845529443523e-03 -1.657197795508300519e-03
-2.174078227509684998e-03 6.791419870739896780e-03
5.974348387912963021e-03 -2.297207291437609617e-03
-8.585924489356799860e-03 -1.591194728205638353e-03
2.701304497512375773e-03 1.140451463288568584e-02
1.101964033548826459e-02 5.069272815351649579e-03
-1.325534697971424494e-02 1.017731028984628083e-03
9.158206611650648865e-03 6.509781229682754661e-03
-1.416783085562725326e-03 2.466318245577245067e-03
8.186074164363956254e-03 1.000190930650477969e-02
1.270758845460374063e-02 5.702385085947970014e-03
-1.088060920604550300e-02 3.010372619012823513e-03
6.452399694047239974e-03 3.978258185218954031e-03
-2.397664834022372737e-03 9.905570875492924511e-04
-7.874483468115745649e-03 5.010100178782670929e-05
4.799033819717388009e-04 -1.816505641051123802e-03
-8.402763545541151041e-03 -2.742911737137718707e-03
3.831946521928286317e-03 6.478903136571132274e-03
3.012352464354950583e-03 -8.568298117507804068e-03
-3.417375708347767434e-03 7.184117431389499056e-03
-6.907779478836994537e-03 9.476950072240740777e-03
4.915010119305495209e-03 4.254723907274763316e-03
-4.330530083171735961e-03 1.216168200532933945e-02
-3.567008214800945678e-03 2.228553879882737721e-03
-1.635995041488826594e-03 -8.505999201871199209e-04
-9.155556267397077161e-03 -7.290801700396951773e-03
-6.869174240590704070e-04 9.997406886415106594e-03
-2.298133329351578129e-04 -1.928362829055123523e-04
1.981114175099726784e-03 4.795329668043385452e-03
1.536463536824835517e-03 3.769519836797245033e-03
-3.480600661893556384e-03 -8.142199888998818275e-03
-3.200558557666125133e-03 -1.143181634382568410e-02
-1.010661373017010360e-02 1.310098816555492485e-03
-5.508494995618598913e-03 -2.925146643032813625e-03
1.221424227908307278e-03 -1.281242064777351163e-02
-3.142634292626117400e-03 5.456541917992167173e-03
-2.655705915815582182e-03 5.342960423651945019e-03
-1.087716059337968943e-02 9.540302795291192781e-03
-1.583818076247725873e-04 -9.923452786355597965e-03
1.804978226122655374e-03 7.649970823683864898e-03
7.024994837435526857e-06 1.702924146709759116e-03
-7.534537253504817837e-03 -5.800064514773355627e-03
2.344913487982336949e-03 -8.084020084949699106e-03
-1.106377014986251357e-02 4.162089627943761985e-03
-3.964208195541580639e-03 9.858247987466539630e-03
1.294324520545101940e-03 3.435800348610367275e-03
-4.841982057164036408e-03 6.365608832634944529e-04
5.207377906874998720e-03 1.105990657729480527e-03
7.022287011097770593e-03 -1.303600725428483847e-02
-3.115906962482106052e-04 -1.005201030829260683e-02
2.344657948973226380e-03 1.462985232674404723e-02
-1.276825918201913903e-03 6.499978121087302517e-03
-8.893012765522846554e-04 -2.051619662492061395e-03
6.743841443699834237e-03 4.875510494526725559e-03
-3.581856472891924419e-03 -8.488245060530271932e-03
2.571022669242569846e-03 8.292758433371188662e-03
2.556174411151591105e-03 -2.424040507041820124e-03
4.105889669236551312e-03 -2.559623023817405533e-03
4.385516813555064355e-04 -4.723099874318034339e-03
-4.375330396453783188e-03 2.725157595784059427e-03
-1.065564995027872778e-04 1.215995769899224114e-03
-1.486362535035867143e-03 4.104963631317138859e-03
-1.134090637081725406e-03 -1.604318679963819168e-03
-2.491767880677280434e-03 -9.009500143116881340e-03
-1.467011856853855933e-03 5.948770983308263732e-03
7.383978709133808341e-03 4.890486522123510538e-03
1.312148876927281792e-02 6.975188010694879231e-04
1.194920785384414978e-03 -5.002215940626271277e-03
1.042787976550932014e-02 9.663815167732674183e-03
2.541198383554805693e-03 -1.783903241607846454e-03
-5.963874780408353476e-03 1.053006161442688118e-02
-3.764219148292826007e-03 -2.557740460584203776e-05
-8.608723780204625281e-03 -9.964932256475133796e-03
5.758585044654694531e-04 9.158047190850461083e-05
1.279837065809613997e-02 -2.184424065510991511e-03
5.151561256685863351e-04 -4.658821113348387589e-03
1.030647500791419258e-02 1.630119972177478463e-04
4.593744083966278674e-03 -6.719190077013404219e-03
4.503887918391932636e-03 -2.878366484408858769e-03
1.975015218180341953e-03 -9.535800375207887638e-04
3.953479049031722453e-04 4.622770101238858121e-04
8.214461334121597735e-04 6.955230136372392291e-03
1.073892773235053319e-02 -1.030899758266195718e-02
-1.994238126856546708e-03 -1.224716352031731889e-02
8.580623800851019944e-03 3.153235669635173592e-03
-3.191010988079566284e-03 8.470235380180013776e-04
-3.263240781806278287e-03 3.266689394472092715e-03
1.227963815025593167e-02 7.301403077406007532e-03
4.932636491151987795e-03 2.833566171125669660e-03
-8.600102248537477151e-03 6.359893184221827173e-03
-2.309660744285489415e-03 5.241704612652434668e-03
7.445607125849884253e-03 5.594902548524627317e-03
-1.172325809347713778e-02 2.303306248356994448e-03
1.304130794279062013e-02 5.460246069668234919e-03
2.660878834815555427e-03 4.451934840765501764e-03
1.181828717805145576e-02 3.650765423455907318e-03
-1.853482691082129936e-03 -9.025529978135506852e-04
-1.340590552408547215e-02 1.081530363322806554e-04
-7.850630369844062428e-03 -6.979083234644075512e-03
6.400446616421950549e-03 4.195745834810897350e-03
-3.884825637472987328e-03 -2.215429928125916929e-03
5.825641919379197231e-03 -1.129875640179764384e-02
4.918586501475755851e-03 -5.722821222949900193e-04
5.449516923154732947e-03 1.439710145916358068e-03
9.888327812162757326e-04 -8.673002541180637164e-04
1.433483419491983143e-02 1.585095771287613545e-03
-1.249447545559566330e-02 -8.134376625746635517e-03
1.161040690891282021e-04 1.106284411194196141e-02
6.700893206261834953e-04 -1.265298503272303809e-03
5.393987463357822858e-03 6.484203825076913057e-03
4.485463278129333230e-03 -8.768159395253256536e-03
6.094156608679519860e-03 -7.418305414911244289e-03
5.498819656527592983e-03 2.003242967037251621e-03
7.981838236033279507e-03 6.044853875305298066e-03
-1.080055614906797086e-02 9.604581556259697214e-03
3.346455261062893441e-04 -4.288124575133007120e-03
8.086798198707716157e-03 -9.793043188579984501e-03
-1.308106310657599844e-02 6.255060991050694422e-03
-2.029618640057840456e-03 1.952088157828070318e-03
8.399985431780632953e-04 1.488086841370025743e-03
1.152643046850131484e-03 -3.862824615038766389e-03
-6.793271946577359929e-03 5.917892890198002236e-03
-7.759177667440221929e-03 3.801994466736076817e-03
7.739954758754005867e-04 -1.700273802457330594e-03
-4.837607406577668079e-03 3.120505500687231239e-03
-5.106920364291596057e-03 -8.070896133192877880e-03
2.182859180066896825e-04 7.362903724617638097e-03
9.800195952923227566e-03 -1.567213860429509352e-03
-2.000592622785042109e-03 4.717799185812254423e-03
-1.260115972460425920e-02 4.438555349999570403e-03
6.904938062295504914e-04 -1.482441291598235802e-02
7.325160057558644314e-04 6.750068170122523400e-03
6.703415781003013024e-03 -2.077069297593457219e-03
-1.344818326262089969e-02 1.247544361921146434e-03
3.460451715289508852e-04 -1.012558109981495690e-04
-2.014894659675865729e-05 -9.154757998983473546e-03
-1.306522434383870952e-03 -1.493361975973871505e-02
-8.726009426213407515e-04 5.732081602130411485e-04
7.042308188188722146e-03 7.475686950545616660e-03
-6.710153585442342992e-04 5.311284062126718150e-03
-3.213938048436624237e-04 3.830222215599571279e-04
-7.444808857435136588e-03 1.716048098467721356e-03
-7.645468403594192670e-03 -7.068013362300370854e-03
6.675986300559709138e-03 9.779120968407056455e-03
4.688645399036153044e-03 1.059181780064762102e-02
5.244354956906004638e-03 1.528640273571292519e-03
-8.421188185803752183e-03 -8.632704647982115606e-03
-6.676912338479120725e-03 -5.733135409553783562e-03
-1.443158758582172496e-03 -1.080413253123638489e-03
-5.775828107982673796e-04 -3.356545560046438753e-03
-6.937731534029205338e-03 1.075722460310982870e-02
-6.250814109970134064e-03 7.598177166947229708e-04
6.334315779615982966e-03 1.236432139683030229e-02
1.462509436764184139e-03 2.924220605114762929e-03
1.177422183041226290e-03 -1.493799441032394107e-02
2.106223084370920356e-03 -1.887809396858424436e-03
1.095986399461079328e-02 -3.727114328758515758e-03
5.717361113542252654e-03 -1.334772572003749616e-02
8.733832689475820588e-03 3.281793191573323908e-03
3.368871243389653762e-03 -4.366996055180437201e-04
-4.816276883058971843e-04 -1.448459447087952195e-03
-1.411482397058306734e-03 9.042773041465674037e-04
-3.400547604914880631e-03 -1.547990951753303729e-03
3.843346167353450197e-03 1.066577190070577136e-02
-2.290182296600174090e-03 -4.271424241203204339e-03
2.137101177480039537e-03 -7.214069486580567542e-03
-1.402733095885351933e-03 5.872166538996544290e-03
-5.562970647991650336e-03 -1.328357472857365565e-02
1.006778460430163627e-02 6.359222685310384274e-03
-9.899599688082771562e-03 -6.870802428808490091e-03
-2.581624046251626038e-03 -5.168676550512335890e-03
-1.064894379727288412e-02 -4.888762215789352154e-03
9.701590486175925426e-03 -2.694279502674940246e-03
-6.875177079393716972e-03 7.415655070657673452e-03
3.530957202690492795e-03 -6.697189054579183280e-03
-1.742838731396086950e-04 -5.237329962067208654e-03
-6.893729489160761725e-03 1.288279836566139959e-02
-1.404074210101480952e-02 -1.468863932692679106e-03
6.254390492141754729e-03 -5.586823746263335291e-03
1.222503472837843316e-02 8.299911197713288544e-03
-2.692682965845446651e-03 4.920310807808771919e-03
-3.829423947179381137e-03 4.097012598560292179e-03
9.540302795291192781e-03 1.087716059337968943e-02
1.127991680163701466e-03 -4.144591025599213274e-03
5.000523285684974582e-04 7.338252357932348660e-03
-4.915010119305495209e-03 -4.254723907274763316e-03
8.224999408348748244e-04 -8.447691628327643615e-03
-3.964017123258877298e-04 1.494064475457615102e-02
-6.671611649973340809e-03 -7.295176350983319236e-03
3.351117102037354939e-03 1.234139433647803152e-02
1.291275042085246981e-02 5.613454958293033828e-03
-2.066595690087704926e-03 1.529438541984897435e-03
-3.244688372039013658e-03 -2.200453900529131951e-03
-4.301248526890968926e-03 -7.786479378378861893e-03
-7.537187597753382479e-04 -5.019044044059596315e-04
-9.854799374800726069e-03 2.565721980736790364e-03
5.244354956906004638e-03 1.528640273571292519e-03
8.130800243576156300e-03 -7.667469426028413609e-03
-7.267746870540014482e-03 -5.184578616027172432e-03
4.401482181852186051e-04 9.898801419669166213e-03
7.669704810379651683e-04 -3.403197949167089710e-03
5.112221052797375105e-03 6.508855191763342207e-03
-8.071822171110928576e-03 9.152905923146012132e-03
9.738567536208511026e-04 -2.271629886829483816e-04
-8.324374160471246370e-03 6.515669159737559092e-03
2.238444718275727982e-03 1.199789489726968764e-02
2.194456556851295120e-03 6.208646907144904289e-03
-1.300169005449262677e-03 -3.957154946568220560e-03
-3.642838272353008007e-03 1.275025369925845455e-02
-1.865737221954889271e-03 -9.396397511628098304e-03
-4.430495931317792423e-03 5.827532327944231517e-03
-1.341275634028604204e-02 -3.830709737437954735e-03
8.374283326235854030e-03 1.176812721422525708e-02
-6.249682303208835103e-03 1.326180362334050331e-02
1.005139806827749956e-02 -7.487318811748719209e-03
9.837250252945835304e-05 -5.167873333332237591e-03
6.828501785356180104e-03 6.512410876872885498e-05
9.541590712229028326e-03 -7.814693714009854006e-03
3.286855309626787736e-04 -1.039324426177830503e-02
1.917569787964247497e-03 -2.677394420720246009e-03
7.322849198417456275e-03 -7.455575923490429836e-03
7.107903711648402151e-03 -4.405496813008422802e-03
-7.199014705575960613e-03 1.051362624816685256e-04
-1.467376318558945931e-04 1.281865113801578665e-02
8.296290539974257583e-03 -9.603584921442236827e-03
4.619129038318649932e-03 -7.762161463625017778e-03
-6.313716256031384061e-03 -8.876795121715326878e-03
-5.920133870466893176e-03 5.528500628802988622e-04
-2.503812812941267479e-03 -2.267210923669281657e-03
-5.164139535233207463e-03 -7.048061555501456896e-03
-6.128640546929879293e-03 6.106112328511432812e-03
1.222572362797155927e-02 -8.602742021832552287e-04
1.256854765808828635e-02 6.712975286285428021e-03
-2.212832456451831707e-03 9.667878616250542758e-04
-1.835683784906794354e-03 -6.829962771649747758e-03
4.621770704155044908e-03 -2.275164942851405116e-03
8.544285545825263881e-03 -5.830366676182171908e-03
3.996055497804728088e-03 1.132203046454698450e-02
-1.016580393074497171e-02 -1.173714896566575936e-03
-3.800843078741102544e-03 8.010396925221808379e-03
4.527018734634339313e-03 9.154221583472722107e-03
-9.775728763151055392e-03 -7.337105621320153329e-03
4.433084836504732132e-03 -7.469576190919312818e-03
-1.207313707345891891e-02 5.644587486348436739e-03
-6.092961884925189586e-03 1.313208020867542500e-02
-9.346636160316968214e-03 -8.317359263351987650e-03
-1.170818409467495533e-02 8.569208284759110422e-03
1.286350120452470170e-03 -8.737676840122107075e-03
-8.633039885187513904e-03 -9.608364272605397771e-03
6.991849533266857389e-03 9.188368866821408631e-03
2.657761043847280645e-03 1.266037929221183224e-02
1.088999493993027473e-03 1.079273003984002749e-02
-7.472118860585933711e-04 -5.561378193039551859e-03
2.981010713829319089e-03 -4.210858018574972772e-03
-1.196445263363397730e-02 -7.111998103281447214e-03
