-1.636824961286200211e-04 -8.361411844925600856e-03
-4.659284132307984529e-03 1.507836653759301497e-03
-7.952349199800664778e-03 -5.302135626746499672e-03
-9.536854182623448473e-03 -4.347230417100857863e-03
3.305183270885411924e-03 -1.374002414647983519e-02
1.025346812286324688e-03 1.578342141150494010e-03
-7.246927425036818905e-04 2.263806623579585255e-03
3.398695529077418349e-03 9.639962069460990962e-03
-1.060103012077766998e-02 1.743748943613844006e-03
-5.170273087341258761e-03 -1.204027724773375219e-02
2.451805236939485003e-03 3.392757156949182534e-05
-1.338917353877233738e-03 7.818554874110889702e-03
-6.941978415111126587e-03 -3.083656220162032426e-03
-1.764089544466809246e-03 -2.720383810990888857e-03
-1.193068709546952263e-03 -3.089755177081416823e-03
-4.279710523415773335e-03 -4.700699717675869277e-03
-1.157017697435928655e-03 1.378879997614348724e-03
1.302149424564901133e-02 5.639431497104998095e-03
5.905694976358662716e-03 -4.704547464550307839e-03
1.096650568093625105e-03 3.204661843549675999e-03
4.995526195242625152e-03 8.825940065093750703e-03
-3.404922255501248961e-03 -4.031935569177040948e-03
1.465622799976779456e-03 1.202073549733585376e-04
-3.922728725421473217e-03 1.407906014886004973e-03
-7.317177373417539307e-03 5.608824768697555363e-03
5.897280924642789822e-03 -3.384932729795864584e-04
-4.294686551011987589e-03 -4.060562452242575185e-03
-1.628507027691223838e-03 -1.170668552905928866e-03
3.647524290739436511e-03 2.342662277937391548e-03
-7.768262218067537722e-03 -1.049983819453231479e-02
1.362465446105255024e-02 5.231757908859291720e-03
-5.518633353668629324e-03 -1.824057539601168674e-03
-1.091745848657127600e-02 -8.769213202675291141e-03
6.511840785470131288e-03 3.440701902908203068e-03
-1.917298433090248132e-03 -2.848941332927896856e-03
2.918121648194806940e-03 -7.211419142327677584e-03
7.579465336292100577e-03 3.879652718472334505e-03
-2.453992562234029624e-03 -1.275899880282502317e-03
-3.274177408271056362e-03 -2.943172149088610790e-03
-3.750711888025389656e-04 -2.664455216987856537e-03
-9.612532589017114618e-03 -8.457494736923774903e-03
5.176787004169207916e-04 5.917094621783717742e-03
7.746724214592342131e-03 7.414058533829322173e-03
7.248060942902282040e-03 -5.993172162383507418e-03
1.316111616355603378e-02 3.391479461959615721e-04
3.647987309699033016e-03 3.196694985095039319e-04
3.354230465248589799e-03 9.537381086335484925e-03
-1.186378964162735847e-03 -1.072077445679143343e-02
4.528411515573916440e-03 8.760336131999712020e-03
-5.556408672113242325e-03 -9.557657802436690664e-03
5.952091826466910382e-04 1.935387823897806968e-03
-1.831944687606363838e-03 2.183226662888762028e-03
-1.175905356657553844e-03 -2.487920133802841438e-03
7.985190730579565244e-04 9.938428813950558882e-03
-2.986312040790653922e-03 2.781086189788452203e-03
-1.280737549828114353e-03 1.993040724234997237e-03
5.925843922955421374e-03 4.450210534433164840e-03
8.846152896443412045e-03 -1.519236299182642833e-03
-9.504714802139196256e-03 -4.385532639256717151e-03
5.533146362304458207e-03 3.206913053593941389e-03
-1.233205424684217719e-02 -5.060922648387320213e-03
-5.757307349608048810e-04 -1.144851667775412599e-02
3.794171203484465217e-03 -1.254697126262566522e-03
9.838897309285887793e-03 2.120400843551598514e-03
-4.355516699312745980e-03 2.545972168347975829e-03
8.390900881157532104e-03 5.790357524296076489e-04
-5.193790936158581423e-03 4.322850415116563996e-03
3.776081812677015669e-03 2.189453389313272651e-03
1.326926919987808564e-03 1.374505347027980828e-03
-9.938428813949878871e-03 7.985190730585272484e-04
1.114382320684004744e-02 2.432119309303113451e-03
-7.633940988663440695e-04 -1.423808080401521743e-03
1.982040213019138370e-03 7.493441091901121252e-04
9.337918942797979183e-03 -1.171865955527478555e-03
8.730639615822979307e-04 -2.596200939639786882e-03
5.602916884055644114e-04 1.411164672261462638e-02
-3.065103810394986372e-03 1.474835120107398931e-03
2.942645245377362769e-03 4.427283474080213194e-03
6.337429142826648404e-03 9.560308146688439174e-03
1.826180980142129732e-03 1.401807057967301021e-03
-4.028822205965806522e-03 6.009090053587023625e-04
-4.478310513786091032e-03 -8.858526638839674550e-04
-4.565644104612102613e-03 1.353088666385268354e-02
-4.159694822699873742e-03 1.086908179111771566e-02
-1.815116584172687085e-03 -6.548881720252218430e-03
-5.850165516561752627e-03 -3.399462146102464992e-04
-6.713889388508195027e-03 -6.155785025395134336e-03
4.230870809002509371e-03 2.114174117127087457e-03
-1.605707736842827259e-03 7.203068975362885915e-03
8.843837801645562657e-03 8.595727597951109689e-03
1.267054460995461519e-04 7.938762229084250083e-03
9.045215905772755957e-03 -7.357076132401752476e-03
-2.223253191381259161e-04 -5.129049156236409335e-04
-3.720855950938182707e-04 5.888467738718183506e-03
-3.021564784485570275e-03 5.623401662086177644e-03
8.103370763132279955e-03 4.188720839972781378e-03
-1.220627483866068216e-02 6.923825139551345077e-03
6.209127159898751407e-03 -1.300035537638186828e-02
5.133040498297631628e-04 3.433150004358158196e-03
7.135149947470997844e-03 1.218778631364528763e-02
4.189854357841427297e-03 8.541523310280414727e-03
3.428184565308670887e-03 1.038268031801864791e-02
-2.765248009025729481e-03 -1.993966762153728811e-03
1.268512441320913432e-02 6.662590984098247689e-03
1.760640931800424094e-03 -3.809546365286801701e-03
1.066484586278772066e-02 2.026393915009645774e-04
-1.178349745331556606e-02 -4.470088116326425588e-03
-1.338582104427878073e-04 1.715249830052974342e-03
-5.661831653750346808e-04 8.303232040877379190e-04
8.435828963944024678e-03 -1.341376043873236234e-03
4.120402677872379328e-03 -1.176767509824633035e-03
1.960837458999093504e-03 6.997507874907355797e-03
-1.720550518558753824e-03 1.428182730986747974e-03
-8.893012765493441094e-05 -2.051619662487274968e-04
-5.075834791230630916e-03 7.293723409351979617e-03
7.441360244768751436e-03 -8.245978274745411479e-03
4.534638241997176328e-03 3.152309631716442451e-03
6.905001365080119802e-03 2.661006604320219349e-03
7.420620509708302642e-03 -4.020807288456055423e-03
1.270056345976437392e-02 3.999460939237748161e-03
-8.637414548023063937e-03 -3.396699858040902638e-03
-3.845198243190342622e-03 -2.573800782998763702e-03
2.931580849407920339e-03 9.574358136365132554e-03
6.376130499191241113e-03 1.324792285067000717e-02
-1.669858728306666470e-03 -4.077262786171017075e-03
4.199992715890316477e-04 7.440434206850128716e-04
-6.680025701689785295e-03 -2.929122159411917409e-03
-4.335703002171708773e-03 2.366786740911893533e-03
-1.558927578217511080e-03 -2.809313938646503320e-03
-2.667903829654351411e-03 -6.154858987476402761e-03
1.085953422153126610e-02 -8.119145059142561863e-03
-4.710263112954801018e-04 -4.572541329945662217e-03
1.391205680956883505e-03 1.297900902715581157e-03
1.012066371984690627e-02 2.095749476864487617e-03
-4.928261840566761781e-03 -3.496215537005719839e-04
2.384413112759746142e-03 2.914545266023756999e-03
2.956359985599014712e-03 -1.500811658920043860e-03
-1.480135808612607689e-03 -1.503062868966130927e-03
9.463698350979474205e-03 1.081288183241118500e-02
-1.039859820923513811e-03 -2.961197655144408390e-03
3.552574916615019746e-04 2.843640644423939701e-03
7.440434206843325347e-04 -4.199992715896025885e-04
1.319451683141348655e-02 5.588803591605923798e-03
4.057848223237462554e-03 2.164802022626842199e-03
5.675753873918839600e-03 6.459552458389802160e-03
-1.190881384253768315e-03 -1.847782868369547997e-03
-9.399930668030113349e-04 3.453825854666845319e-03
-7.929086889992671694e-03 1.048609122094427710e-03
-8.627276189971671769e-03 -4.497788961471406791e-03
1.122354101436436220e-02 -3.076151798697872655e-04
-2.958547310892198877e-03 2.588393502081748170e-04
-5.305520354661912887e-03 -4.256049079400977576e-03
1.306330896522426947e-02 6.523032950944700377e-03
4.365990306818498708e-03 5.686882154639934413e-03
4.838740924447564734e-03 1.352438857272535502e-02
-4.565516335108227124e-03 2.173950458005238784e-03
-4.541327987381394045e-03 4.478709647993573718e-03
-1.930087135393278221e-03 -9.668317587827352389e-04
8.218213544848208471e-03 9.963607084348919535e-03
4.079050977257507420e-03 -4.083361743090400606e-03
-1.272786517070696299e-03 -3.500206879091967145e-04
-8.582811126144203676e-03 -4.395207978347042202e-03
1.047857155576004812e-02 4.158369650573768769e-03
6.614485653348078573e-03 -2.282231263842185096e-03
4.473009825282242731e-03 2.447893605313965215e-03
-6.071101778821441121e-03 -6.921829468514367929e-03
-7.355415710819816766e-03 -1.017827147096169241e-04
-8.092434136666713448e-03 2.021140703589744889e-03
1.110419581255876233e-02 2.790490164177101672e-03
-1.294236722658895743e-02 5.000762998995610803e-03
-3.000825049426482372e-03 1.398230675795679922e-03
-6.054992233355330211e-03 9.082927339464924241e-03
-1.895632660111177051e-03 -1.112009787807234813e-02
8.360948825965892894e-03 1.859310283298016425e-03
6.573006183225820311e-04 6.168110708735384702e-04
7.957649888305873970e-03 3.740094685317644444e-03
-6.647886321205533078e-03 -2.967424381567777131e-03
2.103109721158325039e-03 9.162038532829800633e-04
-8.674280236175050361e-05 1.036810342463141167e-03
-2.424040507042391282e-03 -2.556174411150910659e-03
1.330040283200404098e-03 -1.429507903113423455e-03
2.053216199321774432e-03 1.373260001743491568e-02
6.647886321209748456e-04 2.967424381565517437e-04
-4.693020049626820669e-04 -1.307576241807728752e-03
-3.669525313173657450e-03 -3.405449159213177427e-03
-5.288357001773085625e-03 -3.654214036121721746e-03
-1.313339949271392134e-03 4.054335725818064562e-03
4.612966992643054154e-03 6.481553480824022231e-03
2.475530565707293601e-03 4.361679540985033930e-03
1.847383734162174598e-03 -4.846356707749942434e-03
-5.855338435556853250e-04 -1.013484147902244531e-03
4.158641015276586667e-03 4.533839973583000255e-03
1.134991121100875633e-02 -1.702796377205774772e-03
-2.907855520639540583e-03 -5.246606166950269594e-03
-2.619527134194098942e-04 -1.545340607496527123e-04
3.346407201996978199e-03 5.235062926326975591e-04
-4.307475253314227946e-03 -2.178452878095591457e-03
-9.782106562114416259e-03 -1.876936655145188589e-03
-1.527458696644131038e-04 -2.151550301364215604e-03
3.121894557565668606e-03 -1.231370931702811984e-03
7.801790655430226873e-03 4.392557634095974571e-03
-3.957853699613085238e-03 -7.106714718663033684e-03
2.063482326875679899e-03 1.274574708155826403e-03
-1.342828985504005562e-03 3.311617477259265734e-03
-2.386600438052929873e-03 -4.156517574735625609e-03
-7.554430661094969565e-04 -3.766869492545035520e-03
1.613531000095009367e-03 1.810805818339222091e-03
5.287430963850029818e-04 7.700199594976573671e-04
-1.225279945827688864e-02 -5.777664358133012892e-03
-4.117752333620740973e-03 3.957470391099747031e-04
-6.814682180546748416e-03 -8.524822976351972836e-03
-9.404720278514818940e-03 -9.327445335292908202e-03
1.163823959744818455e-02 1.998469182244081918e-03
-1.350186064657977504e-02 -1.799933076626666906e-03
-1.096650568093625105e-03 -3.204661843549675999e-03
1.086251981523805518e-02 4.337778965630163103e-04
-7.492163396856654778e-04 -9.374895992828986835e-03
2.055531294118262062e-03 3.617636120300020408e-03
2.805338422267399968e-03 -3.873968721463249155e-04
-2.795200064216797533e-03 -7.136922312860004801e-04
1.028274967914717501e-02 -4.164739972195971064e-03
8.657228245162740254e-03 3.217514430603678026e-03
7.748911539885524995e-03 8.656030842541191650e-03
-1.265298503272874533e-03 -6.700893206255031584e-04
-9.470388096362331032e-03 -3.181862552700027384e-03
7.332025631508518049e-03 5.107974171715453857e-03
-5.559985054284862123e-03 -4.730651772868078343e-03
-7.163377696329841296e-03 -7.642546694638945384e-03
8.489043328944446271e-03 3.729094174101104699e-03
1.164711666812444368e-02 -4.390577788752706052e-03
-3.675831750047174173e-04 -2.984523849704163144e-03
-7.520024244868419097e-03 -4.417209000781263141e-03
-2.323710733962863241e-03 1.835856319233135229e-03
6.205886027182279732e-03 1.160594079606979030e-03
7.385830784971841347e-03 -3.201484595584857575e-03
-1.594356150480587958e-04 5.479468978345119687e-03
-1.568938166763667735e-03 -1.306516104106230161e-02
7.795691698510841608e-03 -1.356352071468198885e-03
-5.862028180945942288e-03 -2.503822199317677112e-03
3.564357870547946432e-03 -1.447533409169220837e-03
-3.706965382167419563e-04 -1.805105995634390353e-04
-2.474397047835816613e-04 1.228321453243119785e-03
4.473137594785546629e-03 -8.909042600532799533e-03
3.240185951948771140e-03 1.107344548895283776e-02
1.121301934780055340e-03 3.486428254110122450e-03
5.220166609178599967e-03 -7.761189164163617531e-04
9.509089452724992994e-03 6.869477256681134382e-03
9.608285707935194236e-03 -5.383386086348085353e-03
-4.047246846228405928e-03 -5.288883905485694537e-03
8.198990636170860533e-03 -3.237136473487827338e-03
-1.431631343653704067e-03 -8.250480694835762852e-03
-3.993569462268958120e-03 -2.241406466938561642e-03
8.662656703173184092e-03 -9.701462716671480080e-03
-5.844737058552668812e-03 -1.325892336188654562e-02
5.413465911043708473e-03 -3.028925028779407697e-03
-5.969334889808493132e-04 -5.200352912036882748e-03
-8.387787517944937654e-03 -3.383049002571011498e-03
7.186304756682112063e-03 4.659348017060316489e-03
9.550441153341224926e-03 9.776071489948044702e-03
-8.015366673395968658e-03 6.242668513104215194e-05
4.840129981326002535e-03 7.455410234444874093e-03
2.219341559752117596e-03 6.221117593793181692e-04
7.675883477744857228e-03 3.764746052004755341e-03
-6.481090461864316872e-03 2.589974213216418141e-03
-2.240416544266926949e-03 -5.730884199508377158e-03
6.565981188388605311e-03 4.465186562028129226e-03
1.287669940874144534e-02 1.144819783597268714e-03
1.823993654849516508e-03 1.598347492547519660e-04
-3.557205106205275393e-04 -8.206478649967322058e-04
4.722636855358437399e-03 2.461544460783394051e-03
9.078536863181883940e-04 -3.415523632510305153e-03
-4.909677779417523889e-04 6.963580303336722524e-03
1.195042108216065602e-02 -1.329449494736822598e-03
-3.077892512697226728e-03 3.356944694254382876e-03
-7.948900587134280493e-03 1.227794549531190885e-03
1.764552563425834811e-03 6.973910315636813609e-04
1.042973184134177731e-03 1.571844050025425076e-04
2.785987744086177841e-03 -2.231204224135627245e-03
6.895326025989113872e-03 1.739102928324657779e-03
3.686225647102669631e-03 6.030276981917818968e-03
6.819519850084414334e-04 8.985774814346655839e-04
6.423836695734609289e-03 -8.104456221937977010e-04
-2.720319926239236907e-03 -3.914378558456572260e-03
-7.537650616716842430e-03 -2.996051264632630922e-03
1.795845616434563457e-04 3.675289020637211544e-03
8.946945688481965434e-03 8.498016517741952339e-04
6.683650142920250035e-04 -4.530263591411379590e-03
1.211330530987510083e-02 -2.789882968042530290e-04
-2.121869610880946925e-04 -1.613994019055286101e-03
-2.856365461974637830e-03 -3.441101037116147190e-03
1.927899810100665214e-03 -2.751405499298137077e-04
9.069276483987768079e-04 6.304619263429678483e-04
7.681647185209661624e-03 1.797123311480116302e-04
-4.852040704775184999e-04 3.378546582480659692e-03
9.366018922151584519e-03 5.639830631312481649e-03
-4.339279384343330305e-03 7.193792770480504986e-03
8.318671087431610267e-03 2.998701608885521314e-03
4.531189629330791176e-03 -3.377620544561248106e-03
2.459293250737877926e-03 -2.861410611474950096e-04
3.005199700012279110e-03 1.085713941628737526e-03
-5.191938860319759118e-03 -3.769120702589980922e-03
-5.173178970603369009e-03 1.145461563467351125e-02
-3.200686327170000622e-03 -7.488013797824107087e-05
4.221658488871889679e-03 -8.307223382945402683e-04
-1.048950818222482533e-02 -1.036823119413447097e-02
-1.244223518758065181e-03 4.438683119503555180e-03
-4.847410515171321531e-04 1.355553803054593970e-03
3.806033867868654878e-03 9.091788584448640912e-04
3.962819138663143705e-03 -3.789269649186059567e-03
1.040634176203412455e-02 6.578035507029681567e-03
1.198497167556036511e-03 -9.829221970194883598e-03
3.804644810989647220e-03 6.978157196726024816e-03
-8.110395757970286640e-03 -5.891644986681859181e-03
-1.729762838689373515e-03 -1.516713724434879968e-03
1.218679639097422496e-02 2.589303714305655688e-03
-6.384129591009569515e-04 3.249989060543651258e-03
2.851400022924579364e-03 1.433708540496523784e-02
-1.173718031364369896e-03 -1.245947825090972612e-03
6.201974395555509209e-03 -3.346343317244646239e-03
-2.001390891199788906e-03 -2.593151461180094684e-03
-2.882868904498530564e-03 4.369103670031094025e-03
-1.147098071914737227e-02 1.535936633112226606e-03
-2.009804942917593415e-03 1.772902730390164827e-03
-1.230879193703282234e-02 1.289822100454749917e-03
1.355952937261396644e-03 4.140216375013987260e-03
-5.783364180844914604e-03 1.015936507621013896e-02
1.572482897540853318e-04 -6.721441287058810624e-03
1.069778351168614722e-02 7.475287816338133107e-03
5.709745330240554965e-03 -1.670720881473745662e-03
-6.177195259365774425e-03 -7.728826478041670757e-03
1.611343674802396360e-03 5.688335096266731441e-04
5.162896435384834240e-04 1.198607296006419867e-02
5.085382360816971190e-03 4.985116472489205253e-03
-1.199568441440230018e-02 -6.084082135380569807e-03
7.677607784079015611e-03 7.029711140143830687e-03
7.508959848899765532e-03 9.564283663068003094e-03
5.541927314869697467e-04 8.362737017052274818e-03
-4.785654328952379521e-03 2.903017851095288787e-03
-5.202668006834051256e-03 1.071189738611517429e-02
-2.997711686213886621e-03 -1.405782574345724577e-03
-4.973652942313640593e-03 3.593783022028336754e-03
-5.161188536713943835e-03 2.261555413534639854e-03
1.178555700911124030e-03 1.706899663088644109e-03
-5.463694682334268573e-04 6.511377766509745266e-04
-6.443059604411955493e-03 -1.239029793564294830e-02
-2.024780970512447213e-03 2.413039995824599934e-03
-1.631157371943433351e-03 -3.896480821905900886e-04
-7.759512916894582488e-03 -5.531948959682338011e-03
-2.980420563821184303e-03 -1.216088373691391264e-02
1.591066958701763297e-03 2.771011716490644032e-03
1.102633008087248144e-02 -2.561746464358367024e-03
-1.215167141678261294e-02 5.925317019243383186e-03
-1.449069342779605099e-02 -9.326328225086029725e-04
6.324305191069256454e-03 2.108474294415185746e-03
-8.790160417687476607e-03 -5.548250159405118676e-03
-1.724462150184164974e-03 -3.078754665863735196e-03
-5.812725447572292085e-03 -1.940289378194961882e-03
-2.822501775156227230e-03 -2.144381711329306980e-04
-2.736094222249626368e-03 -1.058519194001630859e-02
-2.044003879189792983e-03 -1.078770356201214607e-02
1.359344111848770874e-02 1.224074572161878115e-03
-1.390250923998815648e-02 -7.001691453216970021e-04
5.611938131908789790e-03 4.513164123274994444e-03
-1.984690557270776725e-03 3.167636152454631534e-05
1.070274895073607211e-03 -3.420696551505273287e-04
-5.624391584757241179e-03 6.702888877291084992e-03
-1.101606395331721465e-02 -9.896278844919580153e-03
-5.142636126947468939e-03 -3.205587881468407140e-03
2.344913487982336949e-03 -8.084020084949699106e-03
-3.784958883352484635e-03 4.199593581685336779e-03
-6.841057853566766093e-03 -1.207155447505217638e-02
7.514260537404185425e-03 8.002242721637325973e-03
-5.679330256089890408e-03 -1.632546428821870501e-03
5.278218643722483623e-03 4.755303139554046925e-03
-3.005662718971304458e-03 9.372788377984694278e-04
2.642678082172590648e-04 -9.960429836384100677e-03
7.130104797975691557e-03 -8.964045156617779855e-03
1.154447180024842715e-02 1.332355377998143547e-03
-3.695102717778138597e-03 3.587699890807906789e-04
2.921235011406042668e-03 -1.001543239247022418e-02
-7.674334999969905161e-04 5.426190728594297748e-03
8.950649840165188697e-04 -1.533414058364001653e-03
2.522773743297648547e-04 -7.673696152447676260e-04
-7.414729032740193480e-03 -1.092116263824745130e-02
2.107484371744121777e-03 3.400148470707397945e-03
-8.121923172898755719e-03 1.278422455030265182e-03
-2.738153778035995554e-04 -2.318410045457083325e-03
-9.026200477045893955e-03 -1.330599420273602396e-04
2.101257645320291599e-03 9.008174970991347091e-03
2.081571717683129447e-03 -2.169575807420012770e-03
8.897978204564036681e-03 9.620212257071035847e-03
-2.385339150677796838e-03 1.131440292830657775e-03
-4.711540807910568913e-05 6.784394875902946109e-04
3.837710229392520857e-03 2.893869415715069875e-03
-2.181901490762657055e-03 -2.222454922964033335e-03
1.149390777950100653e-02 -4.519135310689714052e-03
1.033689008206564730e-02 -3.140255313076045773e-03
4.665510858732604439e-03 -7.115863154041429835e-03
5.273843993136686885e-03 2.271358522129629694e-03
6.256242567973554873e-04 -1.367879486397809196e-03
-1.606969024216599404e-03 1.915111107797744412e-03
3.872499954129771885e-03 2.074546722845693920e-03
1.286501257292348675e-03 -5.578074445091060068e-03
-2.656041165270161750e-03 -3.990983002768972582e-03
4.693483068581545854e-03 1.105276963864415193e-02
-8.998563516652674857e-03 8.701629424238663951e-03
-8.529150149855398155e-04 1.175095893862326130e-02
-5.944731582177046128e-03 -8.317010665850355436e-03
-1.458711156924880764e-02 -8.177261560410242422e-04
-6.128355544951149137e-04 -5.142300877491747489e-04
-9.817359305810693937e-03 9.653788171513945360e-04
-9.798343877083831935e-03 -6.524757257277717312e-03
-2.892879493044686785e-03 -5.886743432384704267e-03
5.958111072943548213e-03 -6.945027893570137473e-03
-9.020899788539542882e-04 -1.695100883457576792e-04
8.673002541173700439e-03 9.888327812162733474e-03
5.574961081879716354e-03 4.090514507433643671e-03
-6.030676116124620775e-03 3.075032360581484922e-05
-8.170427637856868958e-03 8.025840280901721385e-03
2.883283864394280051e-04 3.701265559449855823e-03
9.155556267397649620e-03 7.290801700396270894e-03
-4.081238302550692018e-03 2.841389434378532863e-03
-3.776081812677015669e-03 -2.189453389313272651e-03
9.670712393066235521e-03 2.631980587047882871e-03
2.466781264535699257e-03 -6.062096938638015077e-04
1.685760793820931637e-03 -6.088600381166912488e-04
-2.502832276646723298e-03 -3.862425480831963714e-03
3.233288726614639078e-03 -1.986414863603683939e-03
-4.909709430800286885e-03 -5.816764848703618977e-03
-9.943266483496061847e-03 3.375672350601748722e-04
-6.222586361111292347e-03 -3.785421902311620138e-03
6.255524010011080660e-03 1.105807032714993185e-02
2.958164002378204944e-04 3.381196926732868771e-03
-9.563820644107726143e-03 5.485967069472449942e-03
-1.007308529280684373e-02 -4.797181743881528612e-03
1.208507756102192082e-03 4.266251322209159945e-04
7.726240018540432748e-03 -1.107464289157438810e-02
-2.961197655143837232e-03 1.039859820922833366e-03
2.261156279327946467e-03 1.505713213218340439e-03
-1.065596879211088907e-02 -6.591686362498431692e-03
-3.463565078509393477e-03 3.816571360126059121e-03
1.010522467329109594e-02 4.758879521725668457e-03
-6.841520872525791441e-03 -1.004856169562496834e-02
3.906826659907208267e-03 3.278216809401702809e-03
2.789899375712949665e-03 2.275733172715997590e-03
9.342293593382063966e-04 1.312078661898980121e-04
-7.092999978441380873e-03 -1.970241433387171816e-03
-8.932767929299926385e-03 -8.800889564200518878e-03
-1.971901854969107092e-03 -1.850433212621757509e-03
-3.189621931201918649e-03 -5.221954800264301012e-03
5.884156972884037849e-03 -7.790327125253981334e-03
-2.026840526301755888e-03 -1.018586851873471213e-02
6.160031906476376440e-03 7.126991434763095372e-03
2.344785718477101436e-03 3.272916120896603338e-03
-1.237198523921857242e-04 6.141607266206487292e-04
6.609520214298020106e-03 8.613753104006907288e-03
-8.681416592890144057e-03 -5.522273620591332949e-03
9.248525796184020251e-03 6.459648576510011730e-04
1.456410479844799308e-03 -2.824689100449410961e-03
7.980241699204356637e-03 -8.577047418680079291e-03
4.242733473386699032e-03 4.278050101834517636e-03
-8.017602057744266809e-04 4.222520642038288426e-03
-3.640036276941614746e-03 -2.662730910653697720e-03
-3.782771558059301337e-03 5.441565890397204522e-03
4.582344438541113493e-03 -1.090605884114804330e-02
1.059307908802082331e-02 5.993124685296702045e-04
1.110339754414322623e-02 -4.520460482817069761e-03
-1.262223470911906856e-02 -6.702170901294879357e-04
-1.107714964062278236e-03 1.942412818737064605e-03
-1.018679455665287385e-02 6.072826085154919493e-03
2.139160733269348646e-03 5.384839027978744960e-03
1.535665268410088720e-03 -3.541430810195104074e-03
6.803282535122155694e-03 4.337954212216653740e-03
-1.549715258085530714e-03 1.355825167762660707e-04
-1.108703245966936521e-02 -2.188655120898525853e-03
5.142300877491747489e-04 -6.128355544951149137e-04
3.317844203683776791e-03 -4.265197514779373728e-03
3.971105420875712701e-03 3.201612365089983366e-03
-1.301274494447741785e-02 -6.715422622561627655e-04
-6.893122293029595171e-04 -1.193544505456512264e-02
1.134772388571557433e-02 -2.944768685917643382e-03
-1.259181963496840313e-02 -3.973484400425103015e-03
-4.218672895163168984e-03 9.383645294000580311e-03
-8.420580989673721872e-04 -1.408699535592933781e-02
-6.062815496608872992e-03 6.905254576167457053e-05
2.364136396659684020e-03 5.116723472887047333e-03
-4.992540601535265347e-03 -2.730171093888525413e-04
1.267776416891597778e-02 -4.374276589031065969e-03
-1.094316366068178066e-02 6.351942151463156432e-03
-1.199833475865587015e-02 -5.303061664666373562e-03
4.804541988175365166e-03 9.637822803230430401e-04
-3.524395226811512325e-03 1.042310598071546912e-02
-1.443621777542558517e-03 9.425795263024271250e-04
8.087468697618015873e-03 8.874843664260488943e-03
-9.492053869349917003e-04 5.089293992440754952e-04
-9.524528499280803320e-03 -4.206347211819953108e-03
1.072740031742206585e-02 -3.138930140949831513e-03
1.352697503222659303e-02 5.870670776104806865e-05
-1.400418001088863653e-03 -4.242797358138350981e-03
-1.413139653500390322e-02 -4.938990987080482328e-03
-2.303434017862229961e-03 -3.663218876308354426e-04
-1.403762873780414581e-02 -4.272877182834544825e-03
-3.973755765127921780e-03 -2.420591894374644806e-03
5.430166244972721087e-03 -4.040972060747661555e-04
1.091539893078332518e-02 -3.829695311882879913e-03
-9.852947298963262920e-03 -5.526249136970897737e-03
-2.525296318039969151e-03 -2.902219582680541990e-03
4.392030730383365660e-03 -1.003297730800987650e-04
-6.646608626168805638e-05 -1.165367864400149167e-03
-1.084535646235058881e-02 1.680571467150976384e-04
-5.151385428119063283e-03 -8.173477116317242469e-03
5.338713542569452179e-03 -1.118517490745559936e-02
4.329157433965082763e-04 -1.249500235930827222e-02
-4.819054996811194050e-03 -2.346637794315814887e-03
-7.269008157913215903e-03 -1.047253648359299481e-02
-6.578306871731820320e-03 -4.606069767308351368e-03
2.994135304042836246e-03 6.232788603913656453e-03
-1.798879269202700252e-03 -1.901061118120370586e-03
2.397201815061986499e-03 1.032435691876773271e-03
-8.030214931489886672e-04 -1.065437225528675404e-03
5.029852901020851266e-03 1.002961015165158148e-02
8.715871068172245661e-03 -4.630992498698281029e-03
1.323069561302838565e-02 -1.299497439545755847e-03
3.634735588436406421e-03 4.224771852082553382e-03
1.709949141547765583e-03 1.695899151871643144e-03
4.474271112655444152e-03 7.735851472879786729e-03
-4.676319715693507892e-03 -1.045093459536671800e-02
-1.182232657918210264e-02 3.199233385539911739e-03
1.710412160507361872e-03 -3.270936275562445804e-04
1.033297845043172018e-03 -7.647192709930196583e-04
5.406057607691926430e-04 2.933895944205087980e-03
1.923062140554482238e-03 -7.360923879281657586e-04
-5.635791230182405492e-03 2.516020113156446775e-03
-1.196054303254312501e-03 -1.164267813278631325e-02
-1.480598827572204195e-03 5.199299104617569056e-04
6.084816519043093064e-03 9.937343355141108753e-04
-6.619786341851927741e-03 3.844272205272182205e-03
-9.445864499179775636e-03 8.456840063707863828e-03
-1.884696033646399626e-03 -4.910236334511644193e-03
2.903480870053743411e-03 2.762661549525852363e-03
3.731616748849548443e-03 2.086872406188908929e-03
-1.108000746483192925e-02 -4.857309741887663040e-04
-6.758354452335662253e-03 -6.258366008519498057e-03
5.886472067682809676e-04 -1.790529102239159752e-03
2.943236033840262739e-03 -8.952645511194437869e-03
1.755803262254240684e-03 -4.270498203285153643e-03
-3.240313721452645762e-03 2.834907168946052686e-04
-1.148940535941054414e-02 -4.353856277731490282e-03
1.345613429537774637e-02 -3.590605774064660645e-03
3.398951068085167594e-03 -1.307391034223389682e-02
1.180549847574978786e-02 5.532874997602211034e-03
-4.371754014282732380e-03 -2.101848433783872015e-03
7.971780752431497676e-05 -2.739734489172900283e-03
-1.127158246036287850e-02 5.032040226313354986e-03
-4.423244072949567181e-03 -3.907353563618456288e-03
9.057876838571121692e-03 2.117750499298708556e-03
-9.236663131800401313e-03 1.517911127057109885e-03
8.753183367656470690e-03 5.125600543563306466e-03
-2.636818256593385836e-03 9.209760555068453869e-03
5.702225665051106201e-04 -7.680322013082876639e-03
1.001974315830311650e-02 1.108364773175395113e-02
4.823892666356016136e-03 2.807589632313025382e-03
-9.910201065088887398e-04 -3.746720545944851218e-04
-5.149005866626342638e-05 -1.805505129835264719e-03
8.731182345222821342e-03 4.062813662286840141e-03
9.021490577004945624e-03 -1.168482810181729371e-02
-6.239749714000690332e-03 -4.387256945590195523e-03
7.055559909451919465e-03 3.570584596971886331e-03
-4.867559461769307289e-03 4.400780031555640015e-03
7.378215001669573801e-03 8.475520242979574237e-03
4.236171497507717695e-03 5.521331756982317956e-04
-4.255857425144089247e-03 -1.172988395410777193e-02
1.235346448081235757e-03 1.950363851493911718e-03
-3.281330172613727836e-03 6.710839910047931671e-03
1.975015218179771229e-03 -9.535800375201085354e-04
1.161670159397435072e-02 -1.087310478457770117e-03
-7.016730783584812156e-03 -1.123990609883890497e-02
1.194028272411062561e-02 -2.283603913051787324e-04
4.610779667349870423e-03 5.239581172112154489e-03
-5.160725517754918487e-03 2.385626341074322497e-04
-3.523341419388225683e-03 -4.979815783985247664e-03
-2.632651085957503877e-03 -8.997174459773667199e-03
1.105893248031575987e-02 -4.623041465941433482e-03
-7.488013798392678970e-06 3.200686327169868350e-04
-2.344785718477101436e-03 -3.272916120896603338e-03
1.105661738551927224e-02 5.491922431193460921e-03
4.284133233054751577e-04 -3.622010770886388738e-03
-5.411150816245859953e-03 -7.086038868354346126e-03
-6.991744167442441246e-03 -1.624196261856398170e-03
1.009444746771488363e-03 6.264464965438882454e-03
2.434003036529347810e-04 5.621677355752700139e-03
-6.669759574135878527e-04 -1.538714746869100690e-03
-7.916218477243954030e-04 3.121431538606642825e-03
6.400781865877671999e-03 1.352968926123045319e-02
-1.843807351990553499e-03 1.935067818133108953e-05
9.117653179449602182e-04 1.091413764341319899e-03
1.087438247959713342e-04 2.597653881264448873e-05
-1.037029074992310181e-02 -2.109400332333916453e-03
1.196400805287707418e-02 4.099391578109222792e-03
1.783903241607846454e-03 2.541198383554805693e-03
1.503062868965450482e-03 -1.480135808613178630e-03
8.404615621379184914e-03 -5.349059380570649405e-03
5.332359046640956779e-03 5.779787798673973083e-03
2.520458648495147065e-03 2.441267744683331929e-03
-7.489609170717754540e-03 -7.720476311076879088e-03
4.976575233267598389e-05 -1.459459958304491507e-03
-4.513435487977703053e-03 -9.400473397433006112e-03
1.024968426074293962e-02 -8.045219118615800497e-05
3.706502363203302911e-03 3.828098775053847321e-03
-8.074344745859263900e-03 -1.423009811986094501e-03
-7.902327908453873114e-04 -2.947546799674517683e-03
1.253435838888684872e-03 -1.493786664081927671e-03
-4.535436510411923125e-03 -1.046326027870879069e-02
-1.195719053798590835e-03 -2.308734706366758274e-03
2.840926415419398228e-03 6.104231081976647585e-03
-1.152856973473359234e-02 -6.018478202286531992e-03
3.858322194947733270e-03 1.002563463527201756e-02
7.778528345621442755e-03 -1.958187114746774270e-03
-1.409295071765693510e-03 2.146249612859116567e-03
3.746928025900123256e-03 1.078067856717403010e-02
4.557900551806531170e-03 9.503054380558512149e-03
-1.800268326081137186e-03 4.167917220160109910e-03
1.135814943421545819e-04 4.869283768109964922e-04
3.847720817938676645e-03 1.314971651813086860e-02
-5.786014525098484573e-03 1.094038554692433607e-02
-1.022019522451225737e-02 8.231704397444958299e-04
-4.274872853874242995e-04 -4.239747879680261450e-04
1.097113587052650670e-03 1.181669064122468395e-03
-4.178119462964185863e-04 4.979288880275359666e-04
-3.852558487483498731e-03 -1.361066835612807953e-02
-8.430656044944053601e-03 1.113627130829068258e-02
-3.165561352982690715e-04 8.439740595564868518e-04
1.772375826678806651e-03 9.711265825267611368e-03
4.031935569177040948e-03 -3.404922255501248961e-03
-9.826060547924451213e-04 -4.740726246165886948e-03
-1.227395415323817487e-03 -4.293425263638106157e-03
7.757325591601398757e-03 4.289976650970469402e-03
-9.663687398224585050e-04 -9.290564403403839917e-05
3.059675352385902991e-03 1.144414202716889997e-02
-4.516676620694963160e-03 4.760476058554020604e-03
-5.164174130423586969e-04 -6.291367542167536960e-04
3.311489707755281391e-03 1.269976519135019785e-02
8.135510143616532172e-03 4.150418617816922090e-03
-4.003244801359964050e-03 -3.163310142934124079e-03
4.671609815652559561e-03 -1.366953448477935956e-03
-7.033095868058674045e-03 -4.530790495123308489e-03
-3.605246552205153450e-03 -3.482053603524896436e-03
-1.560651884551098739e-03 -6.074279026786259979e-03
-7.068811630714547795e-03 3.345177566011631187e-04
-9.248892697023506498e-04 -8.543247616614572243e-03
9.674751794196882401e-03 -4.218018221947936186e-03
-2.528409681252565336e-03 -9.820633253913770705e-05
1.290665146393308454e-02 -1.354547472711400621e-04
1.940688512402906005e-03 -2.157250124076797761e-03
-1.207990464201571731e-02 5.528643942214677559e-03
-1.425532386735109402e-03 -2.501570989273412156e-03
1.769853251931043569e-03 -8.646499098651739754e-04
-2.160028237833672062e-03 1.019726816415805412e-02
1.444595874518445414e-04 -4.839331712911826462e-03
-1.385711813824127767e-02 -4.643573721050606173e-03
1.273249536030292804e-03 -1.672972091518691064e-03
1.263939806200846568e-02 1.272052133408063321e-03
4.368305401616347228e-03 -4.428081742493817675e-03
-1.270599191778083292e-03 8.919516208033522863e-04
9.449313111847521679e-03 -1.926909887429030955e-03
-1.524137853481049784e-03 -3.628636631517702035e-03
4.087800278429101763e-03 8.845274917584336396e-04
-9.414858636564849351e-03 -8.226356231861263468e-03
-1.111075778843774453e-02 -6.516407090313387947e-03
4.163015665862383405e-03 7.017784591007417486e-03
2.648553151472339984e-03 4.311051635485278755e-03
4.171301948074953268e-03 1.400866660528345999e-02
-3.529903395266635862e-03 -8.705732710122215251e-03
-1.210707858345184094e-02 -5.329038203479017841e-03
8.179049169524589546e-03 8.298985159794557837e-03
5.324408013884110100e-03 8.122849210817486426e-03
-1.459396073552159112e-03 -5.728233855255487200e-03
8.928058029258979789e-03 -3.016998479644135943e-03
8.069331247757601661e-04 5.572374622380300672e-03
-7.338252357931777936e-03 5.000523285678165793e-04
-2.350086406982880918e-03 -1.710875179467067882e-03
4.006358164571199344e-03 3.592968927915774803e-04
-6.454124000381398357e-03 -7.243223273358030678e-03
3.416784919884867031e-03 6.195811553885152007e-03
-1.091354685494586377e-02 -4.262275805824807320e-03
-1.703722415128369251e-04 -7.303925652155836019e-04
1.571716280519751437e-03 9.272043644995195920e-04
2.185940891893303935e-03 -4.627543886031785722e-03
-8.982661451137838315e-03 4.015506599950276374e-03
-4.145054044558810213e-03 8.950010992641863668e-04
-2.236041893681129777e-03 -3.246939582083959060e-03
-3.184321242696709891e-03 -6.783995741693155807e-03
-2.210129239620137447e-03 2.322784696043451221e-03
1.149172045420839353e-02 -5.761107619402263541e-03
-6.944628759362764941e-03 -2.302635749447373443e-03
1.518198317450015176e-04 6.197535860217488063e-03
8.811826190665976097e-03 -2.722906385738652589e-03
-4.805803275549137311e-03 -6.251740147888183892e-03
2.135712120601602169e-03 -1.145091148300087045e-03
-1.223483783697045879e-03 2.135121332135191119e-04
4.279503043464497015e-04 -1.599017991459181134e-03
-4.213707456114471409e-03 -1.512339073849653954e-03
-4.900417400223408028e-04 2.917594744483449631e-03
3.762830091414389073e-03 6.094555742886321667e-03
3.412075019846993063e-04 -5.622076489960400750e-04
-4.172227985994363987e-03 -9.962681046430187093e-03
2.479027237439676828e-04 -3.251314232669185074e-03
-9.637183955708198248e-04 -8.739261147486967855e-04
-1.042270684650798557e-02 1.310800966859131805e-04
-1.574366624772750682e-03 -1.461838937860030331e-04
-1.168880361819547593e-03 -7.849959870937623339e-04
-1.655808738629292644e-03 -6.714144927517174191e-04
3.280404134694316250e-03 -2.664854351194659212e-03
-1.083959275488578268e-02 -3.416976574141645639e-03
-1.524137853481049784e-03 -3.628636631517702035e-03
-1.220370420485021286e-03 -2.590501116927204726e-03
-1.082865612842157620e-02 2.792884969419738746e-03
-4.417145116029611192e-03 1.841556141945036940e-03
2.876642178074699952e-03 1.238922830252856639e-03
1.147098071914737227e-02 -1.535936633112226606e-03
3.054965452344954660e-03 -3.737460166757537641e-04
-1.094396192909652746e-02 -9.590084955291913738e-04
2.236504912640155558e-03 1.223946802656751673e-03
-6.580988867367584295e-04 -7.927761717866568456e-03
2.772273003864525465e-03 3.696890908864629375e-03
-2.870415451651440065e-03 -6.846949330536126858e-03
-9.513927122271175971e-03 -7.330429094679486758e-03
-6.396742464741581556e-04 -2.037968807022170689e-03
-1.075112564619000672e-03 -1.188821828460025036e-04
2.091247056774134944e-03 -1.247672131424450766e-03
-9.773053662872365800e-04 -6.302767187594742609e-03
1.454686173511211648e-03 -6.089654188589166753e-03
5.850963784975927832e-03 7.650896861603275617e-03
-1.122526532069794900e-02 -2.957349908269969394e-03
2.572874745080032128e-03 2.007873156635014283e-04
4.937138911243020047e-03 -6.039425417296215119e-03
1.018465994618395973e-04 -1.303388381374387742e-02
7.017656821500493653e-04 7.193920539979021915e-04
-3.859711251826741796e-03 -3.956656296990855755e-03
1.016963120376540575e-02 -6.674661128433033441e-03
4.103702343943938305e-03 -3.801595332529954588e-03
-4.016033503662204407e-03 -1.281200568787139917e-03
-2.145387459692608099e-03 2.231874723045247167e-04
4.611242686308895770e-03 3.216588392684946451e-03
-9.676013081571444713e-03 -1.069939645619027643e-03
-9.288616209425691606e-03 1.735398776649052770e-03
-8.727605963051198942e-03 -8.889819691855451594e-03
-1.301014265928747632e-03 4.195218931098968450e-03
6.330867166948237791e-03 5.834391220551471587e-03
8.240805355745329380e-03 -2.353535019649946949e-03
1.707761816255152576e-03 4.539268431590941970e-04
-7.621280055867357857e-03 -4.763254172312036787e-03
1.151670707034997340e-02 3.854602217578420500e-03
6.364858623269952290e-03 -2.295882119312075368e-03
7.312547183820920695e-04 1.462110302557381464e-03
-1.028460175498349498e-03 1.225671108990229827e-03
-5.888531623469835455e-03 5.306382507829564103e-03
8.896716917190263668e-03 4.332254389505894344e-03
-5.463694682334268573e-04 6.511377766509745266e-04
-1.011502778188597650e-02 5.676153008126213866e-03
-1.089753342760064851e-03 9.855198509007526142e-03
3.627710593598399737e-03 2.521847705373474711e-03
-1.114336018788102123e-02 -4.455112088730320621e-03
-1.881710439939039605e-03 3.642686621193253534e-03
-7.075836625551982020e-03 -1.368406390108596431e-03
1.631620390902458698e-03 -1.633344697236617299e-03
-3.000362030467456590e-03 -6.247621036315276818e-04
3.724208445495397202e-04 3.445475687701373205e-03
-1.529901560945283673e-03 -4.360291066163920343e-05
-7.113404464045318051e-03 1.158887297932356328e-02
7.745925946178166058e-03 1.031078868362926212e-04
8.285270419572225015e-03 -2.250954036524902349e-03
1.268823777642173051e-02 3.858577733956843406e-03
-1.954738502079708673e-03 -1.248598169343182124e-03
-3.630823956809635031e-03 2.821655447690716700e-04
-8.187000202282006950e-03 -5.955923747650363614e-03
7.076571591195192010e-04 -1.422257787270446092e-02
-1.440971433289559489e-03 1.615590555889104577e-04
8.140347813161355126e-03 4.611370455814132151e-03
-1.071010919502936309e-02 -7.616171021618356983e-03
-8.242242471676727508e-04 5.182726540189710150e-03
-9.086439836883751509e-03 -6.906454306711460288e-03
1.242800936933454760e-02 6.969008761345805471e-03
-1.565952573055517331e-03 -4.512238085355581990e-03
1.322632096244258718e-02 -3.783442056970173079e-03
-7.297235906770695862e-03 -5.927296864585510257e-03
-4.261748902113559299e-03 3.212085972594594645e-03
-1.116464265235233254e-03 -3.025476416112912389e-03
2.813161685520371592e-03 8.626477921557604983e-03
1.031429827116716637e-02 9.176886790921679263e-03
8.832023196323291001e-04 -3.697290043071432483e-03
-2.429804214506624954e-03 1.028859309705151956e-03
-1.366554314270453270e-03 -1.016134492155134489e-03
-1.256549202101280623e-03 4.297799914223332171e-03
-2.834907168946052686e-04 -3.240313721452645762e-03
-5.272917955218635322e-03 -6.317344080984044034e-03
-3.368743473886349864e-03 -1.092023660032872059e-02
3.503990741206213823e-03 3.136008431994123224e-03
-3.753953020737560084e-03 -1.248360271388378878e-02
1.703722415128369251e-04 7.303925652155836019e-04
6.113970305820556200e-03 -7.597490842347326585e-03
-3.897486570271353062e-03 -1.169025655982637753e-02
-3.142506523120881020e-03 -5.900394287854134404e-03
-1.628842277145585264e-03 -1.050461197932434435e-02
-4.007156432985375417e-03 -7.670247539784606598e-03
-6.646608626168805638e-05 -1.165367864400149167e-03
2.359298727113500610e-03 4.655771634888694957e-03
5.408963490952676222e-03 5.844066559642477517e-03
-3.326130485896345353e-03 -2.725684499496668339e-03
5.752023068774838460e-03 -2.810112207061250117e-03
1.095940097565176879e-02 -1.704121549331308154e-03
2.307473418992875974e-03 -6.483676921364983289e-03
-2.747414157230112499e-04 1.727575513396189567e-03
9.577407614825504331e-03 -5.712599662526136879e-05
5.680352412124976130e-04 -8.922294321795426128e-03
-7.496171146596735876e-03 -1.144639323721316493e-02
3.256088017463606814e-03 6.387322664664451047e-03
-2.086409387229312424e-03 1.708623969421660827e-03
8.286659476451232673e-03 -8.319932374806063291e-03
1.057949211730963143e-03 -4.829528604314309997e-04
-2.664455216986605368e-03 3.750711888024296781e-04
4.242733473386699032e-03 4.278050101834517636e-03
-1.091349879588416564e-03 -4.766702784978531227e-03
1.182004313576938241e-03 8.236829839367014461e-03
6.330994936453474171e-03 -5.522544985294830858e-03
4.589241663874674831e-03 2.153801511409161006e-03
-1.342365966543619107e-03 1.288624697833200229e-03
1.619581897950323618e-04 5.096446756785843329e-03
5.424402537508486548e-03 3.180936514781296676e-03
3.223485618018398068e-03 8.448617666247056068e-03
5.158873441917455338e-03 7.853408483600254550e-03
1.990454264735581555e-03 -3.616710082381289267e-03
1.130642024415910545e-03 -4.925611496314551835e-03
2.551671991059987696e-03 6.448951081380744667e-03
7.755601285269171120e-03 1.025011562831854624e-03
-1.396506369462092046e-03 2.641400387132742875e-04
9.648248351672989234e-03 3.592186485199304596e-03
8.091843348203814346e-03 1.135878828168490617e-02
-8.763784744666098039e-03 -2.001518660703773250e-03
3.154496957008946171e-03 -3.292665933285878876e-03
-8.978286800552041577e-03 6.499451217374692738e-03
1.214734482525451969e-03 -5.181401368062353574e-03
-3.363698324385160587e-04 1.023159486994392126e-03
-5.971107255197064673e-03 -1.186374216455055725e-02
6.713889388508195027e-03 6.155785025395134336e-03
4.162680416407233547e-03 -2.316158835412818369e-03
-7.353100616023329136e-03 -1.021674661184451133e-02
6.129616832325711015e-03 1.043025874505871045e-02
3.187434605914530195e-04 3.979982491553817037e-04
8.135047124656145934e-03 6.173411397242987812e-03
8.535695718064527371e-03 5.073647465938017909e-03
-1.162557866464981882e-02 7.476357449456378680e-03
8.655503938830511751e-03 -4.745065753493631772e-05
5.309304216781869298e-04 2.011992268209525977e-03
-2.526685374918977243e-03 3.166758755600618518e-03
2.006691579704997664e-03 1.031110519751239239e-03
3.508828410752397233e-03 3.596960269992475600e-03
-3.761105785080801414e-03 -2.829590654746565875e-03
-9.883697622566794440e-04 -1.155692525309823899e-03
-2.599250418100050239e-03 -3.747518814363704539e-03
3.959242756492093764e-03 1.037736380381872091e-03
-9.472703191160180419e-03 6.933101344433725138e-03
8.214892701685697074e-03 -7.923259297776215349e-03
-2.891490436166248984e-03 -1.195572177066518693e-02
-1.075377599044208266e-02 -4.078013577503720316e-04
8.537547793901990520e-03 -3.018323651769670192e-03
8.177324863191001020e-03 5.034020071654802045e-03
-1.245021787172241471e-03 -2.872267527489473938e-03
-4.226496158412410518e-04 3.697705003032582456e-05
1.014392602965432863e-02 8.446494225706095010e-03
-5.978595269002612246e-04 -1.154367353183609855e-03
-3.691861585061667790e-03 -1.380217946690805858e-02
6.079978849502923940e-04 5.327824975196457976e-05
9.738104517247336139e-03 -2.486371074052404206e-04
-4.244920798679312039e-03 -5.520022410547067125e-03
1.304925897554746680e-02 3.117184657524720709e-03
-1.502136831046828845e-03 -2.565849750241916589e-03
-2.839665128045625216e-03 -8.162732144115061915e-04
-5.790724425139431170e-03 -8.775024969203178843e-04
-9.762292864974169218e-03 -2.056122082583094080e-03
3.279142847321114395e-03 -7.952812218760480292e-03
-1.886420339980557793e-03 -8.175201422650719973e-03
-1.617442631721780540e-03 -6.317743215190846709e-03
-5.174775507431721155e-03 -3.167285659312547418e-03
6.048845217376968598e-04 2.857291499893368971e-03
-8.887839846513433811e-03 -1.072130136050336233e-02
1.119657455288008280e-02 9.525582306703517937e-03
5.307835449458972107e-03 -5.858914817734597706e-03
-2.897509682639593659e-03 1.434318436188462310e-02
1.111479718956781895e-02 -3.335917186817506652e-04
-4.928261840566761781e-03 -3.496215537005719839e-04
1.609491598964362703e-03 8.660804627335040931e-03
7.097837647986203827e-03 2.431193271384381443e-03
6.872398965636843104e-03 4.722301605903287541e-03
3.136870585161883294e-03 -1.871508197136105209e-03
3.337194881863066545e-04 -2.421390162790533485e-04
-3.364033573844831676e-03 8.976514435152542146e-04
7.586027312171081914e-03 7.605569644608619478e-03
1.465622799976779456e-03 1.202073549733585376e-04
-3.059803121889777613e-03 -8.720582132145629668e-05
7.437193074133439767e-03 9.960956740096029577e-03
5.160725517754918487e-03 -2.385626341074322497e-04
9.424661745161089926e-03 -2.208676297989477840e-03
-9.492053869349917003e-04 5.089293992440754952e-04
-5.000826883747833476e-03 -7.263899123664895041e-03
5.485567935266108053e-04 5.908345320608939747e-04
-4.490252888612591628e-04 -3.509754448669877205e-03
1.102275369870086077e-02 2.265259565210245296e-03
-2.880090790741085104e-03 -7.768853006530547847e-03
-4.969948790638143571e-03 -1.259015921338771903e-02
-5.780586067088039869e-03 -1.978591600350821170e-03
-1.937623208254947438e-04 4.275798891789111232e-03
-3.518966768802428511e-03 -2.495871166560830433e-03
-9.720478145398911071e-03 -1.172520628743391365e-03
8.569224155427788980e-03 -1.033633094499003188e-03
-8.530395029559318179e-03 -6.635688407366872703e-03
8.641326179648474437e-03 7.903637254891385591e-03
8.911357695329967174e-03 -5.641826302348777050e-03
-3.799471891988313085e-03 2.816738067692563848e-03
-4.102441056568804402e-03 9.089553200096238406e-03
-1.030647500791533446e-03 -1.630119972163878231e-05
2.176137783298422949e-03 5.807488643820095733e-03
8.298985159793877825e-03 -8.179049169525160271e-03
1.423231709654769125e-02 -4.048907267808979880e-03
-2.598452149685874166e-03 3.563431832629325013e-03
-1.650508050125444777e-03 -2.233455434181714529e-03
-4.971002598061430647e-03 2.812762551312998627e-03
-3.932867083472076086e-03 2.508995118318330803e-03
-1.660646408176046779e-03 -1.132366330749388916e-03
-1.098140199808462884e-02 6.413346680566650235e-04
3.467476710135594144e-03 6.903660367262459425e-04
6.194358612253812388e-03 8.330661521319103827e-03
-1.319438906191347472e-03 -1.694573979745429100e-03
-4.332589638960474346e-03 -4.372265092306528485e-04
-2.285807646013805761e-03 -1.787479623779467553e-03
-3.638311970607456362e-03 6.022341774853780597e-04
-4.438810889008681405e-03 1.011271268708948713e-02
1.332042400909885620e-02 6.216615173697143462e-03
2.676780900329820377e-03 -2.341879835222060186e-04
-4.268438647495844535e-03 1.084310525230507138e-02
7.230306801550553941e-03 6.784921779611888248e-03
-6.127892525992124223e-03 -7.165293656918954660e-03
8.261082071845391936e-03 -4.555713226513236416e-03
5.817563117118475062e-03 2.401241216193313391e-03
-5.346872055277356386e-03 -7.162643312666064702e-03
-2.210129239620137447e-03 2.322784696043451221e-03
7.167417097462637282e-04 7.925478856460907526e-05
2.886317517166276606e-03 2.160826506247738414e-03
4.241344416507690507e-03 1.034702844011567945e-02
-1.178362522281944068e-02 6.886848089521018304e-03
-1.036936471200504938e-02 -6.155385891188331661e-03
4.329939294707474233e-03 1.218246979944169299e-03
-1.347842483608386113e-04 5.761235388907388899e-03
4.487985852877096095e-03 1.807756339879529892e-03
-3.288690416906884378e-03 -4.326027663081382854e-03
2.042870361319896327e-03 -5.857190511400439323e-03
-3.374044162390197731e-03 -9.358195658898721750e-03
-5.655269677868291975e-03 1.202914896701276666e-02
-4.939533716491125185e-04 -1.589342652368175421e-03
4.846356707749262423e-03 1.847383734161603874e-03
-5.668728879080833782e-03 -4.756628311680722622e-03
-3.553884263042193705e-03 9.680387732157132163e-03
-5.445173923959646840e-04 -7.440833341056713249e-03
-3.675831750047174173e-04 -2.984523849704163144e-03
4.869283768097451602e-04 -1.135814943420451046e-04
4.298023801839120916e-04 -9.690989109166868801e-03
-1.122320576490864162e-02 9.641558606289344843e-03
8.339746071946419620e-03 8.107474049014578785e-03
5.309096736833534419e-03 -5.709569501676343105e-04
-8.341135128824856554e-03 -2.038495710734099155e-03
5.327186127640983968e-03 -4.015107465743473700e-03
6.124316143820501823e-03 1.199229968648756611e-02
-1.082808058369459864e-04 -2.048969318239851883e-03
-4.547426944300778442e-03 -1.270200057570600389e-03
6.132985734541403699e-04 -1.508762691678032421e-03
-5.234216598854613337e-03 -2.629729377001796022e-03
-6.515544937146989200e-03 1.274324033250671083e-02
2.591427154846507024e-03 -5.266355979339545565e-03
3.556406837790528595e-03 8.955280029749731682e-04
-1.124865540001060774e-02 2.048841548734725224e-03
8.779096021717463019e-03 1.069532482169071631e-02
-2.769622659612887110e-03 -4.477911379579288358e-03
-1.208970775061217647e-03 1.596367647206291610e-03
-3.830222215599571279e-04 -3.213938048436624237e-04
-3.520020576225715153e-03 1.290705059813988635e-02
5.583247364092284483e-03 1.108139652170968617e-02
3.151846612756736658e-03 -2.511645462570540315e-03
-1.072163660995783044e-02 -4.461035799062313192e-04
-9.673362737318445467e-03 -1.850960116332543877e-03
-1.345646954483289623e-02 -5.743337652355575210e-03
1.221939879041943414e-02 5.280087127230497987e-04
-3.947715341563054828e-03 -8.207803822094678417e-03
-1.298826940635563684e-03 5.437191239810837060e-03
4.665238912008023292e-05 1.344553291836912776e-03
5.881378859127954148e-03 4.347629551308801986e-03
-9.587418203370870820e-03 -1.019872110578871546e-02
8.127559110859687228e-03 6.493480029960435433e-03
8.768478237038343504e-04 1.326767266305814083e-02
2.000592622785612833e-03 -4.717799185812934434e-03
8.421858684712472433e-04 2.730059150081894353e-03
-5.999335004054544632e-03 -7.318502545543073556e-03
8.333982364482184213e-03 1.169250776987064248e-02
-1.500875543672266534e-03 2.722108117325047240e-03
-3.946917073148877887e-03 -8.968531751016488654e-04
3.931813276048789878e-03 1.289392664638238511e-02
1.685297774861906290e-03 1.414132741310516030e-03
-4.333387907375221143e-03 -7.748177156223001738e-03
-8.806988521119793120e-03 3.183858223737004532e-03
6.833362359818458825e-03 -8.299256524497375734e-03
-2.826541176286874110e-03 6.635560637862888793e-03
3.112554467930603677e-04 7.180668818723684845e-04
-4.249423218768983400e-03 3.352969177875959102e-03
3.126269208151465778e-03 1.252573685721605681e-03
1.114209890050588819e-02 -8.328457788359631964e-04
-8.870676493624605682e-03 -1.011946631722410520e-02
1.491072435077385981e-03 7.712924412526834216e-03
1.969251510715537123e-03 2.631453683335954405e-03
-1.946787469322290402e-03 -3.591659581487376129e-03
2.646365826179156253e-03 3.069079326773409711e-03
-2.975582894276361350e-03 -1.169993189891670171e-02
-1.319901925150373037e-03 3.284187996817783959e-04
-7.894169395751545609e-03 -1.112764977662239300e-02
-1.994701145817503671e-03 -1.022417074089057229e-02
-3.078690781111402801e-03 -3.954005952738646676e-03
-1.888765922162518804e-05 -3.866800131417189729e-03
7.992774862497487726e-03 1.225471541886668202e-02
-4.084814684721741959e-03 7.668395463946463438e-03
-8.418202592096963102e-03 -7.978169227653743312e-05
-9.106253534025360308e-03 -6.727268879274696245e-03
-1.157926152498431858e-02 -5.130326851276257108e-04
1.215326795361289583e-02 8.696584274743136486e-03
3.891850632310993579e-03 3.918354074834995600e-03
-2.590038097968070090e-03 -8.026223589409350401e-04
5.955444321018412215e-04 1.126933125031804282e-02
-2.735758972794476510e-03 -1.251248513596071865e-03
2.177063821217834969e-03 1.761503084966822841e-03
5.038266952737294885e-03 5.663555960080180092e-03
8.106484126343516117e-03 1.384707589830234779e-03
-6.770217116719280323e-03 -8.422241993227608248e-03
-9.233086749628780648e-03 -3.309094902511502435e-03
2.032268984310839702e-03 -2.733108628541586985e-03
9.326854546829898077e-03 3.975208706758581387e-03
-8.686893109965008672e-04 5.080145557064204113e-03
5.233083080984714947e-03 -1.401516469641079024e-02
8.395275531743330577e-03 3.062980369854024880e-03
1.261209635106903468e-02 1.771306193561132669e-03
-5.185839903401734743e-03 1.979789002973051087e-03
-5.436728220851130833e-03 -3.321819720062200564e-03
1.445346083875356444e-03 2.322385561835507099e-03
-5.242758420075720877e-03 1.309326102041522694e-02
-2.851990811388840658e-03 -9.571564196917294173e-04
2.179714165470044047e-03 9.804826142514842802e-04
-6.920903430604043258e-04 2.025116219965180384e-04
-3.344219876703794468e-03 7.184660160791708338e-04
-9.852021261043279743e-03 -9.572234695824851508e-03
-1.047475604225210199e-03 8.715807183419341242e-03
-1.267465080570395232e-02 1.570263338890342565e-03
2.716280525104155532e-04 1.076437736745214716e-03
-2.694279502674369522e-03 -9.701590486176605438e-03
-1.979389868765567967e-03 -1.530364579904309238e-03
-1.606506005257002899e-03 -1.078816716301433118e-04
9.663687398224585050e-04 9.290564403403839917e-05
5.430038475468845598e-03 1.095283899977267730e-02
7.438119112051490463e-03 5.914971181241615236e-03
3.965804732370503509e-03 4.763653306518838594e-03
2.455716868566256393e-03 4.540864968421116227e-03
1.748778267416234433e-03 -5.973422349994232314e-03
5.491794661689586299e-03 3.003188203281729508e-04
8.619995656122842343e-04 2.550873722645811623e-03
-7.221557500378959597e-03 -1.817032544763052919e-03
-3.664224624668449126e-03 -4.967490100642032655e-03
2.074418953339887250e-03 7.484436251717210137e-03
4.661008438641571321e-03 1.757128434380454945e-03
2.154599779823227357e-03 2.721708983117103117e-03
-6.395145927916742225e-03 -5.757786776239752144e-03
-3.716177702294308841e-03 -4.750002451049409324e-03
5.658590521030802505e-03 5.857717415112368223e-03
-7.547325955807848361e-03 -3.917954940628193793e-03
-3.638774989566481710e-03 2.625226956912585230e-03
9.645598007419419265e-03 4.373206955913502142e-03
-1.133148657074558620e-02 7.592589288049492527e-03
1.396632498199627467e-02 2.646557480436044149e-03
-5.423476499590436720e-03 -7.226922073635710583e-03
-9.548716847007636399e-03 -6.511106401808288910e-03
-3.940866175280392097e-04 4.825680857442397192e-03
-3.255880537511760854e-03 1.430355696760255042e-02
-8.878755295886688742e-03 3.580531300765710592e-03
6.645698995912919203e-03 1.725452072855228509e-03
5.908808339571258901e-03 -7.508560714691712122e-03
-3.970179382956300247e-03 -7.247597923943256693e-03
3.676678077515539191e-03 -6.248562899925187361e-03
4.186868764134067493e-03 -1.139964542448386811e-05
-1.104084308950830859e-02 1.178890950365594527e-03
-3.304464712917274706e-03 -1.099684104464112092e-02
-8.316148512683276678e-03 7.577214126246584018e-03
-1.411827258324651127e-02 2.512842865192769365e-03
-6.652516510800003018e-04 1.726250341270655752e-03
1.976404275058207729e-03 -7.022558375800588490e-03
1.125488212643386762e-02 -7.656868049017996961e-03
-6.375795249736092123e-03 -3.913979424249769586e-03
-3.065103810394986372e-03 1.474835120107398931e-03
-5.594934199908180479e-04 -6.800696075622277709e-03
-4.842780325575357561e-04 -6.674389763732936458e-04
-6.582218503358591710e-03 -9.113007164159976636e-03
3.811701457211340641e-04 8.413364922550207667e-03
3.037003831041381035e-03 -8.286531706947358050e-03
8.498718668034092177e-03 4.650997850095525687e-03
3.905102353569890519e-04 1.325172125533788338e-06
-7.932535502660419471e-03 -5.481321054184405163e-03
-3.486955157825210715e-04 8.822762817123464647e-04
9.958577760550719332e-04 8.356238925928371726e-04
7.659055374311178957e-03 1.249685443514573710e-02
2.617802827866525135e-03 -1.719624480639342454e-03
-3.413336307217120988e-03 3.341186223936802157e-04
-4.791753285871763919e-03 -2.845891854468885103e-03
-2.414828186910410700e-03 3.887220442718589478e-04
-1.021051988542125144e-02 1.745074115740057399e-03
-6.923889024302316147e-03 -6.527806735736729933e-03
-6.780403533830307167e-04 3.608359915415817153e-03
-5.457340186406915705e-03 -1.045358493961846477e-02
1.231800425716480379e-02 1.655074354968020557e-03
-1.098623966763081182e-02 1.803828300583126473e-04
-4.134452667549181996e-03 -2.229080783595346633e-03
1.571253261560726089e-03 2.950197143926727196e-03
-9.605044575219294153e-03 -8.777563369640082810e-03
1.393856025209882967e-03 5.168804320020644900e-04
-9.722330221236374220e-03 6.919450488964295869e-03
-4.728400562822671072e-03 1.123489260072668564e-03
2.345248737436126784e-03 1.249923341469396168e-03
4.371754014282732380e-03 2.101848433783872015e-03
5.149198102826450275e-03 6.931504807604692980e-03
8.326286870733307088e-03 -8.678303229678229619e-03
-1.140451463288625483e-02 2.701304497513056652e-03
7.215330773955128986e-03 7.425059045047003800e-03
5.270187900514153225e-04 -2.494945128642098858e-03
-5.292061153440283296e-04 1.252972819929550020e-03
1.810869703092124992e-03 -7.291999103018500378e-03
-1.429659585751619569e-02 4.125511712120700190e-03
-5.221555666056247602e-03 6.845097254698664577e-03
6.408397649179369687e-03 1.852684422666702694e-03
6.447099005542601506e-03 5.540299126647129681e-03
2.443854204182066732e-03 2.376988983713686047e-03
-1.066922051337351740e-02 -2.686584008925381808e-03
9.859509274841672666e-03 9.252166063107863589e-03
5.362311101833956879e-04 4.499513267806706405e-04
-6.134119252415384110e-03 -1.557267156635685091e-03
1.409295071765693510e-03 -2.146249612859116567e-03
-2.398463102436548811e-03 -6.320393559443736667e-03
-3.264965088139075780e-03 1.724306334158383358e-06
4.289513632010653887e-03 -5.734332812176013046e-03
6.674725013184576103e-03 4.491163100840772637e-03
-2.835290477458467587e-03 1.667671403014053030e-03
1.421157736147951557e-03 1.762637184785293461e-05
5.926769960873471202e-03 4.042249755787504992e-04
-1.187415188730408903e-02 -7.940215170714907955e-03
-2.917769991071742647e-04 -1.023119573572868826e-02
4.043798233560659885e-03 -1.241046270793137035e-03
-1.098716570554886252e-02 4.226368388912727855e-03
4.590965970208834082e-03 5.418766599548236786e-03
3.293065067492681550e-03 6.809972280505800953e-03
-4.439018368958595750e-03 -1.057816694517705117e-02
-8.501369012287662147e-03 -3.869977379381327708e-03
-2.632315836502353151e-03 3.367689666465699568e-04
5.298495359823117770e-03 2.553124932690076579e-03
-1.703259396165480565e-03 -9.326918431582120750e-03
-1.131638277364549645e-02 -4.404484183231246325e-03
-9.778961547514978744e-04 7.077161797678767005e-03
-3.786683189686072728e-03 9.346284935455796868e-04
3.644410927527412351e-03 5.146675528078115819e-03
-3.250787328958398056e-03 -7.949363606093306708e-03
-9.292192591597310536e-03 6.562404806217663790e-03
-6.632910293610678847e-03 -3.607561647002211803e-03
-5.059134457301618301e-03 9.918551232056619857e-03
2.139160733269348646e-03 5.384839027978744960e-03
4.484537240210710943e-03 -4.722173836398160449e-03
-8.882666927513461000e-03 -9.264060960859142428e-04
-8.273376103796973441e-04 7.986739790330432687e-03
-2.977897989072849846e-03 -1.584968001781807308e-03
-8.470235380174304368e-04 -3.191010988080246295e-03
6.427876096850412195e-05 -7.660444431171926645e-05
-7.740290008217236284e-03 7.668794598154408428e-03
-2.029746409561144355e-04 1.330902436367483507e-03
6.713091120094018954e-03 -1.155165621597895650e-03
1.400881020047889218e-03 2.219804578711143377e-03
2.522773743297648547e-04 -7.673696152447676260e-04
2.007873156635014283e-04 -2.572874745080032128e-03
-3.828944520547217234e-04 -1.167833001068996346e-02
-1.143302957214276279e-03 -4.549215135385907896e-03
-1.404120511997576648e-02 5.541288467340666282e-04
3.780456463262812841e-03 4.673398006737690749e-03
8.433513869147537048e-03 8.773587853261658603e-03
-4.184553669337578996e-03 -1.010356425171041184e-02
4.907522105507102286e-03 4.574792539991750367e-03
-4.965238890597196975e-03 -7.722711695430642051e-04
9.229973386416184464e-03 6.113108152652906718e-03
-2.335573398346481745e-03 -3.280196654749758297e-04
2.221193635590151469e-03 -7.469859358329049293e-03
-1.914472260276462237e-04 -5.839165005344641723e-03
8.031603988365384333e-03 4.585393917001487005e-03
3.508828410757050737e-04 3.596960269995220366e-04
1.636458060448642109e-03 -1.172392859238265139e-03
9.951217516253480985e-03 -2.680628647204369094e-03
-9.114300684898097096e-04 8.242529662078917907e-03
5.485104916305370316e-03 7.931338100038189121e-03
-3.665948931002607075e-03 -8.232455188781108435e-03
2.800836002177727307e-03 8.485594716276701963e-03
4.178119462964185863e-04 -4.979288880275359666e-04
9.493331564382955987e-04 -1.186586560509083829e-02
-7.484436251717780861e-03 2.074418953340567261e-03
-1.052648523225754385e-03 -1.079088080997424228e-03
1.672972091518691064e-03 1.273249536030292804e-03
-2.528744930706355171e-03 -9.432149758958232114e-03
1.294707712662990402e-02 6.817125044849043150e-03
-7.993365650961746852e-03 1.125213566406827164e-03
-5.874018614833436715e-03 6.689238021821655722e-03
-9.532814781493372316e-03 -1.119722922609599734e-02
4.823892666356016136e-03 2.807589632313025382e-03
-8.893012765517137146e-04 -2.051619662492741407e-03
-5.128921386725816128e-03 -9.133683014468664194e-03
-5.035153589524699567e-03 -8.467569210221584375e-03
-2.401704235153019618e-03 7.840555896545111508e-03
5.339511810984198109e-03 -3.874224260463249823e-03
-5.062455300464699555e-03 -7.968315150067833280e-03
-5.676216892877864947e-03 -4.436559678962594989e-03
4.204032117023465479e-03 5.904353978540915170e-04
1.062959311909087226e-02 3.044954863798228148e-03
-1.331743841539013637e-02 2.336307782008897015e-03
2.948903623261359087e-05 7.427182485587988277e-04
1.277405454086542880e-02 6.867752950348117447e-03
4.919512539395167437e-03 -4.618267681148263346e-03
3.687614703981106998e-03 -3.870135636266217906e-05
4.982402243485234070e-03 1.374106212820497925e-03
-2.200326131025256895e-03 -8.112247833808431535e-03
7.401317890589217095e-04 -4.926936668440085217e-03
-3.708354439040765626e-03 4.263872342653840346e-03
-2.438090496717833060e-03 -5.962022704569748879e-03
1.417632461779175582e-02 3.018579190778780327e-03
-3.352969177875388378e-03 -4.249423218769664279e-03
-1.772040577223656793e-03 -3.773223988473749712e-04
2.453657312778308175e-03 -8.058043546137054827e-03
-5.441102871437499162e-03 -5.805764337485938217e-03
1.665484077720869299e-03 1.593318168746599194e-03
-1.087299342274380617e-02 -8.666632219550928287e-03
-3.493852383155611821e-03 -4.237097535426449270e-03
4.744637877792658338e-03 3.524331342059179931e-03
-1.656271757590249824e-03 1.351578286675028532e-03
7.952812218761051016e-03 3.279142847320433950e-03
-3.803718773063869416e-04 -1.102414275557859428e-03
-7.911588287653700553e-04 1.098438759179435871e-03
2.248830595983370567e-03 1.364830007936974898e-03
1.027744899064196582e-02 -2.602699030767116270e-03
-3.517242462468270128e-03 7.690939215782459978e-04
7.381456134386043741e-03 -5.685429213009274806e-03
-2.680516703393656663e-04 -5.903443766313146157e-03
-3.916038980037827959e-03 -6.223113264823330534e-03
-7.295048581478083723e-03 -4.685324555872960768e-03
7.648118747846401749e-03 6.286992891585032293e-03
9.307040849688289277e-03 4.154394134195344562e-03
1.138238584094816014e-02 7.592844827058601795e-03
2.235115855761718191e-03 7.292925140937231952e-03
-1.245749840556716059e-02 -7.711727009904605599e-03
-2.074083703886097415e-03 1.849507174701884270e-03
-2.051619662492984377e-04 8.893012765561480201e-05
-8.498016517729436309e-04 8.946945688481856146e-03
-4.855393199326685748e-04 -5.955396843939577030e-03
-1.033861438839787580e-02 -1.247097750625685703e-04
-4.944962174495202804e-03 -2.974449376405893537e-03
4.713759784681607543e-03 8.850591431780860732e-03
-8.015031423940246341e-03 9.396370111550597995e-03
-1.318975887230961234e-03 -3.717566759171495039e-03
-3.958109238621977015e-04 1.560715769303321412e-03
6.699376379872367011e-03 4.772929511402361838e-03
3.598684576325382814e-03 -2.438633226132119487e-04
-3.655012304536468543e-03 -2.022593645219263048e-03
-1.392594737835320656e-03 4.771077435564898689e-03
-4.416682097070585844e-03 -1.814366374821704472e-04
-5.150124140745861862e-03 -2.885519248751420521e-03
-7.549976300059487583e-03 -3.136934469913535244e-03
-5.320959401217724080e-03 -1.592919034539796519e-03
7.116725307207828581e-03 6.297993402801571605e-03
-1.081461315317305827e-02 -5.878138249961614107e-04
-1.054682479134564158e-02 -2.313323740912962001e-03
2.121851707975672997e-03 1.997487183306040099e-03
1.012618178361633127e-02 3.180282285736660882e-03
3.704762583299555691e-03 2.170487525156597486e-03
1.077887031912068069e-02 -1.000134297232131361e-02
-9.376342585248458386e-03 -6.030554718781783695e-03
1.077125076374819447e-02 7.032975076161686670e-03
9.584008636671928483e-03 5.806913619598777151e-03
-2.829084011182387854e-03 1.053904682860569951e-02
-4.658178136235356995e-03 -1.925362376755166522e-04
3.467042408212056212e-03 -3.712271299187907582e-03
5.187865106778069297e-04 1.442712710514056085e-02
-1.222470872554915454e-02 -4.901221883305733121e-05
-5.994151143347789881e-03 -9.303235140130384703e-03
-5.610127562450595122e-03 9.217224371625653417e-03
-4.365596386150595240e-03 1.211598913422326507e-02
9.960162510346095080e-03 4.828115536895397943e-03
6.217354122783862527e-03 1.067684940934394457e-02
2.546688633437538610e-03 5.825221773241804138e-03
1.096193743621453644e-02 4.991249071371859497e-03
-1.248684935334788519e-02 4.399992508631639550e-03
-1.076893210359851491e-03 3.159482756861089342e-03
1.196719472104745136e-02 -3.337822517159218065e-03
-4.872418578968675841e-03 1.085120295076315777e-03
1.310738580344529905e-02 6.809707030804081421e-03
2.309877015424977812e-03 -1.141862116751616273e-02
-1.046752806099174576e-03 1.046995399663949375e-02
-1.054519000870466142e-02 1.255861760624397061e-03
5.049725746022799442e-04 2.811877880030012465e-04
-9.171500710066778778e-03 -1.129787619405619135e-02
3.744443242904835212e-03 7.583751009556956475e-03
-5.997999923310644473e-03 9.464086400102102517e-03
-1.103277165253062526e-02 -4.516313742615377276e-03
8.080700317963348048e-03 -3.724013819830530262e-03
1.159951813996039013e-02 8.497599405520271654e-03
-7.903816196189067736e-03 -1.213466272179591562e-02
6.960894827033555811e-03 -1.201457496836230189e-02
-7.353712109923510494e-03 -9.246603470506755892e-03
5.599407490453618512e-03 -1.341024959370709473e-02
4.091576331667563619e-03 6.157415476418018167e-03
1.042573850981177216e-03 -6.144384039314666236e-03
-2.864366319058975121e-03 -4.696217511417419624e-03
2.094123256018842662e-03 5.567934676077141397e-03
6.694693743090915014e-03 1.086643537407313252e-02
9.463596819673063265e-03 -9.275910179729156529e-04
1.387773213967377801e-02 4.902742401201093912e-03
2.753745300715380265e-03 -9.742502470177277427e-03
-8.460109565343926566e-03 -2.168136430856965318e-03
1.556691918874108333e-03 -9.843151015607074297e-03
-1.332543284602260431e-02 6.282696792120795980e-03
