4.900832360123457028e-03 1.220581181970108522e-02
-7.037135269188749334e-03 2.319208313871830122e-03
-1.097218967795400915e-02 3.586231123478292315e-03
-1.341028017467184308e-02 -2.375791581091456564e-03
1.207990464201628630e-02 -5.528643942215357571e-03
-6.328216822696599436e-03 -6.615411691266130136e-03
7.031834580684111734e-03 -7.571673724436553399e-04
-1.119922489713365277e-02 -8.744561835989322560e-03
-1.731151895567810666e-03 4.552264613845600529e-03
-9.658386709723590369e-03 -2.491097381766978983e-03
-2.102774471702603589e-03 8.417739573136576864e-03
4.388454348211744127e-03 4.726676256488512688e-03
3.147008943212485296e-03 -2.972597300568430821e-03
-1.004405927553461697e-02 -2.031470715896663195e-03
5.326260089721000790e-03 3.087809311047963814e-05
-6.711239044256556673e-03 -6.936805496109792885e-03
-2.702230535431787359e-03 -7.358529074032411216e-03
-9.570286501866028667e-04 -8.504945394458712088e-03
1.014876369920108407e-02 8.907446063703765640e-03
1.850034078413812953e-03 -5.627377178464600983e-03
6.263139793313348205e-03 -6.189345114144995282e-04
-1.645670380579832308e-03 -1.772503596182682141e-03
1.392929987291042322e-03 4.562865990854657154e-03
2.301837481031946200e-03 -1.425557940635568260e-02
-5.116723472887047333e-03 2.364136396659684020e-03
-1.041820442641831421e-02 -8.741911491737112613e-03
1.041303150741834140e-02 -1.052983772680334169e-03
-2.390512069679130974e-03 -8.663454971587930889e-03
1.586692308115966125e-03 2.870670990662263673e-04
1.178488651019321369e-02 -1.598890221955877669e-03
3.713192108586948603e-03 -3.802920504655487970e-03
1.073388258284842288e-03 -3.146082905293073276e-03
-9.992106197909326679e-03 -2.248958365488606514e-03
-4.413233484402839801e-03 6.348493538796661992e-03
-5.203290446685595802e-04 -5.136074151069059193e-03
-7.988192731961774040e-03 1.092010883082427525e-02
-4.613094762148290534e-03 4.875382725022279345e-03
4.795329668043385452e-03 -1.981114175099726784e-03
-9.201793696614036198e-04 3.274640427230081710e-03
-3.754543809201820511e-03 8.963262713897199654e-04
-4.163143435367619785e-03 4.339151614838884091e-03
-3.899801665068411850e-03 -1.575292662690801811e-03
-3.228115807613876100e-03 1.178131012802295305e-02
3.362772286470269364e-03 -6.185609311082218044e-03
1.435335495324327926e-04 -7.933461540585540032e-04
8.504147126043967025e-03 -8.267979297178953274e-03
1.696697420285709929e-03 5.601001505444012582e-03
-8.671278234840113647e-03 -6.623362724022976815e-03
1.141233789613922689e-02 6.312570296190873897e-03
-4.496862923553355228e-03 4.581290631117256561e-03
2.814087723440354336e-03 4.580492362703652079e-03
2.034376599157109410e-04 -3.353895215795371122e-03
-5.248314647582313745e-04 3.736917437353967468e-03
-6.776443843143111802e-03 -2.814215492943658234e-03
-5.819287423452062721e-03 -5.666206304333070050e-03
1.571844050024986950e-03 -1.042973184134678155e-02
1.078372804563372186e-02 -8.724731731180367447e-04
-7.104862642825570535e-03 -4.134117418094601995e-03
8.922166552291440483e-03 1.192497144705868990e-02
7.692248562218147526e-03 -2.944369551710160262e-03
-6.231463431788122204e-03 2.603625068685847411e-03
-6.074678160993062653e-03 -2.094823438945756042e-03
-4.220269431992881154e-03 -5.238255999986620240e-03
3.256088017463035656e-03 6.387322664665131058e-03
1.393856025210453691e-03 5.168804320013841531e-04
-1.314601236645164062e-03 -1.233622141747076940e-03
-9.447029668433882914e-04 -8.364062189178489079e-03
1.121697903848595246e-02 -4.033532106006753118e-03
4.923887189980393451e-03 -2.134323063723165236e-03
2.697185385935118446e-03 -1.379330239623179771e-02
-4.822631378983385439e-03 2.480368235253476578e-03
-1.989863476271320694e-03 -9.763218902892219914e-03
-8.972395323582571525e-03 -8.442518709327670803e-03
-5.217181015470450864e-03 9.329041872123081808e-03
6.135380539789945555e-03 6.845225024202648487e-03
-6.915730511594982664e-03 1.182001148438561675e-02
-1.023066883201744111e-02 -7.409683883244096159e-03
-5.169474818927083555e-03 -4.729326600740721767e-03
-6.577636372816074873e-04 1.406181708553668917e-03
-1.322897130669479712e-02 4.564462527685511639e-03
7.914940782199494061e-04 8.235504667241481946e-03
3.381324696238675442e-03 -1.165275260608480273e-02
6.878625692060672848e-03 -8.857248943806637735e-04
3.389147959490858199e-03 -2.638877812382694945e-03
1.980188137180314764e-03 8.841315226896658344e-03
8.937142579885723123e-03 1.128483418162493437e-02
9.856523681133523562e-03 6.992431074011439679e-04
-1.328044030189301158e-04 -1.368767193464842311e-02
-1.138608999262308644e-02 8.591097408356772672e-03
1.480506223780170619e-02 -1.153313545760433802e-03
-1.295940280997311990e-02 -6.958008250129266159e-03
-9.308892925526323150e-03 3.937576983513022683e-03
6.411846261847114863e-03 8.382614598945535567e-03
5.713656961867325489e-03 2.836216515377879173e-03
2.118548767714135798e-03 -1.746926191578200994e-03
5.683704906676258738e-03 4.116491046245607070e-03
-3.741451508836981035e-04 -6.710440775840448985e-03
1.181828717805145576e-02 3.650765423455907318e-03
5.439969353567030916e-03 -1.083912973592596890e-02
2.431863770294002448e-03 1.157004920485369889e-02
1.192660060403567812e-02 4.207106190768126509e-03
-8.497364336819374780e-03 -1.039019091514130702e-02
6.304570339318300680e-03 2.679552844158572880e-03
3.361392194035572813e-04 -2.533849909901431455e-03
-1.369432100740155742e-02 -3.980273249185881448e-03
-3.307162996555603005e-03 -1.020319207033784648e-02
-9.161128865560570420e-03 -2.758645962581050782e-04
-4.333128623986057595e-03 9.967855989437897357e-03
-9.042293751937519053e-03 -5.040793507530052717e-03
-1.354540866424658199e-04 1.009586429831686206e-02
-8.426055551091246425e-04 1.073545020231048662e-02
2.158729593990103487e-03 -7.683022551411777638e-03
-4.952193350921112180e-03 -7.645021608460655232e-03
-7.787726844230986357e-03 2.427626556957769837e-03
-1.575700975884208052e-03 8.348971611765673012e-03
-9.315872129212575750e-03 8.765890397134696796e-03
2.519095255901076212e-03 6.539189682402944421e-04
3.061514545312037268e-03 4.755219371100933602e-03
1.028662433198591561e-02 -1.699049468118659289e-03
2.970907896255800540e-03 -1.516459690363881462e-03
-1.155011687314428000e-02 5.232302614198326186e-03
1.309818855747664978e-04 -9.192206000645420857e-03
4.725957090389475666e-03 -5.191373826405996580e-03
-8.405213118073242076e-03 -3.096701728839739744e-03
7.577969833720002912e-04 3.056905327994295847e-04
-7.153039593489739917e-03 -1.047252519067148890e-02
2.246552886162587505e-03 6.355649106709408127e-04
1.340258667133237269e-02 -6.673947391516592970e-03
-5.778727497255901381e-03 6.910829293875930812e-03
-7.371393832223444194e-03 4.174229079142635808e-03
5.394472192098207983e-03 1.860406890461770071e-03
9.393742609918081382e-03 1.054662011144179810e-02
-3.675247381869422778e-03 1.068665996966443148e-02
1.464109775609119578e-03 -1.086686592351527279e-02
3.978551449724565298e-04 7.647733982911160758e-03
-6.951200531924611389e-03 4.925281686906892581e-03
-7.207420856989796808e-03 -1.236201598393694458e-02
4.926749888917228253e-03 8.478507394769349082e-04
8.865055510957236748e-03 4.134248774232794285e-03
1.172900367659515490e-02 -7.605230770788218124e-03
4.774654921661303404e-03 1.311859032101696590e-02
-3.039327185932527708e-03 -2.499204017410174526e-04
-1.433536786547097257e-02 4.046590284978506154e-03
1.517646174148982877e-03 5.392782943249855437e-03
1.191904439515775738e-02 -4.794225377847600479e-03
1.535219923865936871e-03 1.196469203512809214e-02
8.919713879605620233e-03 7.122645831679571063e-03
-2.283092551914701895e-03 8.256704853167769198e-03
1.601944389004450074e-03 -1.131422168423726685e-02
1.249518829903875031e-03 -5.253525197379641486e-03
-3.669523129961344693e-03 -9.387237272149736439e-03
