4.900832360123457028e-03 1.220581181970108522e-02
-3.133884991453162166e-03 1.042443115284214482e-02
7.580617589697221173e-05 -7.246671886023845106e-03
-7.169269173297378867e-03 7.299423232063879594e-03
-4.417480365484761917e-03 -7.492387284475199999e-03
3.154959975969331976e-03 -5.315658712711945032e-03
2.713885719864701784e-03 -1.116847457352783748e-02
7.757197822095591869e-04 1.564691285681745186e-03
6.261415486979189822e-03 -3.883899599553575742e-03
9.843271959872256990e-03 4.604345460975335300e-03
1.111291346233899118e-03 -6.769418848305676709e-03
-6.270037018647479400e-03 -1.244092584114202260e-02
8.645030331325331482e-03 -8.280304980523527439e-03
-7.263372219953647020e-03 -2.700633998603435646e-03
3.370595549723812579e-03 2.828265482621032060e-03
2.923422336700015698e-03 -8.773460083756533245e-03
-6.760669547134082365e-03 3.856597888614935778e-03
-1.065437225527994958e-03 8.030214931495596080e-04
7.706426321400184840e-03 -1.089545746413648174e-02
9.857321949548488935e-03 8.010193754395995847e-03
-4.384079697625376665e-03 -2.242731639064775902e-03
-7.674749959874958838e-03 1.288014802140782962e-02
-2.201379938455128276e-04 7.290673930889080131e-04
-6.033198690872383640e-03 -1.054516541152697093e-02
-1.120838915820459268e-03 -5.509421033538010500e-03
4.010860584662231595e-03 -8.513694695630307299e-03
-5.350113187993826326e-03 6.998306143322783474e-03
6.744639712114095095e-04 1.218646114152794301e-03
-4.423707091908592529e-03 -1.884360784191249118e-03
-1.042018427176022270e-02 1.070699583181869939e-02
-1.165894768112758946e-03 7.767926968611815405e-03
-2.988371596578602140e-03 -9.817822324769718417e-03
3.679791440727563350e-03 -9.052576150065912500e-03
4.192169452639275817e-03 -1.573440586853339313e-03
-8.448489896742390412e-03 -8.133450587827224798e-03
-4.100716750236578501e-03 1.235451828823485101e-02
3.020431266605092240e-04 -2.226829573549720786e-03
8.822762817123464647e-04 3.486955157825210715e-04
-7.392855779809847164e-03 1.498560448875778470e-03
-4.888634446284905941e-03 -7.079924085752406504e-04
1.371056734361485955e-03 -7.856857096266749857e-03
-4.995318715292140083e-03 1.186493956717210758e-02
-3.838173248352336371e-03 -8.708766362896850320e-04
-4.658022844934783108e-03 6.795794521325122794e-03
6.112581248942119266e-03 -1.528512504066846956e-03
4.196544103225643280e-03 9.105040305703981235e-04
2.781485323995716314e-03 6.641787364285577089e-03
1.356878975179447340e-03 9.423081615957216040e-05
1.043940718043778748e-02 2.493747726020549820e-03
-2.836216515377879173e-03 5.713656961867325489e-03
4.167390316448181010e-03 9.501729208431834717e-03
-1.237869022828999056e-03 -1.252627958662669641e-02
-4.990816295201106964e-03 2.991947978750223239e-03
-1.248930253659569049e-02 1.660518638670811266e-03
-9.688116041178178144e-05 2.137899445894786334e-03
-2.668829867572402106e-03 -2.108873428621987987e-03
3.758120191373441610e-03 -5.723332300958332286e-03
-1.503062868965450482e-03 1.480135808613178630e-03
6.052804908062146480e-03 -1.032489964817679372e-02
5.242630650571846254e-03 -1.736324814567783261e-03
-1.162810123939815414e-02 -3.099558285675725784e-03
-7.408757845323542257e-03 6.184683273162805590e-03
-1.554089908672688560e-03 -2.348362100649293259e-03
9.774331357924720930e-04 -5.054169018251559835e-03
-1.282924875121298301e-03 7.510684155231289521e-04
-1.310226586058796166e-03 1.250322475676660062e-03
8.119272828646545773e-03 -4.974019843149270551e-04
-5.740958672806184895e-03 -2.336962455225489836e-03
-1.089213662097397207e-02 1.018044006072494831e-02
-1.060136537023576150e-03 -7.590194482811179469e-04
-1.741753272576866858e-03 7.676346496704453300e-03
5.387888506438437593e-03 7.352941195127387329e-04
-4.612966992642483430e-03 -6.481553480824702243e-03
6.817795543759343734e-03 5.720809726210568553e-03
2.275206269003388678e-03 4.911561506637178443e-03
1.214418340298479074e-02 -5.605248386527076146e-03
7.509087618403641022e-03 -1.792652542779439931e-03
3.375097969813484373e-03 -6.044726105801994168e-03
-5.313008368460876533e-03 -3.935980446683310513e-03
-3.411276751429743494e-03 1.293302713695253063e-02
-1.496037874126873290e-03 3.183059955321576855e-03
7.413930764321231305e-04 3.610211991257361889e-04
-5.168804320013841531e-04 1.393856025210453691e-03
2.042359283306765302e-04 3.957055431199479889e-03
-7.752024903098122047e-03 -5.852017592399785632e-03
-7.388705016843598317e-04 1.021489453600704991e-02
1.348001904504549965e-03 6.483277787157500603e-03
9.895225037497545548e-03 4.386857811383391981e-03
1.963615572756538530e-03 -5.140448801654285207e-03
3.187434605914530195e-04 3.979982491553817037e-04
6.374869211815452569e-04 7.959964983096215257e-04
-1.085423353302605691e-02 6.557104117713707069e-03
2.369437085162960730e-03 3.554682531457730235e-03
2.553524066898020702e-03 -1.643020036327623012e-03
2.986647290245804647e-03 6.552857236631784085e-03
1.334877952746587292e-03 -9.685560651150715121e-04
-6.812494855253564685e-03 -7.282850667640104227e-03
-6.682340796488204539e-03 7.185841737722515124e-03
1.067266912603990169e-02 9.216514185203071932e-03
2.666051753816888262e-03 1.424683010518409086e-02
8.516345039882515511e-03 3.229840113946892601e-03
1.077935339504735440e-02 -3.356417790541773964e-03
8.693407026778999375e-03 -3.670786600546859305e-03
1.591066958702334021e-03 2.771011716489963587e-03
-8.092897155627099687e-03 4.044133483015810611e-03
1.091931056241066816e-02 6.772420849680644769e-04
2.809840842358432653e-03 -9.260388460568209912e-03
1.342883258443910641e-02 -3.091351713909768102e-03
-1.931939211231312528e-03 7.125139358925633090e-03
3.962739428212231577e-04 -3.583708548730529016e-03
7.295048581477512131e-03 4.685324555873640780e-03
-3.073438151662887061e-04 3.788870514979256025e-03
4.384207467131183769e-03 -9.114204566782206987e-03
4.343526265425251554e-03 6.647088052791357005e-03
-1.023159486993711897e-03 -3.363698324379451178e-04
3.001623317841229169e-03 5.912719971196668534e-03
-2.466318245577245067e-03 -1.416783085562725326e-03
2.099198089530982057e-03 -3.590733543567964543e-03
-8.856163484988778534e-03 -8.736610803231332698e-03
1.043768287410477141e-02 -7.712173621198872842e-04
-3.056226739718727672e-03 -4.914211850889387521e-03
-8.197218270780009565e-04 -3.690265048233316511e-03
-4.822503609477578335e-03 -8.876567970593506746e-03
1.470460469522173134e-03 5.811591929698882615e-04
2.053343968825077897e-03 2.375663811588152232e-03
-2.077069297593457219e-03 -6.703415781003013024e-03
-3.807295155241856299e-03 -6.197136726010686256e-03
6.079978849498842569e-03 5.327824975162203693e-04
8.724955618799561455e-03 9.670840162570110143e-03
2.915378677746313651e-05 -8.591225177861438328e-03
3.248136984706188543e-03 8.730384076808643534e-03
3.540504772275692054e-03 5.581650827263362480e-03
-3.069606230484658600e-03 1.034782670853042624e-02
-6.920903430604043258e-04 2.025116219965180384e-04
-1.747852229496251689e-03 1.927436791140279193e-03
-8.150150921756806402e-03 5.823662074038431051e-03
-1.287060045182148935e-02 4.604089921966225164e-03
-6.788386217977775139e-04 -3.702590731576531520e-03
-1.118424886953686866e-02 -9.384699101423296663e-03
-2.027671610006233881e-05 2.202178206863290334e-03
1.268874885443924691e-03 -4.156916708942428283e-03
-6.210388447273312851e-03 7.712397508814905316e-03
4.193893758973434201e-03 1.691524501285736684e-03
-5.069145045846984790e-03 -3.372958703573565413e-04
-9.443549404382717283e-03 -1.658123833427712756e-03
2.930319562034147327e-03 4.286400268799990185e-03
5.039192990655916304e-03 1.617570401225085306e-03
-4.512509450059080766e-03 -1.344645895628810220e-02
-6.469227797480127211e-03 4.753850197923848754e-03
2.078123105009369010e-04 -8.699505983702732290e-04
3.277290771482291223e-03 1.391588989460648424e-04
-4.097140368064956968e-03 7.527512258666241296e-03
-7.619220500078048748e-03 7.835654342247276583e-03
8.346978546734256949e-04 3.050127782798200959e-03
-1.208600359893567157e-02 -2.202657633488171868e-04
-7.242297235438618225e-03 2.408138441528125898e-03
3.429573622187678545e-03 4.313701979737487834e-03
5.520022410547067125e-03 -4.244920798679312039e-03
5.933794955712838777e-03 2.107149122288971485e-03
-1.635069003569634017e-03 -4.896585479042895803e-03
2.565849750241236144e-03 -1.502136831047399786e-03
-6.815272969011580001e-03 4.855106008922216790e-03
1.520689240813303308e-03 -2.901293544761130404e-03
-8.669681698010620052e-03 7.998538569961719663e-03
6.419925064108408623e-03 -5.317383019046103415e-03
2.653853839976977585e-03 2.749010694057103538e-03
-2.965444536226330072e-03 -1.280102100234834818e-02
3.244688372039013658e-03 2.200453900529131951e-03
-8.618526888800076557e-03 4.701002733774285389e-04
5.834391220552151598e-03 -6.330867166947667067e-03
9.747827915389021235e-04 -4.273148547537363590e-03
8.555972434164589926e-03 2.871469259074726707e-03
9.286764133587655998e-03 6.356572341059315776e-03
1.354228630927238044e-03 8.752512868749109378e-04
1.772503596182682141e-03 -1.645670380579832308e-03
-8.983922738511038869e-03 -1.272451267615545573e-03
3.160931163378828332e-04 1.179018719869578654e-03
-1.422083774067363143e-03 4.028359187005420283e-03
3.308041095089466962e-03 6.169835015071827716e-03
-5.459064492744012927e-04 -1.371855002776232752e-03
3.559983219962149260e-03 -3.931478026593638285e-03
-5.476818634093372044e-03 -9.404560857614657418e-04
4.082962608882918787e-03 4.235756537600819140e-04
-7.443882819515725002e-03 -2.329937460385551971e-03
-2.068319996421863309e-03 -1.735526546154178562e-03
-1.136661154493777068e-02 -9.220314454988663352e-04
-7.044160264036195516e-04 6.162841671629470421e-05
-2.940920939036619484e-04 -1.162318385937930859e-04
-2.226031305134973555e-03 7.008907520331840099e-03
-2.589575079008473585e-03 -2.825615138368822981e-03
-1.438911877501611487e-03 1.276046757014708162e-02
4.621716293814078641e-03 1.144944271567353844e-02
6.835549685111642557e-03 -7.057284215785507124e-03
1.050806059199265938e-02 4.901087899132567163e-03
-1.049535160013158851e-03 -3.883101331138828511e-03
-7.487884864384166880e-03 -4.455511222937122429e-03
2.395940527688214354e-03 -4.255522175688368665e-03
5.582321326176166269e-04 1.512738208056456195e-03
-1.126554564233137740e-04 -4.532913935663588668e-03
1.238922830252856639e-03 -2.876642178074699952e-03
-9.103730959277595708e-03 3.848646855858089098e-03
-3.866400997210387054e-03 3.674362982718479970e-03
1.878261827271863853e-03 -1.017261679747276555e-02
-9.642612413712059460e-03 4.179715999791396019e-03
-3.326593504855370701e-03 -7.026917200694609515e-04
6.136338229098619278e-04 7.825180734741523855e-03
4.429007780413230129e-03 3.223198427630739014e-04
4.532913935663588668e-03 -1.126554564233137740e-04
1.661572446093526750e-03 -2.913619228104345413e-03
-1.386831030370515609e-03 1.186043714708155845e-03
-3.085380526495048494e-03 3.677013326970689482e-03
1.653621413336679637e-03 -5.705578159608317443e-04
2.932043868366944819e-03 7.551365356937924517e-03
-4.844632401417607245e-03 1.417581353977691132e-03
4.727506176296380515e-04 7.837506418084739732e-03
-8.526818647388268238e-03 -1.146269443693480501e-02
-1.435335495329989521e-03 7.933461540578470167e-03
6.032400422458779159e-03 3.234214764533261365e-03
3.130308609281541934e-03 -5.597425123273533365e-03
-6.216359634688032459e-03 -9.393448402594890140e-03
6.859913861410197114e-04 -5.951421327560692254e-03
-6.971930470302194205e-03 -1.803381689294303661e-03
5.475892596175321349e-03 4.986441644615880082e-03
-2.526094586454715948e-03 -1.021317022967289066e-02
1.259997814767665775e-03 2.232130262054358386e-03
-5.193200147694320562e-03 -9.057078570156945618e-03
-3.154033938049920389e-03 1.269673153858671705e-03
1.819155985304693988e-03 -3.011170887424583116e-04
-5.276031318429870616e-03 -3.513330830841498737e-03
3.627455054585340070e-04 2.523572011705810768e-03
-4.879757375608647675e-03 -7.097039379572027754e-03
8.648478943991146778e-03 -1.750374804245157304e-03
3.119835001776930655e-03 -1.383027944626280537e-02
3.153107900131869694e-03 2.776312404995743503e-03
9.289286708329976385e-04 1.693248807618753403e-03
-1.360455357351068439e-03 4.732775213409039401e-03
2.940920939036619484e-04 1.162318385937930859e-04
2.053343968825077897e-03 2.375663811588152232e-03
-4.761002962265949504e-03 3.184784261655735672e-03
-8.829787811968189265e-03 -5.189879304531810900e-03
3.991254367471109600e-03 1.235637036407231590e-02
-7.627842031746340061e-03 -8.489171098448322628e-03
3.014875039103855764e-03 2.007617617623619517e-03
2.206552857448516782e-03 2.504221333525160232e-03
-7.016379126456038021e-04 -1.207632825984602740e-02
-1.192232110280648169e-02 8.141146081576101923e-03
1.236074501465868336e-02 -1.507309750047372381e-03
4.088391066893362624e-03 -1.249540149351507576e-02
1.851630615243306330e-03 8.994524115520097229e-03
-1.135786224376617547e-02 4.045857789349969862e-03
-4.679896097863196942e-03 -5.623928565797645107e-03
-6.050952832224683331e-03 2.232928530469105617e-03
-6.005098711518997963e-04 -3.733468824689513605e-04
2.165616116738919728e-04 4.097938636479703765e-03
-5.470591907669542300e-03 -6.548482586045416623e-03
-3.183187724827383960e-03 9.860898331720109600e-03
4.318874898738821536e-03 6.365321642230909252e-03
-6.997507874906674918e-03 1.960837458999664662e-03
1.035485170335785025e-03 4.772530377195292883e-04
-4.132265342255997398e-03 -9.871084748834780230e-04
2.113120309705051984e-03 1.117205095569809813e-02
-8.370959414512621141e-03 -1.211515738571313471e-02
-6.751792476456680916e-03 -2.532449082383211349e-03
-3.209435628342166558e-03 -5.042769372826395521e-03
-1.302275553301949053e-03 -1.092738936466853715e-03
-3.065103810394986372e-03 1.474835120107398931e-03
-3.042176750041353846e-03 -1.508363557470088082e-03
-1.314601236645164062e-03 -1.233622141747076940e-03
3.838173248352336371e-03 8.708766362896850320e-04
-9.358258961671287249e-04 -1.475310916017527618e-02
1.172590843772934772e-02 -3.084326719072333009e-03
7.701796131805848690e-03 9.334470330132165622e-03
-1.584968001781807308e-03 2.977897989072849846e-03
1.291022784610470521e-02 -4.962460776839750648e-03
-4.399853993636909308e-03 -8.913545020623150905e-03
-2.592225423260683097e-03 -2.044594667653483553e-03
-7.351663500094348346e-04 -5.969047699408326288e-03
-1.744275847325772472e-03 -2.899569238426971587e-03
-7.653547205855485563e-03 6.631984255691267260e-03
-2.982428568776458733e-05 -1.007666167497903512e-02
1.375102465769751509e-02 3.836576711522623334e-03
5.442491928315936096e-03 -2.632140007945431466e-04
-7.668523233452270542e-03 7.272121521125241364e-03
7.863211592186159209e-04 -1.559390597177107369e-03
2.561890059546048475e-04 3.739567781606395989e-03
-1.611471444307060498e-03 1.078810269621894961e-02
-6.441000048623217109e-03 2.086105789170446430e-04
3.129510340867936585e-03 -1.290837577026724206e-02
-4.666516607091118806e-04 -2.088596712521925865e-03
-4.723898142731638820e-03 -7.749502328349215999e-03
-5.790389175683710588e-03 8.456440929499237091e-03
2.138697714308391250e-03 7.407831807405491562e-03
1.332099838989713424e-03 1.116940061144588991e-02
5.228580660895614310e-03 -5.142173107988443591e-03
4.837669545366789225e-05 4.609518379976669002e-03
5.955795978147059716e-03 3.169936003564756931e-03
5.500671732365055265e-03 -6.088728150670436046e-03
-1.817303909465870816e-03 -7.790854028964087907e-03
-8.572672768094173265e-03 -5.496297081778687803e-03
1.073388258284842288e-03 -3.146082905293073276e-03
-6.725544572940538729e-03 1.237121862216443609e-02
3.249063022624239672e-03 4.684398517954230061e-03
-1.162465262673119740e-02 3.430371890601283461e-03
-7.330301325174360533e-03 -1.843009083576377209e-03
5.221811205060218619e-04 -2.955896966638628907e-03
-5.807887778026898408e-03 -1.479337540198431833e-03
-9.198760043851915424e-03 -2.105424815954812668e-03
3.516907213013119402e-03 -1.010303734799848294e-02
-9.368669266405154489e-03 -4.858810160598284536e-03
6.691888366074545680e-03 5.092998144118668011e-03
1.221296458403861931e-03 -1.455484441925387722e-03
5.800990552693908661e-03 -1.158052281235945162e-02
-7.577741029958512051e-03 -6.146876303325774123e-04
-5.838638101632713691e-03 -7.510013656323052608e-03
-1.360219041965930395e-02 -6.191963807010713444e-03
7.189418119894136656e-03 1.855334766919593086e-03
-7.774440885437178955e-04 -4.829656373820821400e-03
-5.580852558848396240e-03 1.085145541927054307e-02
-4.188593070467654285e-03 -3.253565442715272357e-03
-1.124507901783955779e-02 -2.778164480833205351e-03
8.012588559639093055e-03 1.207552999142991884e-02
5.210826519543315487e-03 7.635920834007632954e-03
-6.891079144908553514e-03 1.210177789494606103e-02
4.992540601537502273e-04 2.730171094000050243e-05
-4.028359187005420283e-03 -1.422083774067363143e-03
-8.245180006331126119e-03 -1.304095977744702817e-04
-3.199888058755825417e-03 7.236070509014787613e-03
-4.433382430999598459e-03 -2.806264460186811121e-03
1.982966250937189499e-03 -3.296641449664302649e-03
-3.205987015675209814e-03 1.487160803450614157e-03
-2.949670240214797862e-03 -6.130207620789972743e-03
-3.106455511009857846e-03 -1.431759113158368856e-03
-1.010211131008043224e-02 -7.562892771867535044e-03
6.037701110962056736e-03 1.672173823103944267e-03
-1.801529613455699281e-03 -1.120040647406854136e-03
-5.426717632306906659e-03 6.934027382353137592e-03
-1.042510165175723324e-03 -2.180177184429069395e-03
1.364702238432990988e-03 9.108105609862821722e-03
-3.231181111766790338e-04 -2.881942866580479434e-03
6.895326025989113872e-03 1.739102928324657779e-03
1.024922124178448586e-02 1.942540588240368286e-03
-2.703284342854503711e-03 8.044392690667624690e-03
-1.119762836030279915e-02 5.877339457996517101e-03
7.315453067083381791e-03 -8.873789856836631143e-03
-7.127917472682506958e-03 1.020601746532964760e-02
-5.188154998198794832e-03 1.209475290010862680e-02
-1.089558523364228884e-02 3.650509884446796315e-03
-7.105149833230039493e-04 -5.687281288847879403e-03
5.096446756785843329e-03 -1.619581897950323618e-04
-9.644336720046216976e-03 9.147509116523202394e-04
-1.268731173850231805e-02 -7.904563292810116298e-03
1.115707492810267404e-02 -1.472983044269936433e-03
-3.936235985690136451e-04 2.802688078015190022e-03
1.076345132953366104e-02 1.329705033745253590e-03
-8.972523093087235446e-03 2.914417496517950762e-03
-4.488911890796507681e-03 2.238229218973743218e-03
-5.490070355355999507e-03 2.964646267811583275e-03
1.110419581255933305e-02 2.790490164176421227e-03
4.543387543169342263e-03 8.120198866564596468e-03
-8.259357765513165167e-03 7.820678314651852495e-03
-4.488113622380400861e-03 9.549179865967233338e-03
-7.256187804217323692e-04 6.309792182434000030e-03
4.784856060537632724e-03 -1.021396849808763919e-02
-1.345785860171190562e-02 3.256406859255839975e-04
9.868977133981403360e-03 -1.051680989316425459e-02
3.245486640452618574e-03 9.511404547522840647e-03
6.743362017067443953e-04 1.257558231999841500e-02
-6.277189782989580150e-03 -2.786913782006160585e-03
-7.493441091901121252e-04 1.982040213019138370e-03
-3.131106877697649189e-03 -1.713525523719957623e-03
-3.106455511009857846e-03 -1.431759113158368856e-03
1.845531658324141375e-03 3.245614409958425244e-03
1.097126364003459670e-02 4.597544353749805773e-04
-4.919512539395167437e-03 4.618267681148263346e-03
4.612168724228878081e-03 -8.293971661690066697e-04
2.463795670828339019e-03 -9.159132649568699561e-03
8.960995678158768102e-03 4.255649945194174902e-03
1.498688218379082369e-03 -3.964080426036915850e-03
-2.051619662487274968e-04 8.893012765493441094e-05
-1.168893138769970183e-02 3.506976334913002036e-03
4.564718066693481194e-03 -9.484901104997587457e-03
5.102703970587718803e-05 3.828497909261330441e-03
-1.027467087688452123e-02 -9.535257645794523867e-03
2.166925463167803691e-03 2.862592188398468442e-03
-2.922400180661996125e-04 -8.208202956301480224e-03
-2.005765541786157236e-03 -5.077096078603831469e-03
2.600176456017530210e-03 -2.984667444900300070e-04
1.805105995634390353e-04 -3.706965382167419563e-04
-5.995838332324883186e-04 -4.419332441322224199e-03
-1.990630093293430450e-04 5.837839833219108342e-03
-8.069171826858720364e-03 8.371885452430671837e-03
8.417228495122218955e-04 4.753051929509101090e-03
8.105222838970315563e-03 -3.903250277735587168e-03
-6.955230136372392291e-03 8.214461334121597735e-04
-1.206064891801611038e-04 -2.189852523520075325e-03
2.523572011705810768e-03 -3.627455054585340070e-04
1.144241772083474072e-02 -6.324640440524978771e-03
-6.291367542170258308e-03 5.164174130421304507e-03
-2.409990517365587746e-03 8.496738822690691169e-04
2.831714095288206945e-03 3.159334626555700305e-03
-1.031110519750559010e-03 2.006691579705568822e-03
-3.345816413532716471e-03 -1.390343527790620717e-02
2.580953547341325455e-03 -1.349921030232813755e-02
3.505475916199835701e-04 -8.974247399420032939e-03
5.070071083766396376e-03 -3.708689688495916351e-03
-1.178092681950167067e-03 -3.729892442515390059e-03
-5.909271358530854973e-03 9.531553494119601039e-03
-7.166618829046311236e-03 6.518402761349902791e-03
1.155165621597895650e-03 6.713091120094018954e-03
7.677144765118057781e-03 9.052703919570576421e-03
-6.080106619002145600e-03 1.082415370833054308e-02
5.060267975172086548e-03 6.726342841355285526e-03
-1.181471079587983510e-02 -8.477771453024519205e-03
-5.552497040487040791e-03 -5.050720405584384516e-03
1.453297116632976463e-02 -2.067585030782210370e-04
1.233159122788122022e-02 7.083915427814065080e-03
2.594875767514253501e-03 1.263574196939286874e-03
2.957621272972787291e-03 3.787146208645098076e-03
-6.049100756387221049e-03 -5.859042587238582483e-03
3.373245893976022092e-03 2.047245011905693499e-03
4.075937614045482826e-03 -1.279348492949677202e-03
6.374996981321916049e-03 -3.396971222743259099e-03
2.166127194751696003e-03 -4.448358458595022547e-03
3.820674646007787226e-03 -9.064901833409126641e-03
3.978258185218954031e-03 -6.452399694047239974e-03
9.110628184610586322e-03 9.211213496699795222e-03
3.892776670229834007e-03 -1.276314840175966307e-04
1.266808882982497012e-02 -5.296180265026629273e-03
-2.279708689094421363e-03 3.961430081784705903e-03
1.346277598170390714e-03 3.218312699018424823e-03
1.071335032774583390e-02 -6.544778434370490325e-03
-7.029056466927455574e-03 -1.138078930411980799e-02
-1.555814215005486487e-03 -5.613327188787227591e-03
-9.549179865967233338e-03 -4.488113622380400861e-03
-1.028523478278624975e-04 -1.496794646551615100e-02
5.580852558848396240e-03 -1.085145541927054307e-02
4.438810889008681405e-03 -1.011271268708948713e-02
3.831276023018204743e-03 -1.218898371626683796e-02
-5.946248408559358552e-03 9.108903878277568519e-03
2.166925463167803691e-03 2.862592188398468442e-03
-7.171791748046284047e-03 -3.276492503067544859e-03
-6.115103823689882999e-03 -9.047403231065939688e-03
7.873557430196333196e-03 3.995884557065445750e-03
3.838301017856782151e-03 -1.048605956955843931e-02
-1.085145541927054307e-02 -5.580852558848396240e-03
6.973910315636813609e-04 -1.764552563425834811e-03
1.161842590030850823e-02 2.177654609681306530e-03
-6.676114070063013037e-03 1.577815237439707426e-03
-1.237744534858712352e-02 -1.117518072657949606e-03
-5.527845673800609906e-03 -4.768953995023938498e-03
1.175055980441577774e-02 -2.802560308511886124e-03
8.052343723424473104e-03 3.602229307109890664e-04
9.624986041864206851e-03 -2.758558263643444679e-03
6.635560637862888793e-03 2.826541176286874110e-03
2.389586031759718954e-03 1.270944053044120378e-02
5.377287129429380967e-03 3.859376002371591070e-03
-6.621382878681943921e-04 -1.077762908872570858e-03
3.979982491551752391e-03 -3.187434605909305642e-03
3.319568510016574284e-03 -1.000232426641439829e-03
-1.434450953401198055e-02 -2.506999447281815958e-03
3.093203789748591274e-03 5.336861466732560622e-03
-4.518863945987576167e-03 3.518503749841471549e-03
1.255795594815056412e-02 7.468215344412065110e-04
2.365860702992481079e-03 8.381688561024981665e-03
4.657895075430336894e-03 4.561141684523001109e-03
1.228586487668112230e-02 1.693376577123199833e-03
-8.474865569761838233e-03 -1.168018208652810662e-02
2.148373053397332642e-04 8.329735483406277684e-04
1.024756023823424934e-03 1.495827112642514507e-02
-1.003345789852419859e-02 -5.155552598754374952e-03
1.941614550322317591e-03 -6.203235682930070653e-03
-5.349187150074634182e-03 2.952320584467008242e-03
-1.928362829055123523e-04 2.298133329351578129e-04
3.581984242396370199e-03 -2.868691145317852839e-03
-2.396738796102961151e-03 -3.055428471303980875e-03
-1.406009277919796283e-02 -3.312671284682442222e-03
7.570716035119936377e-03 -1.088236516375821247e-03
7.630492375998548273e-03 7.708150627732984067e-03
-6.274667208241816417e-03 7.789001953126624758e-03
-5.608824768698259227e-04 -7.317177373411174173e-04
-6.253464454222342275e-03 1.540838187410061965e-03
4.799033819717388009e-04 -1.816505641051123802e-03
-5.635328211233961090e-04 4.930273337307953261e-05
1.055298867477915195e-02 2.980676102829723714e-03
-3.255161979543624504e-03 -1.043330822351840395e-02
5.029389882060465028e-03 1.205260293107764807e-02
1.765350831840800834e-03 8.008341678558532697e-03
-3.118462352573216079e-04 1.266186210340114124e-02
-2.771011716489963587e-03 1.591066958702334021e-03
1.194920785384414978e-03 -5.002215940626271277e-03
1.581263850106882744e-03 1.320604424634252635e-02
-1.367352582685200067e-03 -8.327085139147483162e-03
1.313301618420242844e-02 -6.472548640643997764e-03
-9.398621321594862951e-03 -3.578535629729414323e-03
7.449694586037442293e-04 -4.465984830442875156e-03
-1.148191734561215122e-02 -4.673924910448478201e-03
1.021051988542068245e-02 -1.745074115739377388e-03
1.057486192770005964e-03 1.540039918995314734e-03
-1.477485464359608661e-03 -2.284083339679647377e-03
8.765509050999684831e-03 5.266483748843529475e-03
-1.082958216633962689e-02 6.838870528274153954e-03
-2.040890515978558556e-03 -1.359171681215469267e-02
-1.445809102835742682e-03 -2.993927824094414847e-04
-1.937112130231284906e-03 -2.669755905491813693e-03
5.622204259464628172e-03 -7.944861186003633613e-03
-8.320475104212159655e-04 -3.831148253513539520e-03
-8.964540408930242975e-04 7.602392396644943803e-03
-1.581391619610186426e-03 -1.849108040495762040e-03
1.362179663685227039e-03 -1.467810125269963404e-03
-1.486362535035867143e-03 4.104963631317138859e-03
7.360125610860763362e-03 1.191967075855427001e-02
5.887270336096634034e-03 -1.059434037539538562e-02
6.694538710325613311e-03 4.311977673404690341e-03
-1.126005504543384043e-02 -2.138027215399450690e-03
3.880450986887761314e-03 -2.685146892991807470e-04
-3.645336965446823937e-03 -1.100689969224842709e-03
8.504147126043967025e-03 -8.267979297178953274e-03
-8.972523093091318768e-04 2.914417496514524900e-04
-5.111295014877964386e-03 -1.055484075061661510e-02
-1.002378255943455442e-02 -4.233648922759953963e-03
5.705578159608317443e-04 1.653621413336679637e-03
2.391565877102988773e-03 -6.739466793113465908e-03
1.217720076233382498e-03 3.371521587641863275e-03
-3.057951046051743740e-03 -8.179176939029824192e-03
3.867997534038739200e-03 1.094753831126757740e-02
-1.301349515383898141e-03 -5.138724495321268272e-03
1.035750204762143217e-02 3.991509906480220603e-03
2.561890059546048475e-04 3.739567781606395989e-03
-2.738153778035995554e-04 -2.318410045457083325e-03
-1.473110813773240548e-03 1.998612777440897338e-04
-7.036209231270698639e-03 -1.726777244982584218e-03
5.473370021426416168e-03 -5.589474090515544370e-03
3.295843181249555852e-03 -5.327984396055159173e-03
5.204568141730053603e-04 -6.220862054779065578e-03
2.121997380379949793e-03 4.783003984700169575e-03
1.198037313735229523e-02 -2.609724025605232242e-03
3.348594527289591640e-03 1.765478601345246397e-03
6.495603470502076503e-03 -1.207118699223184207e-03
-2.414492937455259541e-03 9.722665470692094802e-03
6.796368902125243111e-04 1.101354137856888106e-02
-1.391046027274500316e-02 1.642892266821815474e-03
1.051336128049707927e-02 3.339046957701890476e-03
-1.046856096721389059e-02 6.097477451842030390e-03
-9.825773357527708279e-03 5.331433008723477675e-03
-4.401833838979036378e-03 1.053536230293015963e-02
-3.039526405789144334e-03 -2.289384028185427293e-03
-1.647394686912849026e-03 -5.037468684323118812e-03
-4.701002733774285389e-04 -8.618526888800076557e-03
-2.587978542180121438e-03 1.179628615561723569e-02
-2.660080566400808196e-03 2.859015806226846909e-03
-4.290774919385216199e-03 4.463749446090494333e-04
-1.154261972441039501e-02 -9.424326495706510792e-03
2.731384322209250495e-03 -1.232696103829026245e-03
2.851863041883604712e-03 1.231409262553803154e-02
1.356878975179447340e-03 9.423081615957216040e-05
-1.852684422666022249e-03 6.408397649179940411e-03
4.273946815950968071e-03 8.285733438532611253e-03
-6.218083941022191710e-03 -1.265841349073396592e-02
-2.620325402614288434e-03 -8.856291254493442455e-03
-1.414729860051873803e-02 -2.528681627920947514e-04
8.945093612645074743e-03 8.941772769481203323e-03
-1.936313861816537892e-03 4.641194741500534980e-03
2.640729888220157227e-03 -4.702823158216829467e-03
1.220051113119644676e-02 -3.338791418695282245e-03
-1.989991245775985483e-03 1.593717302953401652e-03
-8.858941598745652402e-03 3.401345873329627428e-03
4.165506589226463871e-04 -5.785886755592677469e-03
-5.096446756785843329e-03 1.619581897950323618e-04
1.553163870753276540e-03 6.394347659502566152e-03
-7.376953714295011490e-03 -3.187562375412609540e-03
-6.402170922756109800e-03 -7.460710922949972262e-03
-1.361636817883998124e-02 1.759124105416751647e-03
1.208255498626985801e-02 -6.309664412929554683e-03
1.359609146273991868e-02 4.430541014465386868e-04
-1.772631365688488378e-03 1.300260658642681498e-02
6.128355544951149137e-04 5.142300877491747489e-04
-1.313739083478765446e-02 3.988604023218899654e-03
1.880912171525434690e-03 -1.095363726818696266e-02
-5.248314647582313745e-04 3.736917437353967468e-03
-4.628996827663127075e-03 9.561505549310667790e-03
1.393856025210453691e-03 5.168804320013841531e-04
-7.534537253504817837e-03 -5.800064514773355627e-03
1.318975887230390293e-03 3.717566759172175050e-03
6.410920223927703276e-03 1.242860015779880672e-02
-8.162476605100022278e-03 5.682778868758207175e-03
2.547425109978636304e-03 -7.391929741891796468e-03
-1.612269712721807729e-03 3.477152049226600074e-03
-3.372319856057971396e-03 -6.093230570760107406e-03
-1.195824434541226805e-02 -7.684425298965964768e-03
2.422316200708803623e-03 -7.087906769888455659e-04
1.716335288860387255e-04 6.018350432781404899e-03
7.440434206843325347e-04 -4.199992715896025885e-04
-2.954172660305830981e-03 2.742783967631912470e-03
-2.907520271184961015e-03 4.087337259470647140e-03
-1.245345284787979789e-05 1.121605300056539856e-02
1.793706350202156283e-03 -7.893834146296395751e-03
-8.016292711315381112e-03 4.108412243984314177e-03
6.263012023807541101e-03 1.073800169443248249e-02
-3.048403476466544915e-03 4.099662942812720701e-03
2.389713801265525624e-03 1.352504324594221326e-03
1.135814943427254956e-04 4.869283768103161011e-04
2.929393524114735740e-03 8.332385827653263077e-03
1.031787465333821631e-02 4.349880761353746954e-03
1.126554564233137740e-04 4.532913935663588668e-03
-2.783337399834539486e-03 1.450183753420968696e-03
3.510552717084623568e-03 6.861925358131090377e-03
1.798879269203270976e-03 1.901061118119690358e-03
-7.003606831826060183e-03 -3.788072246564509662e-03
-4.986313875111434736e-03 -5.881043609672803422e-03
-6.102778140346668857e-03 -8.906520025785714945e-03
-1.270851449252179133e-02 -1.656399527093553939e-03
-1.868458718676412793e-03 -2.624157323797960241e-04
-9.025529978135506852e-04 1.853482691082129936e-03
-5.557925498496124606e-03 7.868256741691915038e-03
-1.197599848676592776e-02 5.093668643028969462e-03
1.486234765532563028e-03 7.251972574529624155e-03
5.002215940626271277e-03 1.194920785384414978e-03
-3.275694234652798062e-03 1.448274239503863359e-02
-1.565489554096491983e-03 -6.535230864782790028e-03
-4.491562235048717627e-03 3.019249689689082212e-03
1.422390304483181836e-02 3.171469237617406331e-04
-2.977897989072849846e-03 -1.584968001781807308e-03
2.344657948973226380e-03 1.462985232674404723e-02
4.895787210627444057e-04 -8.946019650555616905e-04
6.816997275344596936e-03 -1.590140920781780553e-03
-8.047969072839245355e-03 2.123721686714108610e-03
-3.724591754010752459e-03 -3.839482594780081488e-04
1.030312251335811780e-03 -9.317642226697918362e-03
-7.739954758754005867e-04 1.700273802457330594e-03
1.254655630272676070e-02 -3.440047229692290258e-03
-9.720046777833882788e-04 -7.864808129024739719e-03
7.264170488378403822e-04 1.001158464559490958e-03
-8.233780360907322696e-03 4.056459166359025620e-03
3.214736316846803291e-03 3.480728431398220739e-03
-1.002285652151514196e-02 -8.279634481613227723e-03
-9.818077863776983241e-04 2.570224400826462158e-03
-2.601102493938084112e-03 4.344452303344664007e-03
3.636715433779455931e-04 -1.522413547147462125e-03
2.310459012700236212e-03 2.069246034339914438e-03
5.956722016065110412e-03 -8.760495552896578435e-04
-9.492053869344207594e-04 5.089293992433951584e-04
-3.909477004159417346e-03 -2.497196338686364248e-03
6.789567794899932160e-03 1.026604934521759167e-02
-1.611599213802857814e-04 2.214503890206505343e-03
-1.199295435970782874e-03 2.518271323202534058e-03
7.280200323386533390e-03 -6.031474384539367573e-03
1.197571129636624057e-03 -5.783236411341610705e-03
-2.200102243422093901e-05 -1.062786881275785446e-03
1.108404686596257613e-02 -6.364267834807053187e-03
-1.428182730986747974e-03 -1.720550518558753824e-03
2.244455945397573829e-03 -1.119114609487442550e-03
-1.254470422688929755e-02 -4.651923888015398710e-03
-1.016731610896698737e-02 -3.440302768701399960e-03
6.767694541971517458e-03 -2.153673741905176662e-03
-9.379270643414212849e-03 -1.734728277739432199e-03
-1.125303005059640447e-02 -4.351030686896920074e-04
6.050154563811077982e-03 -9.543879177462815180e-03
-1.042637934679026789e-03 9.176759021417693618e-03
1.164480157332795605e-02 5.724386108382190086e-03
-1.008713528248364640e-02 -8.203030037301507413e-03
2.708329492351171756e-03 1.310743877959658597e-02
2.335908647800272013e-03 9.661963091894071320e-03
6.838200029363852503e-03 -7.838304686500846552e-03
-8.363136151259078360e-03 -3.101282592009884601e-03
-7.937836191164837629e-03 -3.919280112753727174e-03
7.776005770873110033e-03 -1.253410284987888090e-02
2.088596712521925865e-03 -4.666516607091118806e-04
-8.255781383341544502e-03 2.993672285083239740e-03
1.526788197732688139e-03 2.847616160803043486e-03
-9.881973316234918953e-03 -8.291960164956441864e-03
1.021569280442179498e-02 8.049821148676708504e-03
5.490996393275411093e-03 -7.010631826664856167e-03
-7.405181463153063040e-03 1.357677243595555028e-03
2.562401137574279834e-03 -8.032067007324408814e-03
4.472083787362259553e-03 6.493879164167918119e-03
-3.698088311486859292e-03 -8.194152966625248280e-03
-4.453531377596356249e-03 -1.196102245917028337e-02
-7.074112319219755252e-03 1.896558698030018347e-03
3.211159934675182626e-03 8.307734460966833059e-03
-1.285112200413617359e-02 -4.909038931889414710e-03
-2.100922395865140874e-03 3.257684554288885464e-04
1.371727233270426949e-03 1.081102975657258214e-02
1.548789220166909078e-03 3.910403042078828932e-03
8.072620439527037131e-03 -1.841955276152519409e-03
2.541198383554805693e-03 -1.783903241607846454e-03
1.003623601228107245e-02 -6.982404077806586909e-03
7.056485947370761194e-03 -4.754009618807061160e-04
9.351553972581890320e-04 -3.914777692664054946e-03
5.144823452240652670e-03 4.447560190180275749e-03
-6.152208643224193682e-03 1.886883358939012417e-03
-2.179378916014322598e-03 8.353460812168072430e-03
-5.802331550518373491e-04 -2.575525089332241641e-03
1.198832417010914364e-02 -4.952785437748744718e-03
-2.951650085558067682e-03 1.331869970276469695e-02
-5.523598792718688658e-03 9.071926828247922625e-03
-5.182854309693014049e-03 1.053271195867909113e-02
-5.126398811978053263e-03 1.442232720664121800e-03
-1.446431775477603245e-02 2.614098676191600572e-03
-4.220269431992881154e-03 -5.238255999986620240e-03
1.683573468527747689e-03 -1.850832346828559750e-03
8.543774520325821131e-03 -8.626350152053621073e-03
3.571510634890617906e-03 -1.110154546830576308e-02
-5.003940246960429661e-03 -4.459885873523491626e-03
9.557130898724081752e-03 2.145052210236886650e-03
3.049329514384596044e-03 -8.145648501667135041e-03
-7.961689289436520850e-03 3.109904123678175480e-03
4.981939224526208722e-03 3.397098992247705312e-03
1.343627253918181419e-03 3.999333169733763384e-03
-5.296308034529933172e-03 -1.311152623978208186e-03
1.230786589911534237e-02 2.756163458398985279e-03
-2.147447015481346484e-03 -1.237572104225546921e-02
1.820880291637491915e-03 2.963847999395475587e-03
-9.646061026380376227e-03 -2.350214176486755974e-03
7.024681816342230427e-03 8.896844686694709015e-03
-2.730586053794504132e-03 8.543646750821375785e-03
3.932404064513049871e-03 -4.860023388911231985e-04
-7.349652003355011502e-03 -3.686816435566359768e-03
-4.009806777238374663e-03 -6.889227069071090365e-03
2.315887470709319593e-03 -1.084973111293638381e-02
-9.590084955298722527e-04 1.094396192909595847e-02
1.663296752427685351e-03 3.513458600347304757e-04
-9.823123013275498333e-03 4.550412538008137379e-03
-7.941284803832011213e-03 -1.044921028903323876e-02
5.586823746263335291e-03 6.254390492141754729e-03
1.042510165175723324e-03 2.180177184429069395e-03
1.813057028385309591e-03 -6.050026794306631768e-03
-3.055428471303980875e-03 2.396738796102961151e-03
1.903711462373260544e-03 -2.579899739917468088e-03
7.912386556063660814e-03 -3.673436944799068817e-03
-1.535537498904281616e-03 -7.815505395651879683e-03
8.126968322392047559e-04 1.987340901522415514e-03
-4.123388271579739132e-03 -7.376155445880265560e-03
-4.518065677572610794e-03 1.082945439683632299e-02
-8.177324863191001020e-03 -5.034020071654802045e-03
-2.965572305729634404e-03 -1.444084796501584082e-03
3.040324674203890697e-03 9.600334675177776833e-03
1.168283243078031830e-02 -9.255886040477178528e-03
-4.701098851883812532e-03 6.242351999202794439e-04
9.233214519132655271e-03 -8.047841303335941457e-03
-3.699142118909575644e-03 7.208768798074787626e-03
-4.499513267805564307e-03 5.362311101832595989e-03
-4.561939952936606459e-03 -2.653055571563372669e-03
-7.324074598751672237e-03 -7.451035583858967200e-03
-8.351864275339720284e-03 1.244252237797173477e-02
-6.527407601530607270e-03 1.057936434779859977e-02
-5.307037181044796034e-03 1.316986546472762726e-02
3.249190792128904895e-03 -6.672537687891391504e-03
1.387629298786623080e-03 6.124906932285335143e-03
-3.673564714304875054e-03 3.444549649783322509e-03
-7.192994502065758189e-03 2.971671262649019235e-03
6.552857236631784085e-03 -2.986647290245804647e-03
-2.441666878889454158e-03 -1.135016675001136776e-03
-9.240111744468147356e-03 -5.012019049221723421e-03
-5.823662074038431051e-03 -8.150150921756806402e-03
4.443185539593907420e-03 -7.628768069664389889e-03
-2.377515887425614514e-03 1.014531508653276556e-02
1.246746093505039180e-03 6.137232615627407836e-03
-4.168444123870896495e-03 5.901192556268200322e-03
-3.534278045853002891e-03 -1.118967732754595074e-02
-9.016269598954997728e-04 -2.192502867772284838e-03
5.507696727203852116e-03 -4.385804003959535048e-03
-1.432557381573115653e-03 -4.204495135982491694e-03
-2.597526111766462580e-03 -4.825537262239483136e-04
4.912487544556590029e-03 -6.321191827856662004e-03
8.719910469302892542e-03 -1.148099130769410052e-02
-1.641295729993464412e-03 7.114410212410550785e-04
-1.293660351912415130e-02 1.415729278138867960e-03
7.563691040289085427e-04 -2.791160663082373726e-04
-6.433049015865228114e-03 -2.134450833227830458e-03
-1.287325079607369929e-02 5.385110392681562858e-03
-2.940793169539900054e-03 -1.251925459178790043e-02
-1.435335495324327926e-04 7.933461540585540032e-04
-1.092738936466853715e-03 1.302275553301949053e-03
-6.830121227102558742e-03 -5.861692931490791562e-03
-1.906361806625470057e-03 3.360920210632806649e-03
-9.738567536208511026e-04 2.271629886829483816e-04
-1.405255670633115232e-03 -4.703749196136241054e-03
-1.042535719076155554e-02 9.121005674001111604e-04
2.033993290643066471e-03 5.318564595970277920e-04
-7.556538275937896461e-03 -6.862851396050501963e-03
-8.898568993027726817e-03 3.759716728201793323e-03
-3.399749336501275716e-03 5.762959695240404967e-03
7.986468425631917121e-04 -1.418507391895742261e-03
1.102149241132708776e-02 -3.022698302354896206e-03
-2.978824026992261433e-03 2.461017557071465151e-03
5.218777552300163033e-03 5.292859421864118744e-03
-1.820082023222744684e-03 4.347102647596873086e-03
3.117184657526567105e-04 -1.304925897555519240e-03
-1.280274530867728331e-03 -2.995205519106805200e-05
-2.077197067096761551e-03 4.653520424843749989e-03
-3.701664693658480391e-03 -3.367146937056637260e-03
-1.196517322212766257e-03 -9.619685353359786958e-03
-3.054917393288262076e-04 -4.303100602728431208e-03
-4.694999894963286687e-03 6.373144905483092877e-03
-5.589474090515544370e-03 -5.473370021426416168e-03
-8.304158078795212394e-03 -1.615846094893428828e-03
1.075240334123665244e-03 -1.123805402299962036e-02
-1.566415592015904003e-03 -2.489245305929516702e-03
1.124945366842478381e-02 5.262109098258303461e-03
-6.001650098852964743e-03 2.796461351591359844e-03
7.579465336291529853e-03 3.879652718473014517e-03
-3.069478460981354268e-03 -1.009109497316338071e-03
-1.593589533450096886e-03 -1.334692745162274936e-02
7.718752004743401583e-03 -1.075457425885625873e-02
5.999798023014141571e-03 5.295509766115186374e-03
-1.036360100454081570e-02 -9.740419612044394493e-03
1.186666387350626684e-02 8.260283803431215863e-03
6.021000777033614845e-03 -9.526539996013772861e-04
7.834728304329225887e-03 1.166520605893246396e-02
-1.064191880243408640e-02 -3.185838069078451591e-03
2.245126444307388690e-04 1.754877224336189988e-03
1.532088886234385329e-04 1.285575219370082439e-04
2.359761746073316124e-03 2.632778855463310547e-03
8.197218270780009565e-04 3.690265048233316511e-03
-1.621945051811452985e-03 2.555248373232179519e-03
8.375589604106958158e-03 -8.114770408555514389e-03
-3.680589709142310581e-03 1.741625503073563177e-03
-5.271528898340199255e-03 -1.238632241926452410e-02
6.673335956307499192e-03 1.056014143912239502e-02
-3.050926051214308647e-03 -6.476252792320065510e-03
2.193397254294056006e-04 -8.040018040082398676e-03
-2.608127488775519205e-03 2.641528156634904458e-03
-4.133319149679855198e-03 1.441581328981791921e-02
-9.037727891974933758e-03 7.037007499685445436e-03
-1.174790946016356780e-02 2.021539837796547563e-03
1.525862159813276553e-03 6.893601719656316379e-03
-2.736557241209223307e-03 -8.562199160588420538e-03
3.271191814563125400e-03 -5.609750806615606059e-03
-9.861824369640664369e-04 8.627978340272504740e-05
1.418692599480081244e-02 -1.055026920800715765e-04
9.112480260449189184e-03 1.119242378990746231e-03
-2.104626547545071415e-04 1.650971069084470125e-03
-1.213450806389514483e-02 6.527152062521496267e-03
-5.955795978147059716e-03 -3.169936003564756931e-03
-5.783108641835803601e-03 -1.255450733548360738e-02
1.197852106151483381e-02 5.482247092102456726e-03
-6.567705494722762827e-03 -7.730151650167204139e-03
-4.154968514999309026e-04 -9.617035009107358437e-03
1.105064619810068724e-03 -1.161392348021725611e-03
-3.547944727005447954e-04 -4.866633423850685869e-03
-5.460342187749839520e-05 9.985081203072814458e-04
-1.194920785384414978e-03 5.002215940626271277e-03
1.366554314270453270e-03 1.016134492155134489e-03
5.393987463357822858e-03 6.484203825076913057e-03
-4.341003690677488688e-03 3.928827682341429206e-03
6.843372948365186205e-03 1.956590577917742112e-03
-1.283707201445880020e-02 -1.503190638470115921e-03
1.916037145716475770e-03 -2.439016534637244212e-03
2.507669946192116542e-03 4.323377318828493764e-03
-8.619995656122842343e-04 -2.550873722645811623e-03
1.808682377798941261e-03 -8.533971411730369855e-03
-6.601233932085452845e-03 -1.622871089730864354e-03
5.506770689284440530e-03 -3.398184451062621556e-04
-4.133989648590156649e-03 -4.252073563022554237e-03
1.058824141847600209e-02 1.383606305324601438e-04
-1.488086841370025743e-03 8.399985431780632953e-04
1.211330530987453011e-02 -2.789882968035730174e-04
-9.791574421252700194e-04 1.789203930113625936e-03
-8.777036465928153910e-03 1.903583692868595321e-03
8.157175916595604120e-03 -4.120737927327530054e-03
6.740392831031517470e-03 -1.654419681751426868e-03
-6.846151062120699182e-03 1.018136609864436076e-02
3.088701369657558156e-03 1.420985305515444497e-02
-2.136175139560627951e-03 3.168083927727294215e-03
9.888327812162757326e-04 -8.673002541180637164e-04
-4.540864968420436215e-03 2.455716868566827551e-03
1.909682649787979719e-03 1.452594617149232867e-02
5.301480953531266874e-03 1.110604788839679793e-02
8.960197409743802729e-03 -3.055300701800676109e-03
5.507696727203852116e-03 -4.385804003959535048e-03
-3.161058932888717241e-03 -4.332509928522295089e-04
3.187434605909305642e-03 3.979982491551752391e-03
2.009469693462442690e-03 -1.110684615681040155e-02
4.163941703782366582e-03 2.971799032153465015e-03
1.960837458999664662e-03 6.997507874906674918e-03
3.926975606496020590e-04 1.243297480838082870e-03
4.812956039891238061e-03 -3.402271911247678558e-03
1.058559107422243038e-02 9.193811012466563889e-04
-8.836940576311432330e-03 4.464132754605412874e-03
3.162208858425476221e-04 -1.017791748597604400e-02
3.411947250338684054e-03 5.734859715886800498e-03
-7.400679043063390812e-03 -7.515314344827471633e-03
-4.871934112355104027e-03 1.916835414131222567e-03
-1.134633482883656494e-02 -3.124209652363517126e-03
8.337718167553747825e-04 7.096113341652615300e-03
-7.632663293630406048e-04 -1.278074428624828562e-02
-4.557437532845574207e-03 -1.152604715998525702e-02
3.595235963658997228e-03 -6.773793498890902723e-03
4.036182450258963064e-03 1.043595856777061390e-02
1.359657088936322075e-03 -1.204372586040138894e-02
1.038228118381116609e-02 -7.083659888806095525e-03
2.410916555283638876e-03 -4.895659441123483349e-03
-1.333195142402732528e-02 9.534522680149822016e-04
7.519561225909392882e-03 6.440201780208471179e-03
1.337687950681381785e-02 -2.873864064317825651e-03
-1.112897494874906870e-02 8.284679631109896636e-03
8.104296801050903110e-03 1.427352811176861580e-04
-5.481321054184405163e-03 7.932535502660419471e-03
-6.433049015865228114e-03 -2.134450833227830458e-03
-6.620584610267463838e-03 -3.466678441721989228e-03
1.864882336504791478e-03 5.089421761948407369e-03
-4.783131754204616656e-03 1.347893358622807500e-02
-9.658514479226896002e-03 8.865838824079784464e-03
-3.784368094889584665e-03 -9.180335403589316018e-03
-5.828036724623657933e-03 -1.063409553918190538e-02
-9.248861045639742567e-03 -9.979908284070557883e-03
-1.672173823103944267e-03 6.037701110962056736e-03
4.626218713905110892e-03 2.576451127251653227e-03
-1.848182002576350454e-03 -2.464593939243086250e-03
1.542690263247524247e-03 -1.838506663485344741e-03
-3.019153571572055425e-04 -9.130106632297043529e-03
-6.303693225513473317e-03 5.023290925141080630e-03
-1.651769337499217356e-03 -7.521413301746856031e-03
4.075011576126071240e-03 2.766637065903595691e-03
7.191940694643042704e-03 1.243125050205101667e-02
-6.554581542964801888e-03 -2.783177978946320234e-04
-1.092068437549967904e-04 1.997016240614562892e-03
-3.862696845534101600e-03 -1.250957925269575305e-02
8.863316249330878416e-03 -9.174012559045293183e-04
-3.962739428207381941e-05 3.583708548721660568e-04
-1.098451536129722329e-02 3.445347918198069306e-03
-2.966370574144381635e-03 -8.755035443493933839e-03
1.762637184785293461e-05 -1.421157736147951557e-03
-9.115130604700257683e-03 -3.382219082767685611e-04
-6.260872757577417257e-04 3.390872265823874701e-03
1.064814552885813559e-02 -2.422188431202996518e-03
7.118912632501802479e-03 7.539965711515262542e-03
7.542488286261665384e-03 3.457003102629841416e-03
-3.183985993240988875e-03 2.549947684726400036e-03
-7.999592377385577463e-03 6.733240066690777612e-03
-7.709076665652396521e-03 1.167647793485182203e-02
-5.388814544356050921e-04 3.310691439346681369e-04
2.447765835808838556e-03 6.883926380565311316e-03
3.002677125263945087e-03 -9.490201793503367372e-03
-3.971233190380158047e-03 8.155323840758140971e-03
-1.122818761162367764e-03 1.393948629001780237e-02
1.412280665473053965e-03 6.406673342845781161e-03
8.524296072639363925e-03 8.867787018033792580e-04
-1.029057294239935777e-02 -4.849134821506137158e-03
4.240550804008973163e-05 -1.249632753143448821e-02
4.797980012295594530e-03 -2.762134645815065778e-03
1.236167105257809408e-02 -5.553295308900646141e-03
-8.118985638244577419e-04 5.323609745469934026e-03
-1.167130501585184749e-02 2.085818598765051129e-03
-7.568991728786918574e-03 4.353201604516257484e-03
-9.492053869340830521e-03 5.089293992443743447e-03
-3.651435922364847445e-03 -6.849599674787874501e-03
-1.012861475260432367e-02 2.473119352797061715e-04
-1.315144082446502785e-02 5.827557297996008648e-04
-9.342293593387773374e-04 -1.312078661892176210e-04
8.988488461374836980e-04 1.433045954433460716e-02
-1.462509436764184139e-03 -2.924220605114762929e-03
-1.224981386456952710e-02 2.775258597571885269e-03
9.457727163563394573e-03 -6.292964078999752769e-03
1.198082207654140897e-04 -5.121098123472273347e-03
-1.158742003769516315e-03 -1.886085090525407718e-03
-7.436730055173843695e-03 -1.198394951952391763e-02
1.193716936089745870e-02 2.575652858836906429e-03
7.967947667243684313e-04 6.673463725810803958e-03
-8.982070662673577455e-03 -9.364422385323232373e-03
7.361179418284621162e-03 -3.483251006147126353e-03
-3.346455261062893441e-04 4.288124575133007120e-03
-1.074582495768466525e-02 -2.750862769894565820e-03
-5.891644986681859181e-03 8.110395757970286640e-03
-3.213938048433198809e-03 3.830222215595488824e-03
-1.344460688045063905e-02 -3.579461667648607334e-03
-5.763885733159598845e-03 6.462362223544999493e-04
-5.072050929117393305e-04 2.315759701204873813e-03
-3.178685304736350841e-03 9.879067432982250371e-04
-3.481526699812967536e-03 -4.096214330145545382e-03
7.942210841750063643e-03 6.403224730178825284e-03
-6.788897295990991600e-03 8.401837507621740322e-03
-5.800862783189463315e-03 2.235866065113272828e-04
-4.359013371032967061e-04 3.942079403602694911e-03
-3.343421608289618829e-03 8.029416663072200602e-03
6.255316530059805424e-03 -9.632809305117749632e-03
-4.876308762941472356e-03 -5.671092032925144355e-04
-1.675750205275564932e-03 1.086470714053066819e-02
-9.226987792708824659e-03 2.439814803051991443e-03
-2.331533997215045565e-03 -7.178018474468972343e-03
-1.238274603709290517e-02 4.445228687715869348e-04
7.906958098063444906e-04 9.245540202477716242e-04
2.859941844146258495e-03 -1.385904992452464696e-03
5.272454936258249084e-03 8.340336860410109757e-03
5.838765871138519928e-03 -3.846922549523929848e-03
5.168548781009031992e-03 8.775312159595137843e-03
4.758352618013739557e-03 -2.403763790940397112e-03
-2.030416908472806262e-03 -5.358862489166781561e-03
2.816738067692563848e-03 3.799471891988313085e-03
-6.516678455016886723e-03 -3.901653740905874565e-03
6.637284944195904861e-03 6.091506264427309914e-03
-3.720217103424384129e-03 2.099996357945729288e-03
-7.008396442319984529e-04 -4.765377612852316966e-03
6.911228091503950413e-03 -2.947019895963730231e-03
-2.730171094000050243e-05 4.992540601537502273e-04
1.676548473690312163e-03 -3.553756493538318649e-03
-1.814366374814900019e-04 4.416682097071156568e-03
-8.533780339451358873e-04 1.377395171805114935e-02
-8.863316249330878416e-03 9.174012559045293183e-04
-9.808817484582865211e-04 -1.475761158026810734e-03
7.624393419078022427e-03 1.959240922170170634e-03
-2.007873156635014283e-04 2.572874745080032128e-03
-6.425225752613046223e-03 6.879423960474277330e-03
-1.228241626401280553e-02 4.836553599154952594e-03
-1.045530924595262402e-02 2.192375098267839058e-03
-2.150097359733555563e-03 -1.159470057154013065e-02
7.230897590014814802e-03 -6.595007205661622234e-03
3.224411655937809221e-03 4.402632107393783176e-03
-8.136228701586163421e-04 2.058644657330857379e-03
6.207865872519620267e-04 -1.828831324394339028e-03
-1.086298283419901214e-02 1.589214882863729424e-03
-1.042720926659901869e-02 9.004071685107797526e-03
2.063945345834134523e-03 -7.484180712707006475e-04
-1.409758090724147917e-03 4.169242392285643292e-03
7.140913654932644827e-04 8.602752592781256341e-04
3.385571577319237101e-03 2.188128217185916508e-03
-5.995838332324883186e-04 -4.419332441322224199e-03
-6.702617512588267094e-03 9.388019944585806326e-03
-6.789663913010818459e-04 7.654345474270232361e-03
-5.740064286266464977e-04 -8.183551589615050206e-03
-9.641814145298453894e-04 1.149066664678510602e-03
3.110830161596226176e-03 3.915703730582106509e-03
7.334420436752760175e-04 2.704082611269250074e-03
-2.922496298780604546e-03 4.727474524903260353e-03
-5.900362636461469606e-04 7.859507440518959803e-03
1.278246859258130169e-02 2.501698758777396933e-03
2.626552129038119045e-03 3.248264754209492441e-03
-2.409064479446176594e-03 -3.196311676584203884e-03
-4.031009531258990253e-03 -6.410633033531664641e-04
8.761262169919124473e-03 -8.574397074427191068e-03
-6.935081189776994524e-03 9.976204132394490137e-03
1.722274824891551533e-03 1.836782357151186358e-03
-3.347668489370179620e-03 -5.811464160198519940e-03
-6.742915405780423518e-03 -8.921496053379997584e-03
4.237097535425768391e-03 -3.493852383156182545e-03
6.446300737127855576e-03 -1.770651520345219426e-03
1.159125195887181214e-02 -8.680027536011707123e-03
-1.821806329556903501e-03 1.082137559457796872e-03
2.544646996229489111e-04 4.746026934671009837e-04
1.054768798627337377e-02 4.542717044259259387e-03
4.166719817537879560e-03 -9.166157644408638727e-03
-7.241371197519426081e-03 -1.637847117327650200e-03
8.256707421259595198e-03 -7.039657843937655382e-03
-2.456515136980432466e-03 -1.185181561541414665e-02
1.120040647406854136e-03 -1.801529613455699281e-03
2.703156573351198945e-03 3.312543515179139191e-03
1.053271195867909113e-02 5.182854309693014049e-03
-7.071941401591329626e-04 1.219958509327839780e-02
-4.026634880671261033e-03 1.842881314071712854e-03
-5.244227187400198401e-03 -1.288557647941827519e-02
-7.951032756847112998e-06 2.343061412143513777e-03
-9.209233651356524969e-03 -1.033827913894408423e-02
1.151717008930719897e-03 1.831609438145066120e-04
-3.438578462367242010e-03 1.343228119710606315e-02
-9.334470330132165622e-03 7.701796131805848690e-03
1.297900902715581157e-03 -1.391205680956883505e-03
-3.944857517359569646e-03 1.170205533945766277e-02
-4.050487978944306011e-03 8.872065550502471892e-03
-5.623130297384039758e-03 1.199084674485690651e-02
-4.647293698419919378e-03 -7.685223567380711565e-03
-5.167526624969380478e-04 -9.963080180637670646e-03
-4.012584890996390846e-03 5.248729607491230652e-03
4.850859127840295541e-03 -7.025607854260280255e-03
2.609851795109677589e-03 6.234369315041715393e-04
-6.302767187595422621e-03 9.773053662866654223e-04
1.177422183041226290e-03 -1.493799441032394107e-02
-1.399156713715091508e-03 1.045160509426790738e-03
4.752253661094354292e-03 -8.152673496504571002e-03
4.626218713905110892e-03 2.576451127251653227e-03
-1.405383440138921903e-03 6.653187009710741402e-03
4.576117712117283749e-03 -5.298032340864091555e-03
8.220528639644696101e-03 -1.513568127859757362e-04
1.091838452449011600e-02 4.723227643822698260e-03
1.060506952190888932e-02 -8.593747752610342641e-03
9.850296954709692951e-03 6.307269607685093982e-03
-8.147372808001294292e-03 -6.314294602523672258e-03
-4.467709136777034407e-03 -4.009934546742820009e-03
-2.114046347623102680e-03 -7.126065396843683786e-03
-7.531886909252608758e-03 -6.581084985488694188e-03
3.851424969613602076e-03 -3.034225717284506733e-03
-5.275233050015124686e-03 3.797619816150850369e-03
-1.143261461224043263e-02 -4.110392089326222673e-03
-1.293130283061951456e-02 -1.463116632893068231e-04
-3.162783239221514733e-03 -3.698216080990163190e-03
-5.666078534827263813e-03 -5.537648782394920602e-03
-3.264039050221025084e-03 -4.044261252520255957e-03
-6.824150039693986126e-04 1.124415297992080150e-03
1.533940962075930337e-03 -6.806395898334179420e-03
-5.053242980332148249e-03 -5.023418694645745419e-03
3.077429493738201381e-03 -1.333951914827175705e-03
-7.683371491543249283e-03 -3.444677419287767856e-03
8.636153260647930902e-03 -1.891258009525380746e-03
8.748936486574548574e-03 -8.715280279708555525e-03
-3.706965382167419563e-04 -1.805105995634390353e-04
6.250941879473436227e-03 -1.211675392254148512e-02
-6.885778456402773598e-03 1.053973695351652709e-02
-3.343293838783811724e-03 -3.327519542774782287e-03
1.228679091459917300e-02 -2.352608981731215375e-03
4.755574504256865689e-03 9.734192885620563881e-03
-2.379240193759772897e-03 6.880349998393689784e-03
-1.138608999262308644e-02 8.591097408356772672e-03
-7.967788246355906115e-03 -2.639005581885999277e-03
8.726009426213407515e-04 -5.732081602130411485e-04
6.511505536015770729e-03 -5.893241523510211327e-03
4.332509928522295089e-04 -3.161058932888717241e-03
1.675622435770900576e-03 4.922290653149538099e-04
1.479209770693767044e-03 5.549048427818724025e-03
-4.960065971595291681e-03 9.022624094874844014e-03
3.477950317641346871e-03 8.923220359714156835e-03
2.446615910261362020e-04 1.090963522331852079e-02
-5.457786797697363954e-04 -1.272879120862185388e-02
-5.256552870743412542e-03 -1.302645968469849820e-02
-8.666903584253746184e-03 -4.139418106599239595e-03
2.899569238426971587e-03 -1.744275847325772472e-03
-5.602725811778170098e-03 -1.568267667853366068e-03
4.774126914023911310e-03 4.267049590616836877e-03
-1.216353408116680260e-02 3.761441034535952140e-03
3.490403770489226669e-03 -2.292832640851241721e-03
2.138825483814197920e-03 -3.949104398441491762e-03
1.363214247485151215e-02 4.911689276141623789e-03
1.520689240813303308e-03 -2.901293544761130404e-03
-4.473009825284612363e-04 -2.447893605319431437e-04
2.698781922763470592e-03 8.285988977542597641e-04
4.205421173901903280e-03 -5.478542940426388980e-03
-4.203441328559776209e-03 -1.397036438312692155e-02
-1.314004117903986441e-02 4.769624493934239082e-03
-4.042566269682077926e-05 -6.952579792120182345e-03
2.589702848512919365e-03 -8.531321067479301357e-03
-1.247605081533306390e-02 -2.244583714902238618e-03
9.651074524492570840e-04 -5.195052223531783711e-03
1.115177423959689412e-02 8.905789715959924052e-05
-1.918687489968685066e-03 3.220037005352583206e-03
-6.578306871731820320e-03 -4.606069767308351368e-03
-4.481759126453266351e-03 -7.415782840163480556e-03
3.947380092107332511e-03 -1.126139604324877860e-03
-3.743942432192763885e-03 -2.227755611469132372e-03
-8.921368283876693686e-03 -4.614020800066341230e-03
9.377418567576749700e-03 9.826699395447118998e-03
-4.059237280115899488e-03 3.904176315653638298e-03
4.596266658714042407e-03 3.856725658119381558e-03
5.967195623570864006e-03 7.356804767698252832e-03
1.102851740616566517e-02 -1.319774155646497547e-03
1.339000345857177879e-02 4.577969787954746898e-03
-5.934848763131034873e-04 1.329577264241949691e-03
-1.088233351237966225e-02 -2.545924691262531347e-04
-7.566341384534710363e-03 3.572181133800918489e-03
8.560347084750957389e-03 5.355413876498463926e-03
-9.612532589017687076e-03 -8.457494736923094891e-03
2.597526111766462580e-03 4.825537262239483136e-04
-3.849572893776138927e-03 -5.057745400423181367e-03
-1.966265917008748042e-03 5.921469272369623768e-03
-7.539837942009455438e-03 -4.238023573345180844e-03
-1.130514254911464764e-03 -6.431324709533572936e-03
-1.322539492452453821e-02 -2.625435018842421295e-04
-3.504581529669904393e-03 1.024392055327870595e-02
-8.972523093091318768e-04 2.914417496514524900e-04
-1.053018938393018508e-02 5.393061425438411272e-03
-3.838173248352336371e-03 -8.708766362896850320e-04
-1.168545112364968025e-03 8.548947439327155701e-03
-5.807089509613293926e-03 5.831613106795277730e-03
7.877133812366812413e-03 -8.311214725018048130e-04
3.188360643827356771e-03 -6.600306730266260018e-05
-4.005559896156452547e-03 6.951653754200771626e-03
4.308401291234211124e-03 -1.867532680758361664e-03
1.972364873928132874e-03 -1.725595668054500948e-04
-3.437652424449190881e-03 9.386295638251647075e-03
-1.473018209982300541e-02 -2.047372781411500170e-03
5.498947426032257772e-03 -9.353693238808370378e-03
9.223411410537202260e-03 2.387191226516620010e-03
1.033633094498322309e-03 8.569224155427216522e-03
-1.171067687112731541e-03 -2.026968295805630944e-03
-4.594670121885691128e-03 1.076517563586667711e-02
-5.101747445291623245e-03 1.723999131224568469e-03
-4.045059520933861306e-03 -4.046911596772684479e-03
-2.078123105016172704e-03 8.699505983697022882e-03
-4.611370455814132151e-03 8.140347813161355126e-03
2.508595984111528128e-03 2.773917599752206541e-04
4.228220464750871016e-03 2.895194587841745573e-03
-1.062694277483866231e-02 -3.825975334513566275e-03
-3.309765401421122574e-03 -9.434800103211122072e-03
9.466828121866572437e-04 -1.108484513437617974e-02
2.991149710335476442e-03 -2.320134351791242142e-03
-1.123712798508156793e-02 -5.121225892978080452e-03
-3.629434899931987396e-03 -5.786812793513230503e-03
2.153801511408480994e-03 -4.589241663875246423e-03
-3.138259642039530062e-03 7.940486535418407599e-03
-1.347203636089802517e-03 8.276728598348481779e-04
-6.636486675782300379e-03 1.219444382566399650e-03
2.889893899337326981e-03 -2.666179523320193027e-03
-1.832887133203127406e-04 1.250865321477770409e-02
-1.260195799301900427e-02 -2.872395296992778270e-03
-8.781411116514521373e-03 -5.803609245551410306e-04
1.082808058369459864e-04 2.048969318239851883e-03
7.537187597757246359e-03 5.019044044060518538e-03
-2.518271323202534058e-03 -1.199295435970782874e-03
-6.862723626545836307e-03 -3.800397929907724237e-03
9.971829481809264123e-03 4.451136572351896414e-03
-3.616310948173806147e-03 1.665021058761843734e-03
-6.446300737127855576e-03 1.770651520345219426e-03
-1.028540002339938322e-02 4.945760442911310492e-03
2.154599779823227357e-03 2.721708983117103117e-03
-4.249423218768983400e-03 3.352969177875959102e-03
5.472443983507003715e-03 -1.543488531662271044e-03
4.687974900125851593e-03 -8.076069052192852427e-03
6.750068170122523400e-03 -7.325160057558644314e-04
-7.047608876694502061e-03 -5.913646009116080987e-03
-7.730694379573496743e-04 -2.345711756397084180e-03
-6.822872344635919420e-04 -1.023252090785490252e-02
-1.445809102835742682e-03 -2.993927824094414847e-04
9.111681992034442387e-03 -6.191708268001601574e-03
-7.537187597753382479e-04 -5.019044044059596315e-04
-1.271525229696134204e-03 4.937937179657766844e-03
1.651897107002521037e-03 -3.835522904099907850e-03
2.234652836803263567e-03 9.315917920363759111e-03
1.018149386814766466e-02 -4.510785143726063831e-03
-3.230510612858335500e-03 -1.015154181295659618e-02
-4.178917731376649222e-03 -2.331661766719710354e-03
2.631725048039453181e-03 1.304316001862808154e-02
5.115480921168407552e-05 -7.528438296585652015e-03
-2.273481962670591185e-03 -1.646596418499244111e-03
1.089200885147066818e-02 1.176496145121814704e-03
-5.088016297400913684e-04 -1.230614159278118486e-02
-4.896585479042895803e-03 1.635069003569634017e-03
6.839924335696869438e-03 -4.573339598360409881e-03
-1.079247734680531708e-02 -4.095416061730798585e-03
6.556305849298959404e-03 3.543282886033708237e-03
-3.808348962664572217e-03 9.205785038689349650e-03
8.945093612645074743e-03 8.941772769481203323e-03
-1.178092681950167067e-03 -3.729892442515390059e-03
-3.741451508836981035e-04 -6.710440775840448985e-03
-2.407467942617824881e-03 1.142558961740185522e-02
1.339092949649119124e-02 5.319842291014731384e-04
1.219428440477261788e-02 2.269235081588668636e-03
1.350888564141914348e-02 3.502857223336887892e-03
3.282463690483624491e-03 9.934054163364652856e-03
1.082265328961101204e-03 -9.535129876289859946e-03
3.994032481227984335e-03 2.184136875113542545e-04
2.447893605319431437e-04 -4.473009825284612363e-04
1.089558523364228884e-02 -3.650509884446796315e-03
5.096574526290288676e-03 -1.151889439564315713e-02
1.054676194835532307e-02 8.588702603113673728e-03
7.053420643216704641e-04 -4.107613975570709695e-03
-4.747751241003322041e-03 -7.203180919173137776e-04
-9.465550426819924548e-04 -2.720910714694410094e-04
1.047810853680360924e-03 6.181362430008945042e-04
1.597293685125022750e-03 -2.837014783792625970e-03
-8.923092590210852937e-03 -7.878985888205417010e-03
-1.437059801664148338e-03 4.668496452439393520e-03
-1.740699465154151374e-03 -7.726575267995583474e-03
1.037209476669943625e-03 3.742218125858605068e-03
-1.481860114946195132e-03 -4.768027957105886935e-03
3.948976628936826105e-03 1.349576168965982079e-02
-1.123617029578475451e-03 6.628535643024310517e-03
3.649839385536496165e-03 -7.772301619198183735e-03
-5.169602588431748344e-03 6.627609605104899798e-03
-4.044133483015810611e-03 -8.092897155627099687e-03
6.162841671629470421e-05 7.044160264036195516e-04
4.611370455814132151e-03 -8.140347813161355126e-03
1.036810342463048706e-02 8.674280236213678316e-04
7.825180734741523855e-03 -6.136338229098619278e-04
1.611599213802857814e-04 -2.214503890206505343e-03
-6.127685046042209011e-03 1.352558597534758364e-02
-5.581650827263362480e-03 3.540504772275692054e-03
-1.196645091718573578e-03 1.737250852487195064e-03
6.122128818527318959e-03 1.075032737777569837e-02
-1.351578286675028532e-03 -1.656271757590249824e-03
-2.775386367076550492e-03 -8.928776587239058626e-04
5.136074151069059193e-03 -5.203290446685595802e-04
4.933562529071398514e-03 -1.212419387727603015e-03
3.330042117522326577e-03 7.232621896346470847e-03
-4.167518085952845799e-03 1.855206997413785981e-03
-9.674288775237287197e-03 2.195025442520048570e-03
6.428674365280002100e-03 -3.494937841972680856e-04
-4.736766555490502881e-04 -3.791520859231465972e-03
6.709642507425703055e-03 -7.685095797876046776e-03
-1.209475290010862680e-02 -5.188154998198794832e-03
-4.596266658716763537e-04 -3.856725658121665321e-04
-2.490969612262533637e-03 -1.698549496124532885e-03
2.159900468329007273e-03 1.159668041687567010e-03
-8.980474125845225308e-03 5.257478908662824996e-03
-1.036533148536088536e-02 -6.890652320956546645e-03
-6.860050939294304144e-03 5.397394201198186386e-03
-2.253322589392909355e-03 6.833631661430631353e-03
-6.646114811779141145e-03 -6.548894176285087639e-03
3.922893820988782379e-03 -6.693656482322663664e-03
-5.541190417284106232e-03 -7.460565379149824983e-03
-2.128841664958341234e-03 -1.205822124123518378e-02
1.832666826803469162e-03 -1.155725936159594097e-02
-3.063537262804026662e-03 5.238527113167673784e-03
-8.048555041690405240e-03 8.492550294605724984e-03
7.098397985330005301e-03 3.738271394125199099e-03
-1.083154573962186867e-02 3.980910052696437322e-03
2.906761308186341791e-03 -5.466379651151566203e-03
7.856483273993467714e-03 1.113423077434664947e-02
2.633507899679439230e-03 -4.120218377523099731e-03
8.429072400757263439e-03 8.384816553272701756e-03
1.448531088409030177e-03 -3.886588690006818024e-03
1.397354570586558514e-02 5.358349781506475951e-03
-5.322745990581421831e-03 4.459300050303923840e-05
-1.408253055847461660e-02 2.014429922824891462e-03
3.398547259426883214e-03 -1.072054086112550833e-02
6.119411184501878133e-03 8.296321372291215815e-03
6.347106365641072903e-03 -1.194990672755410002e-02
1.190594202622500056e-03 -5.955633465673584002e-03
-1.087160797582834189e-02 -7.325550837814709219e-03
-9.058116043036920986e-03 -1.013108095408971759e-02
6.244335788395853973e-04 -1.112066290052254533e-02
9.667031463751862841e-03 -1.832303997441234178e-03
-1.177723369053312180e-02 -3.959578078493406275e-03
-9.423324814362180404e-03 -1.119350567055319920e-02
-1.073793174774286159e-02 7.837068256091695578e-03
9.372185615362630534e-03 -5.465724841752482750e-03
3.483550087432745260e-03 -1.292177211184244480e-02
4.774429427243157692e-03 -4.817657558725880161e-03
-5.624290916244807995e-03 -6.527932936206654914e-03
1.304618134188209946e-02 4.718469456992352255e-03
5.401767410885646714e-03 -5.662574287768140858e-05
3.089452600475085797e-03 8.573895868812866916e-03
1.821720473999178646e-03 -3.050530087067487416e-03
-1.460135267929796136e-02 -3.215104863766467518e-03
-3.084337112864984215e-03 2.288744125661775798e-03
-1.061176819891427280e-02 -7.719618086831692150e-03
6.238326769409861111e-03 3.089191619008257658e-03
-3.094750376476222004e-03 1.078027868171572458e-02
2.197842042586598509e-03 -3.322090134099089237e-03
1.066680557217140370e-02 2.628912023336498274e-03
2.248062676987384011e-03 1.042672154231831343e-02
-1.043354930399386163e-02 -5.116020108083604336e-03
3.229459118082384644e-03 -1.195011248406372892e-02
-2.022635436301181439e-03 9.326124249536660304e-03
-4.561505114899607610e-03 3.530343942921297055e-03
