1.055298867477392957e-03 2.980676102827658960e-04
9.818157574225440734e-03 6.345571829840954137e-03
3.294726071043840507e-04 -1.408301983955091360e-02
-5.639958400818507328e-04 2.072295512799606637e-03
-3.651403107004917194e-05 -2.445642395268557943e-03
-2.858552787267250837e-03 -4.683073345828695812e-03
5.066031682635749496e-03 3.141309120499903140e-03
-1.888735434777046073e-03 1.939762474484174647e-03
-1.973753930806569808e-03 6.241537905085929941e-03
-7.549050262141436887e-03 -7.182920028767949584e-03
4.123851290540124503e-03 5.353162666454198970e-03
3.552574916615019746e-04 2.843640644423939701e-03
-8.019869093486431053e-03 8.935418273552247354e-03
-2.850601754510403291e-03 -7.026134757972210022e-03
-7.146214343440442443e-03 -7.040711651360369999e-03
1.754286435871928694e-03 1.315541634084277031e-02
1.060321744607085545e-02 -5.017766349019753963e-04
-5.952219595975439051e-03 -7.996942033133367517e-03
-1.870646043969596741e-03 -1.504388041091664525e-03
-4.603291653552048224e-03 -5.559649804828460662e-03
1.706963547840977154e-03 -6.857023803833935463e-03
6.123725355360893491e-04 2.537222867176382353e-03
7.495372878181989079e-03 4.135442590220816256e-03
-3.900472163979635956e-04 -2.024317951552741419e-03
-7.405979731567239113e-03 -5.953273403397474524e-03
4.958213895757829399e-03 -9.306529771671563471e-04
-1.186378964162735847e-03 -1.072077445679143343e-02
-6.479701404985879071e-03 -3.479004125064062355e-03
5.452965535821118100e-03 7.969640322194049276e-03
-2.622640497412708112e-03 1.258672642640990078e-03
-4.724025912236874333e-03 3.607433877497086445e-03
-3.029052798283962331e-03 5.943470294803163828e-03
-2.860740112560434568e-03 -5.925045654540564422e-03
6.977694177766427877e-03 -1.781652031561758737e-03
-2.640139099755895932e-03 -8.677105827056681014e-03
-6.251612378383300311e-04 -6.551132930293980831e-04
-5.491459412233865717e-03 9.033624606091382458e-03
1.330902436367369102e-02 2.029746409562505245e-03
4.325564644121677495e-03 -1.265697637480248149e-03
-3.738099014279766541e-04 2.623502650579106858e-03
-1.120856498676893812e-02 -3.325220855653282861e-04
1.687948119114115585e-03 6.331122705951773609e-04
4.578177267906592858e-03 7.300876173695220947e-03
1.684371736942494487e-03 5.460118300163788706e-03
5.379139205266844116e-03 -4.232595115336096163e-03
-9.020899788539542882e-04 -1.695100883457576792e-04
8.270757410936397866e-03 -3.633809550517675280e-03
-5.212550825871812166e-04 -1.090088592213963757e-03
-3.005662718971304458e-03 9.372788377984694278e-04
8.817925147584570328e-03 3.026003319823699408e-03
-8.714817260748958586e-03 -1.077192926600243489e-02
-1.119577628445896957e-03 -2.214631659710466160e-04
1.356083871904307028e-02 3.285369573743803992e-03
-1.401344039008275456e-03 -1.968117992850777634e-04
-2.229016898843694684e-03 -1.544015435374199944e-03
7.174905111258308640e-03 4.724792529268205879e-04
4.245383817638337387e-03 3.497029631119859521e-03
-7.329790247162502360e-04 -4.727075390696456811e-03
-7.906958098057735498e-04 -9.245540202484519611e-04
-2.007489848119744461e-03 -8.342061166743588996e-03
9.775416816731559433e-03 9.507955934856347074e-03
5.738771347513571888e-03 1.094990146512940781e-03
-1.413139653500390322e-02 -4.938990987080482328e-03
-1.201596113050236274e-02 -3.881903928517279473e-03
1.009416027732165308e-02 9.905954184010586083e-03
-3.388221921572236346e-03 -1.407107746472400275e-03
2.084557311390489685e-03 6.383347148284885392e-03
-6.337556912331883917e-03 1.796628059157864572e-03
-1.680795354770873822e-03 -1.028712432973240103e-02
-1.302069597723426453e-02 1.671519149887350578e-03
-8.986413661875689192e-04 6.360420087931932878e-03
4.607794073642510618e-03 -3.313341783592743672e-03
6.357242839968257203e-03 9.381122719251674263e-03
1.857059073253180311e-03 -3.924453031754380865e-03
2.807062728600987628e-03 2.877568215993431093e-03
-2.026042257886219358e-03 -2.874917871740541569e-03
-1.433483419492527456e-03 -1.585095771292181505e-04
8.212705376392513343e-03 -9.165231606488084826e-03
-2.350549425941906266e-03 3.121175999601397220e-04
2.591762404301657750e-03 4.067587447080691157e-03
-9.576194386508643779e-04 4.874983590814796659e-03
6.541792840661770497e-03 2.160427372039793858e-03
-5.686355250929257983e-03 -3.335470575532090837e-03
1.011132363021105020e-02 1.050778922728916320e-02
-8.982661451137838315e-03 4.015506599950276374e-03
8.387452268489786061e-03 -5.950894423849224790e-03
5.147138547037140299e-03 -5.667403706954619522e-03
-3.039063386830118986e-03 -4.312376807612634463e-03
-5.407574434074240155e-03 -1.191304489792295931e-02
-7.382797132200985372e-04 -3.165034449266460135e-03
1.120040647406854136e-03 -1.801529613455699281e-03
5.117984760261609645e-03 2.923821470907280243e-03
-3.206322265130931264e-03 -7.846782622968942120e-03
-2.970409975275817814e-03 -1.905036634499936241e-03
-6.555379811379547818e-03 -7.589268444886981130e-03
8.665977546335693754e-03 8.185403665453654803e-03
2.383614844345570069e-03 -4.396405380969271685e-03
-4.430732086746028489e-03 -3.587284930901008233e-03
2.646828845139542058e-03 1.046086547347344423e-03
-3.115667831141838429e-03 -4.376655568581138897e-03
1.440222631910014275e-02 -1.295521923167330773e-03
-1.131903311789112182e-03 -3.623463712512700044e-04
6.736816448860466662e-03 3.172586347816505441e-03
7.018119840461888199e-03 5.170927760557281726e-03
7.079748257178754278e-03 5.875343786960221699e-03
1.234703027443703055e-02 4.420785382952884673e-03
7.100024973279387558e-03 3.673165580096250486e-03
-8.201976229878222072e-03 -5.315786482217070390e-03
-2.268772062629643722e-03 1.017129162534540984e-02
-7.724387942702970467e-03 2.982671773866700429e-03
3.846587300069350714e-03 -3.495177555282396806e-03
1.514925533349069202e-03 6.837401760949324281e-04
3.828034890302304660e-03 1.971965739721330199e-03
6.813883912132572343e-03 1.213872329358943285e-03
4.292036206758988344e-03 4.841582922956092286e-03
6.567705494722762827e-03 7.730151650167204139e-03
6.894990776535324904e-03 -7.594840498094436627e-03
-4.844169382456649416e-03 -6.054114254490546021e-04
-1.120040647406854136e-03 1.801529613455699281e-03
-1.334877952746587292e-03 9.685560651150715121e-04
-2.406414135193967081e-03 -3.977332147299542445e-03
-9.406907603808002671e-03 -1.056941764400477594e-02
9.987268528364505460e-03 1.788006527491396019e-03
-1.964876860129739951e-03 -1.475090659115367402e-04
-1.928362829060832661e-04 2.298133329358381769e-04
8.549745707748485990e-04 8.479495759360522900e-04
-1.865345355464387983e-03 -3.066428982520520187e-03
9.123561064092212958e-04 -1.228851522093218906e-02
5.207377906875569444e-03 1.105990657728800081e-03
1.654084432295704985e-03 -2.593550595388039240e-03
-1.179018719870149595e-03 3.160931163385631701e-04
-1.079155130888726638e-02 -8.141401620585212925e-03
-2.658228490563345481e-03 -5.232955311480840324e-03
-1.267948847524512888e-03 1.109311500891552822e-04
5.547659370940286223e-03 4.589768567586713886e-03
5.987855648183120286e-04 -2.891618205670805353e-03
-3.931605796099882973e-04 7.796952985879827434e-04
-1.872833369262780906e-03 -2.746360349803533135e-03
6.908290556852710734e-04 -5.490469489562801314e-03
-5.340773098358761288e-03 -1.413733607103713789e-03
6.176732240399374334e-04 9.751819257463849181e-04
1.007043494855520624e-02 5.578202214596186294e-03
1.920380144913367941e-04 -7.540763979928187880e-03
-6.290728694651015300e-04 -5.162050689881023460e-03
9.834857908154451614e-03 8.970399652545594377e-03
-6.531654482611168495e-03 -3.261516475472119904e-03
-6.349419576716074445e-03 -3.672479255495669087e-04
-1.052648523225754385e-03 -1.079088080997424228e-03
9.902250032334979774e-03 6.089781958093152398e-03
-2.917993878690142585e-03 -4.145517063517944849e-03
-2.638877812382694945e-03 -3.389147959490858199e-03
4.229481752124071570e-03 8.183152455407568387e-03
2.335573398346481745e-03 3.280196654749758297e-04
-7.273430867553202454e-04 3.044827094294243371e-03
2.700506229097628975e-03 4.093563985893335436e-03
-4.098401655438158389e-03 2.239554391100418915e-03
5.136409400524209051e-03 8.813614381751678009e-03
9.481452492331773896e-03 -1.965212109584890243e-03
2.259017013097469606e-04 -4.314101113944970520e-03
-1.691109541377038353e-04 4.557565302350699565e-03
-1.062660958067124933e-02 5.435983872397360216e-03
1.026187574605205363e-02 9.877292964782558721e-03
4.990234651474910119e-03 -4.167630900796428194e-03
-8.089421203560018953e-03 4.413623404439056229e-03
1.263639449462647911e-02 1.223479680656734941e-03
-1.112740820741370349e-03 3.674583900371136084e-03
-2.275658763229789546e-03 -1.152267218643141791e-03
1.114010184249275733e-02 -3.239739068760604142e-03
-9.807494999711825409e-03 4.978151678214199315e-03
-2.650473750148966794e-03 1.240112190777007718e-02
-7.593097322162718418e-03 7.095561340199295179e-03
8.344342953719561043e-03 6.853185642526326551e-04
9.712066947149367718e-03 3.476682433811956012e-04
-1.082044895868921643e-02 9.515661107238754246e-03
6.786677890826760956e-03 -9.219484816248641607e-03
4.798840551344415832e-03 -2.919067375884776879e-03
1.524721321534108732e-03 -1.313327935844993931e-02
-1.276613425526589886e-03 1.282083656199677936e-02
-7.910411319172963238e-03 1.229708387521758102e-02
5.798877796334421172e-03 1.006186062321876538e-02
-3.126111403305648420e-03 -6.373905829723542499e-03
9.598961019802633096e-03 -1.143189898115718958e-02
2.956934868259332525e-03 -1.029040218381750520e-02
-2.993070244019420140e-03 1.368383796138542170e-02
9.779737126512524567e-03 -3.842630293706751285e-03
-9.757560177452377637e-03 6.234137770604907848e-03
-1.021761155477987452e-02 6.197155543715161634e-03
1.026865527944415511e-02 4.116492550657987332e-03
-8.989783209155432012e-03 6.633858104389728054e-03
-6.904634570131252744e-03 5.482419231124142055e-03
-6.773296751833078264e-03 -4.208527340365505846e-03
-8.212786109020766070e-03 3.846217910081364735e-03
-5.621991557926112222e-03 2.339641608915810512e-03
-1.115473086793583937e-02 -8.255948905487982270e-03
8.391363110158112440e-03 2.244458993529870310e-03
-1.082617720157875475e-02 -6.905179772918472285e-03
5.811518878503879777e-03 -6.416938586302062958e-03
-7.143034723443048885e-03 1.035806752217699814e-02
7.505257170074322234e-03 1.269376064446727534e-04
-3.563854365510897571e-03 1.723962751609213993e-03
1.209703835647881268e-02 -8.418077607717459193e-03
-2.467473346670792742e-03 -1.302712481705756847e-02
7.802821111642854399e-03 -9.580157949075346693e-03
-2.116660690031422056e-04 -1.279843289929675186e-02
1.448083401121355064e-02 -1.331741226327400832e-03
-6.838810080983385650e-03 -1.118928400761241664e-02
4.509832909712476433e-03 7.941920503452201685e-03
-8.539354481844101813e-03 1.763792224653725122e-04
-3.695459209162383924e-03 7.198748124474403480e-03
-6.519328258286398795e-03 9.159780130639824658e-03
4.188605934906704763e-03 4.132988851062571745e-03
