-3.906028391492461036e-03 4.032733837590646297e-03
1.895760429616413214e-03 -2.368383277739542032e-04
-5.909271358530854973e-03 9.531553494119601039e-03
-6.396199735340029301e-03 9.645134988460963774e-03
1.320166959575615889e-02 -4.065208467530619964e-03
-3.417375708347767434e-03 7.184117431389499056e-03
-7.959837213599059436e-03 -4.982066994029512620e-03
-2.713885719864701784e-03 1.116847457352783748e-02
-1.259997814767665775e-03 -2.232130262054358386e-03
-3.263240781806278287e-03 3.266689394472092715e-03
4.103239324985968753e-04 -1.778602553112296040e-04
2.042870361320467051e-03 -5.857190511401119334e-03
1.915111107797063967e-03 1.606969024216028464e-03
-6.180308622576438128e-03 -4.924813227899805038e-03
-1.131995915581711885e-02 4.225218463373659958e-04
-5.804311395856419191e-03 -6.306343569765683263e-03
-9.836246965032317824e-03 -2.901421314265795193e-03
-4.202770829648333310e-03 4.697522469712191867e-03
-1.868458718676412793e-03 -2.624157323797960241e-04
3.683112283890073880e-03 8.834290232059222384e-03
5.328631813542235654e-03 -6.434918000390792842e-03
3.063502493166471701e-03 1.416332627774480844e-02
1.108305055605713317e-02 -9.811639938040010722e-04
-5.747969582183712171e-03 -1.677644621969645328e-03
5.063036762497837365e-03 5.863431064126867556e-03
-5.756081241122832336e-03 7.745601744369643576e-03
9.121759792960782223e-03 9.555797087343605861e-03
6.903914193371156471e-03 2.200512423711238359e-03
-6.641050577337097305e-03 -2.511430369113790140e-03
3.711310549098719401e-03 -4.436620188881545447e-03
1.158466798434614788e-03 -5.134620138553540498e-04
-1.727519634481640681e-03 -2.519307763375788073e-03
5.814329868757145241e-03 6.660754062189483231e-03
-9.619858517129493969e-03 -8.821151251231005783e-03
-3.593493456657277652e-03 -8.344033179189236631e-04
-8.382486200110889421e-03 -1.130016102281625190e-02
-1.051309002179652129e-03 -1.442788599741951124e-02
7.804399822362101218e-03 5.957529078414428199e-03
1.048272935880590132e-02 5.267269360946269172e-03
-6.827905755764942380e-03 -7.224747673681129224e-03
-1.389089540715080298e-02 -3.723633382470393095e-03
-1.355302941950069879e-03 -1.049701905439828255e-02
-1.437092879882898716e-02 -2.770523376930824223e-03
-5.277250367267514834e-03 8.844539449878334458e-03
-7.517009572180040171e-03 1.155763315442298253e-02
9.449065276569818678e-03 4.064205945083553505e-03
-5.066220561529480651e-03 6.918988819084846871e-03
2.434761226915832608e-03 6.476342581261093460e-03
2.570429759524049933e-03 1.402710010083300408e-02
-1.857581006277307092e-03 -1.276625812686118958e-04
2.592750344975068046e-03 -1.081092428342419511e-02
4.493516301386317295e-03 1.093350661550387959e-02
-1.100525224302931898e-02 7.998146137136414452e-03
1.239243179241008869e-03 -1.226414026556740637e-02
1.889478246743133511e-03 -1.884537498571768437e-03
3.803087013355986373e-04 1.262762847028504713e-02
4.221385848262353477e-05 1.563588360407616598e-03
7.283336511373444955e-03 -4.402431524359779608e-03
-1.019332703549519215e-02 1.058009068869769469e-02
4.299107231920507900e-03 3.986123008022474448e-03
4.406089943492941079e-03 9.795307399100651458e-03
-7.109656095121832074e-03 -1.164383684884571710e-02
6.274006138765378902e-03 2.242115346053122592e-06
6.453071751954575323e-03 1.349594263902529311e-02
1.172594047977262898e-03 -5.258512235648642001e-03
8.140540094969441962e-03 1.214043275867566704e-02
3.878696704854009848e-03 -1.020977016156716412e-02
3.091588230238056633e-03 1.092972537406758544e-02
8.847613289137422387e-04 -1.114070438978261544e-02
6.421519185916968984e-03 5.974850025029039037e-03
-4.990236473119788897e-04 1.294719566072282009e-02
