-2.022465875715959149e-03 -7.701923901310294904e-03
-1.062866708117282157e-02 -7.090940422652643356e-03
-1.480008039107942250e-03 -1.285999907481175271e-02
2.231204224136307691e-03 2.785987744086748999e-03
-5.679074717068235674e-05 -2.434641884045871639e-04
2.561890059551757883e-04 3.739567781605715110e-03
-5.310821043167692802e-03 -2.694008137971441903e-03
2.490969612263104361e-03 1.698549496123852656e-03
7.229508533135807144e-03 -5.260288673804612916e-04
-3.500542128539828671e-03 3.393921744283567334e-03
2.302044960983792594e-03 6.435300225911315397e-03
1.387294049331472788e-03 -3.209036494134901579e-03
3.398695529077418349e-03 9.639962069460990962e-03
5.482454572053730227e-03 8.712358570752847670e-03
9.136205589216427059e-03 5.446994348406969215e-03
5.855338435556853250e-04 1.013484147902244531e-03
-3.455151026792949859e-03 -5.494828314453420546e-04
-2.753257575137665197e-03 -1.118702698329374079e-02
-5.645801818727201257e-03 -7.739826989258210069e-03
-1.297437883756797500e-02 -6.317870984694830619e-03
8.571076231265250395e-03 -9.125604212206690422e-03
-1.408832052802233884e-04 1.232568334321514449e-05
-5.233753579895016397e-03 -4.652722156429683203e-03
8.808249808494926156e-03 2.104099643829278853e-03
8.086670429201907317e-03 1.563893017266998389e-03
-8.015829692354993138e-03 2.085419464558249322e-03
-7.179615011299255237e-03 -1.229036729677147541e-02
-1.294409153292254422e-02 1.735797910855855011e-03
5.493854217476963793e-03 1.289922733488702358e-02
-2.964183248851197036e-03 -7.513063134782064362e-03
9.971031213395088050e-03 -2.859814074641132704e-03
4.898309785375122571e-03 1.629896084568980543e-03
4.867894711224458014e-03 4.933163394864596707e-03
2.180512433884220121e-03 8.291433261244512964e-03
-2.993337035628089449e-03 1.078162043078693087e-03
-8.165925217767197597e-03 -8.471513075213052760e-04
-2.345583986891847800e-03 -1.058386676788895114e-02
-8.211108839564381073e-04 2.378713290047163986e-03
1.326926919987808564e-03 1.374505347027980828e-03
3.052778127051770929e-03 -1.615718325387622591e-03
4.465649580987725298e-03 -8.588973967816491625e-03
-1.126581875289864483e-02 1.447006505457292154e-03
7.222979372592227068e-05 -2.419665856455913231e-03
-6.766512965045934575e-04 -2.460618422864662910e-03
-7.523600627040039762e-03 4.097970287873483122e-04
-6.611835309094508603e-03 1.501210793127987983e-03
-1.670784766226078057e-03 -3.127722731774374917e-05
1.247605081533363636e-02 2.244583714901557739e-03
-7.465659954326662323e-04 -1.015591646354250394e-02
-2.973986357447438913e-03 2.921969395068675646e-03
9.761494596558631387e-03 -5.254828564411077353e-03
5.622076489960753549e-03 3.412075019843810279e-03
-5.683704906675687146e-03 -4.116491046246287949e-03
-6.784394875899959348e-03 -4.711540808001444570e-04
-5.757307349608048810e-04 -1.144851667775412599e-02
-4.735425557660677756e-03 -5.794348866364098898e-04
6.919977392676904780e-03 2.020869338886246546e-03
-9.058339857530146172e-03 -9.475771987150095194e-05
7.149327706653037760e-03 4.236698401218966584e-03
1.220972345132785748e-02 -3.938949632718317592e-04
2.151614186115867987e-03 -5.831213972587795044e-03
-4.709385134095810804e-03 -6.366646814356443501e-03
-9.130569651256068009e-03 2.324908136584412713e-03
-9.369132285364180704e-03 -2.835817381171076498e-03
-6.260026430100752888e-03 -2.185078738726905188e-03
1.003438393644418176e-02 1.109567039900421180e-03
2.802225059056164674e-03 2.416616377996221032e-03
4.258970788356113840e-03 8.925870703967046793e-03
-7.277422209629659522e-03 -6.106482292021593421e-03
-1.124415297992651091e-03 -6.824150039687182758e-04
2.465392207657262323e-03 5.462768644416679531e-03
-7.098635916400379033e-03 -9.742143918377410561e-03
-2.869076781650617414e-05 6.568232398434691727e-03
-1.239944637102191605e-02 -2.180304953933053305e-03
-1.004485754394936203e-02 -9.342421362889012301e-03
8.782672403889083684e-03 5.868318792122104860e-03
9.112943279407644676e-03 -9.037504004357809276e-04
2.711650335513902596e-04 3.099430516172422320e-03
5.530959037011274476e-03 1.964940744882072345e-03
6.921366449555342582e-03 -4.048108999394233951e-03
2.639340831341720293e-03 1.366155180063650812e-03
6.123725355360893491e-04 2.537222867176382353e-03
1.134911294259400953e-02 -9.013747024198123445e-03
1.952551176786524942e-03 6.625860631313405975e-06
-8.281358787947385239e-03 6.757891433376066181e-03
1.060008767518339987e-03 1.211595565412742007e-02
-8.853896449249423241e-04 2.455317734358883428e-03
-7.296309868852646034e-03 -9.973282423439925465e-03
8.283881362695149839e-03 3.818024301756719162e-03
1.323813556777144644e-03 4.178518597169846548e-03
-7.471982798869331206e-03 -9.141634047225510873e-03
-5.860303874611783904e-03 7.611428888213986679e-04
-4.273611566495817346e-03 1.048209987887624818e-03
7.681184166250636276e-03 2.202705110575219234e-03
5.560448073244325705e-04 2.707658993445876392e-04
1.277405454086542880e-02 6.867752950348117447e-03
-3.153107900131869694e-03 -2.776312404995743503e-03
9.823586032234522813e-03 -6.573405317435344550e-03
-8.704806672202802797e-03 -5.160821635866365970e-04
6.097940470800485013e-03 8.445568187787364303e-03
-7.785090321500424092e-03 -1.767729811389511570e-03
4.074883806621625894e-03 1.412357327175171873e-02
1.982040213019138370e-03 7.493441091901121252e-04
2.646238056675282065e-03 1.442601553262085404e-02
-6.786917450648292938e-03 -1.104706981593225022e-02
-1.096205131990340628e-02 2.485142020045966703e-03
2.745434311885482440e-03 2.173152189591633868e-03
4.749012528378455944e-03 6.008275959483597162e-03
1.183730260677888849e-02 -3.839370650973885843e-03
-3.953942067986313848e-03 -2.599777321811407981e-03
-2.826876425742023968e-03 -2.698382788557348363e-03
-1.842881314071141913e-03 -4.026634880671941912e-03
-1.186897896830275446e-02 1.854680093703679408e-03
-2.993337035628089449e-03 1.078162043078693087e-03
-3.156684282301559178e-03 2.050693624573329821e-03
-3.683575302849670385e-03 -6.811297452631335202e-03
-7.860305708934495900e-03 -7.900986910640318828e-03
9.168344969701250000e-03 5.408692126250429048e-03
-1.508363557470659240e-03 3.042176750042033858e-03
8.857248943806637735e-04 6.878625692060672848e-03
9.918950366263992388e-03 8.714609780797792637e-03
-6.921238680050106201e-03 -7.308827206452067626e-03
-1.108564340279092827e-02 -8.257633459179005916e-03
2.107947390703147125e-03 1.377155691280190341e-03
5.187564209733961512e-03 1.285176085165563474e-03
-5.648915181939797442e-03 -4.935813739116805786e-03
-2.192039848812688332e-03 -1.121365819532387951e-03
-7.331067942201252921e-04 6.629860815150986214e-03
-1.074271159447264153e-02 -5.554876020035290525e-03
2.635492502496934383e-04 1.477643535473617195e-02
-9.905826414506602173e-03 -1.262775928524540077e-03
-4.138827318135549459e-03 -4.713025401019083419e-03
-3.760642766121776066e-03 -4.852583434173773046e-03
4.992540601543211682e-04 2.730171093932013847e-05
1.450394514905810686e-02 -2.972469531063766032e-03
-2.230405955720771161e-03 4.524962902907422001e-03
6.091378494922074401e-03 4.719651261650396716e-03
-3.931605796099882973e-04 7.796952985879827434e-04
4.057848223237462554e-03 2.164802022626842199e-03
-1.360092913228473990e-02 -9.040059394437496149e-04
-1.150046975537998700e-02 7.932183845534273442e-04
-1.085250922669031949e-03 9.822069205856426635e-04
-6.078126773659446938e-03 -8.624753615223447467e-03
3.467476710135594144e-03 6.903660367262459425e-04
-7.264170488368393817e-03 -1.001158464559578389e-02
3.345145914621845164e-03 -4.764451574933586259e-03
-3.484177044064606325e-03 -3.315193859430886833e-03
-1.175678653084039765e-02 8.410586808794015545e-03
-2.958547310892198877e-03 2.588393502081748170e-04
4.912359775051925240e-03 5.035744377988959561e-03
1.069075851684814053e-02 5.772363669629055304e-03
3.327519542774782287e-03 -3.343293838783811724e-03
-2.725540904298274104e-04 2.969547822108058177e-03
-1.150921905655158048e-02 -4.174670850295407118e-03
4.463206716686001288e-03 1.288292613516470522e-02
6.527407601530607270e-03 -1.057936434779859977e-02
-4.130078016963385258e-03 2.548638338290712489e-04
2.567701826078698426e-03 -9.594107948755087670e-03
-2.338558992053842416e-03 -8.880942621179874208e-03
-1.175442337698528279e-03 -4.510912913230048608e-03
-9.883697622566794440e-04 -1.155692525309823899e-03
3.096444922465062081e-03 -8.824087989256287554e-03
2.533582600252538147e-03 9.893101596956584490e-03
3.085843545454645433e-03 -5.700006106398577098e-03
-3.121814847124718996e-04 3.327918676980904517e-03
7.036544480725059197e-03 1.106072067140100035e-02
-2.542587440433242627e-03 7.852881579888327385e-03
-2.449953161102022287e-03 -8.125898689277179926e-03
-2.513896672615375995e-03 1.284649181454776672e-03
3.076838705273940086e-03 1.204597707044633391e-02
-5.723332300958332286e-03 -3.758120191373441610e-03
-9.224337448457187172e-03 1.658794332337333328e-03
-2.757424745773546723e-03 7.019908031548378544e-03
5.560448073244325705e-04 2.707658993445876392e-04
6.524629487777596198e-04 1.558592328763283553e-04
-1.976739524509057587e-04 -2.311385050613719923e-04
-9.942340445576651128e-03 -3.708418323793098020e-03
1.903248443412874306e-03 -5.569069604914024746e-04
9.015136081077811114e-03 5.280134604313421048e-03
3.785757151766661142e-03 3.111357065307693206e-03
5.159336460876481553e-03 5.830415704173048247e-03
-1.603392642044978089e-03 -2.911894921770867475e-03
-1.188614232119215332e-02 1.252845050425104023e-03
-1.574366624772750682e-03 -1.461838937860030331e-04
9.795693532832194447e-03 7.305777727992375861e-03
7.291136949851312332e-03 1.783871590213363667e-04
6.647886321209748456e-04 2.967424381565517437e-04
1.856596054292793856e-03 -1.901460252328314926e-03
3.178174226720412165e-04 4.443983808008655084e-03
-2.068319996421863309e-03 -1.735526546154178562e-03
-5.940356931591249390e-03 -5.833066048425938205e-03
6.828780229278532364e-04 -3.147408077418607526e-03
-6.500776389502050182e-03 -8.587776565194263009e-03
4.857293334215400521e-03 8.057245277723449478e-03
-3.502394204377291386e-03 1.148589286199125543e-02
7.843733144509359642e-03 -6.080777117911766172e-03
3.979056453633130104e-03 8.585509529457893609e-04
4.062558123278980741e-03 1.398269006647081744e-02
-3.110367142636629237e-03 -5.938696510009994559e-03
-3.434539061237166287e-03 6.582282388110923671e-03
5.040917296989504831e-03 4.882535489364840664e-03
2.503295295606319370e-03 1.839432701404076099e-03
2.523108992747356578e-03 1.660247273967992935e-03
-5.556664211120991570e-03 1.315621460925819886e-02
1.394319044168908098e-03 -1.506112347425142680e-03
-3.506178066498827264e-03 -4.377980740706672279e-03
-4.519199195441936726e-03 -5.815439676576943280e-03
1.194373133677644090e-02 6.301569784973193138e-03
6.370031542271857583e-03 7.499013145105832417e-03
-1.131764406102062949e-02 -9.692442050797528408e-03
-6.491101050411043384e-03 -7.665872889198700572e-03
-8.946482669521579195e-03 -2.872794431200260956e-03
4.095751311186520034e-03 -1.458533920385760583e-03
7.170195211217362044e-03 -1.134540879091783423e-02
2.805801441227785773e-03 -2.410389651572390421e-03
-9.633272324076774112e-03 -4.232323750632598254e-03
-1.318640637777171616e-03 5.616376667247600235e-03
-2.670091154947535142e-03 -7.396831296188271371e-03
2.696131578511831803e-03 1.609619368468918205e-03
-5.319698113842591045e-03 3.695038833026486648e-03
-1.285575219375791577e-04 1.532088886241189240e-04
-3.351244871541801153e-03 -9.844581306299076198e-04
-4.038832794510602286e-03 -9.654938097055955348e-03
-5.504455594487952033e-03 -9.775145452028632248e-03
-4.547889963259802923e-03 7.527927218566072155e-04
-3.750041389110788260e-03 -7.976665317032165248e-03
2.164275118914233721e-03 3.643612659112665120e-03
-3.433948272773124219e-04 -6.797646597165088716e-04
4.072361231873861294e-03 3.547657536618934685e-03
-7.129050990552404481e-03 -6.438876608082936930e-03
-1.153181086745006315e-02 8.142471253702317918e-03
7.706746327074479042e-05 -1.958714018458703170e-03
-6.110729173104085393e-03 -6.563458613641521590e-03
-8.601826554871065678e-03 3.094928096082069646e-03
1.312678945777723608e-02 -8.645221403611891980e-04
-3.702590731576531520e-03 6.788386217977775139e-04
9.078536863181883940e-04 -3.415523632510305153e-03
-7.840028992833073321e-03 -1.010316511750246685e-02
-2.975247644820639900e-03 -2.365988472497146302e-03
2.964183248851197036e-03 7.513063134782064362e-03
2.214040871246908838e-03 2.184152700808173614e-03
-9.199558312266091498e-03 -9.416375462947842653e-03
4.178454712417623874e-03 4.354654546146917091e-03
-1.504787175299038141e-03 -1.784829279526577595e-03
-5.079283403897015201e-03 7.637932330742881921e-04
2.481294273172098865e-03 7.766458201282904362e-04
7.520487263828805335e-03 2.394216221355197852e-03
-1.976739524509057587e-04 -2.311385050613719923e-04
9.906624682920778246e-03 8.573726575517569629e-03
-3.652824979243855970e-03 -7.806213365067137758e-04
-2.299522386235458137e-03 4.140615509220789935e-03
-1.543951550621296609e-03 -3.449451204079796978e-03
-1.066363263447406545e-03 4.849007052002833260e-03
1.190158136774739292e-02 -3.915975095285604418e-03
-6.112709018445424032e-03 1.288544870991361127e-02
1.400734143315735675e-02 -3.780791712717282253e-03
8.708718303829573321e-03 5.023019560438262733e-03
-8.035180370537004998e-03 2.416121125671248822e-04
-4.452733109180248561e-03 -4.650071812176793246e-03
2.870670990662263673e-04 -1.586692308115966125e-03
8.368851799660384852e-04 4.292100091510750448e-03
-5.490198124856362615e-04 1.432158247366313412e-03
-1.477948483319994682e-03 -2.610905602535818718e-04
-5.735322734846396570e-03 5.434940029766572103e-03
9.530755225704063208e-03 -1.401679288463316894e-03
2.416759973193475554e-04 2.356712267612943480e-03
-1.267776416891597778e-02 4.374276589031065969e-03
2.186276141348453793e-03 4.706399540388451000e-03
-1.179052244815300202e-02 -6.173012263036184270e-03
1.310226586059367107e-03 -1.250322475677340507e-03
6.587519191863800035e-03 7.550966222731121842e-03
6.595470224621218305e-03 5.207904810586927620e-03
1.479209770693195886e-03 5.549048427819404036e-03
4.945760442911310492e-03 1.028540002339938322e-02
3.632085244189201911e-04 5.005792322797454792e-04
5.479468978346371290e-03 1.594356150479495082e-04
4.226496158416711765e-03 -3.697705002973304244e-04
3.964080426036915850e-03 1.498688218379082369e-03
-1.571205202502098421e-04 -4.635494918788633269e-03
-1.035022151377330401e-03 -2.500245817146056447e-03
-2.177526840176860316e-03 2.614896944603844380e-04
-9.860898331720109600e-03 -3.183187724827383960e-03
-1.061988612861609806e-03 7.332951669427250491e-03
3.008440832728178325e-03 -1.307523551435943107e-02
1.507437519551247437e-03 1.003808808811238818e-03
-2.424966544960441978e-03 1.489811147703504115e-03
5.379139205266844116e-03 -4.232595115336096163e-03
-2.962794191968458422e-04 -1.358204147305661601e-03
-1.355617687806245919e-03 5.193727051406249462e-03
-2.148628592409078907e-03 1.438413692829337495e-02
-2.430267233465650302e-03 3.051852089132359343e-03
-3.536593140649491387e-03 -1.074713430411056549e-03
-1.087703282387445305e-02 -1.816633410555108796e-03
-1.048168491897264257e-02 -1.354356400432364486e-03
-2.327989266438781554e-04 -8.745759238611552910e-03
-3.590398294114174708e-03 7.234745336888112784e-03
-2.547760359433215872e-03 -1.942013684529120049e-03
1.969379280220773069e-03 -8.725482522510347172e-03
-8.928856297674515885e-03 -4.293952167350035057e-03
-1.633344697236046358e-03 -1.631620390903139144e-03
2.593023691677713767e-04 9.355545314643110445e-04
9.736715460368897471e-03 5.820341230875240510e-03
9.050979613236989629e-03 -1.094210985325781531e-02
2.377643656925759481e-04 -2.150225129238681789e-03
1.167954323900136007e-03 4.830981545947035660e-03
-5.557095578692826041e-04 9.063177527075649137e-03
1.525526910358126044e-03 -2.440341706763920343e-03
3.692915392484954866e-03 -1.600742297792659289e-03
-6.908290556852710734e-04 5.490469489562801314e-03
3.369206492845375645e-03 8.897243820901512557e-03
3.161857201303464038e-03 7.744201639844577531e-03
1.450394514905810686e-02 -2.972469531063766032e-03
1.209879230123927368e-02 -1.661843810797025527e-03
1.042708149709378404e-02 2.352864520738504484e-03
-9.020899788539542882e-04 -1.695100883457576792e-04
7.422680065497041027e-03 8.578101226103937091e-03
-1.059135478168666405e-02 2.665652619609406443e-03
-1.189581766028315751e-02 3.309413744295415863e-04
-5.251044702288289873e-03 6.102379006139184436e-03
4.249758468224134125e-03 5.980974248544277186e-03
-1.120557939306021655e-02 8.220400870140710456e-03
-9.175034715083536102e-03 2.222327153460048558e-03
-3.869051341462026276e-03 4.455383453433138519e-03
-7.361179418284050438e-03 3.483251006146445474e-03
7.761828011685846431e-04 -4.583014937454622014e-04
9.101080615025385762e-03 -3.067626385142749670e-03
5.883566184421137879e-03 5.589601860020669728e-03
1.006467124109097083e-02 9.163235935452249126e-03
-2.180304953934305776e-03 1.239944637102202707e-02
-1.231661520028636686e-02 -7.724052693248500620e-03
-5.512199147293523477e-03 1.325879559238255997e-02
-9.483512048119721247e-03 -1.063369640497328038e-02
-2.321651178173554132e-03 1.443476483379244751e-02
-1.083959275488578268e-02 -3.416976574141645639e-03
-1.368144520822323247e-02 -5.475222097263877583e-03
6.324305191069256454e-03 2.108474294415185746e-03
-1.724462150184164974e-03 -3.078754665863735196e-03
-1.317781649748447567e-02 -2.963975768901282691e-03
-1.551567333924354537e-03 8.227553634482812073e-03
1.347144557242911135e-02 5.103200386922282852e-03
-3.019712708648107560e-03 -2.468569455621510023e-03
-9.951552765708630843e-03 -6.653314779215867628e-03
-4.165202991154996412e-03 -8.259756899719966974e-03
1.251376283099375764e-03 -1.409269517864123952e-02
-6.875512328849438422e-03 -1.918288355761882391e-03
-3.172921597271546011e-03 -2.597126977558518023e-03
-6.362543528473464660e-03 -7.819081777822820337e-03
1.360000309436669094e-02 4.949991498298163956e-03
3.235811301362754851e-04 8.589500871525918187e-04
9.064566583953406059e-03 -5.513268780411768183e-03
-3.303331195047948341e-03 5.648053028772146225e-03
1.529566311490133165e-03 -9.290340515758596651e-03
-8.223178983896906047e-03 9.323772835013147305e-04
1.545803626460119998e-03 -4.642519913626749241e-03
9.146343947267029928e-03 4.345905244974643603e-03
-5.664689477948826879e-03 -1.160662712067540153e-02
2.216818985004354297e-03 -9.953803975753468258e-03
-7.306112977447525719e-03 4.617501064119572916e-04
-9.026200477045893955e-03 -1.330599420273602396e-04
-1.689800194951577867e-03 7.458858847112510848e-03
3.550643130326294489e-03 4.480561723831036000e-03
7.781178689875012724e-03 -2.739207585460971383e-03
2.023391913634009845e-03 3.655938342455880563e-03
8.063280349890612070e-03 6.570084474272834887e-03
-1.044815648160995342e-02 -7.461636960868703837e-03
-9.435694489740619265e-04 8.280831884234776327e-03
-6.439738761249444964e-03 5.496568446482185712e-03
-6.564592131510168377e-03 -1.053416490030860929e-02
-1.981369714103690970e-05 1.791854274360830284e-04
3.930216739218505249e-03 -1.727974647604133690e-03
5.802587089522260808e-03 3.041378481626606615e-03
-2.083296024016717107e-03 -1.095389280719743456e-03
4.361152637273675754e-03 5.225930316642725219e-03
4.785143250933014333e-04 4.252472697229356044e-03
8.157511166050753978e-03 5.213205499092707536e-03
7.365889318325568626e-03 8.334637037697528034e-03
1.331869970276526940e-02 2.951650085557386803e-03
-2.780687055580969083e-03 6.691632827067718007e-04
-3.262314743879140026e-04 -7.792961643793344586e-05
-9.219036759955622200e-04 9.675339091005713196e-06
-1.178522175964779282e-02 -7.735053204465039065e-03
-2.776472989845504488e-05 2.522246839580277386e-03
6.018989280303370555e-04 -5.695631455811528757e-03
4.298262933183609122e-03 -7.664435773260362683e-04
-1.006202089683740086e-02 -9.944256406166446238e-03
-8.545115518144624691e-04 -2.870942355362117795e-03
-1.163244423859188109e-03 6.986906497897619160e-03
-9.034949778217487432e-03 -5.100949176876196436e-03
-1.107251945103252672e-03 -8.057996069014289071e-05
8.753183367656470690e-03 5.125600543563306466e-03
4.765377612851746242e-03 -7.008396442313180076e-04
-1.455715951405716843e-02 -2.098000686909433019e-03
-2.459756269698264164e-03 2.309133840573560515e-03
3.685890397647519339e-03 -3.303666444502418188e-03
-8.157048147090367740e-03 -7.236198278518772391e-03
-9.020899788539542882e-04 -1.695100883457576792e-04
-5.380735742095195395e-03 -1.038930617864996207e-02
6.178009935451731632e-04 -1.038175428009991720e-02
1.317079150264567969e-02 1.261051622190380826e-03
6.517013704471465857e-03 1.323559716732678956e-02
-6.454587019340423705e-03 -5.220230493930823508e-03
1.274986619313802499e-02 4.562993760360465126e-03
-1.958650133706480497e-03 -5.755535566194807176e-03
1.212689228059287902e-02 5.149852776042934677e-03
1.288061104036821759e-02 5.651757180448893116e-03
9.670712393066235521e-03 2.631980587047882871e-03
6.189185693253267985e-03 -1.464233743097661643e-03
-5.965982395251280806e-04 4.133590514382673095e-03
-2.304232286276405601e-03 -7.677272534623864886e-03
-1.702924146710329840e-03 7.024994838115972140e-06
-2.269905580499540811e-03 -6.473602448067175552e-03
-1.146117761055249172e-02 -8.899095896739655717e-03
-4.474271112655444152e-03 -7.735851472879786729e-03
8.726009426219116924e-04 -5.732081602137214854e-04
-1.460322111471570915e-03 -1.682248296402213874e-03
-4.974451210727815799e-03 -3.717167624964692364e-03
2.201715187904264986e-03 2.043269495527269726e-03
-4.274872853874242995e-04 -4.239747879680261450e-04
5.426589862801100422e-03 4.422908823493844864e-03
-2.759947320521881613e-03 -3.556007703583725921e-03
1.578741275358547854e-03 2.630128511210420589e-03
9.563357625148701663e-03 -3.462974290045241470e-03
-8.600102248536906427e-03 6.359893184221145426e-03
-7.892572858922622739e-03 3.494251517362985653e-03
-5.164301899926539152e-03 5.065568663676044137e-03
-2.909116808014673185e-03 -1.053456403451655254e-02
-3.200686327170000622e-03 -7.488013797824107087e-05
-2.297798079901870478e-03 7.405580597360545726e-03
-8.510629391480773170e-04 3.658987820915572328e-03
6.151617854759931954e-03 1.149304562633449676e-02
-9.680930461566168883e-04 -3.357870732173114450e-03
1.904972749747032689e-03 2.708058127647673414e-03
6.624735373225547341e-04 1.041170633529098569e-02
8.716669336586421735e-03 2.679958148294748523e-03
1.818692966344307750e-03 1.721875690683607411e-03
-9.262240536405671326e-03 5.282130275349255014e-03
-8.519458403095111695e-03 -4.258268638054887520e-04
-1.422083774067363143e-03 4.028359187005420283e-03
4.242733473386699032e-03 4.278050101834517636e-03
1.532088886238467621e-03 1.285575219373507813e-03
8.441592671408260085e-03 -4.926409764729298632e-03
1.995754953240790747e-03 -5.178751023810144495e-03
2.110597734956146370e-03 5.961352205666736737e-04
4.317278361909109366e-03 -8.256579651756291299e-03
7.543749573636227695e-03 8.744960970196804378e-03
-1.878134057767989664e-03 -1.184319408374677907e-03
-8.761773247929617418e-04 5.400214189781652602e-03
3.975480071461508572e-03 5.685556982514401031e-03
3.885288656432012676e-03 1.924371486987099759e-04
1.049072141054133503e-03 5.906094110566036115e-03
-1.244782306647558394e-02 -6.789823333909723174e-03
7.369465700496619434e-03 3.507631008129597026e-03
1.066126948061609826e-02 5.029645421069576031e-03
-1.693248807619324343e-03 9.289286708336780838e-04
7.174905111258308640e-03 4.724792529268205879e-04
-4.765840631811343181e-03 2.723832423659205623e-03
4.592914164165259536e-04 -8.948270860608070407e-03
8.244253968413075423e-03 4.176395156628885490e-03
4.913285812971336826e-03 9.897588191356873188e-04
6.067653166153695946e-03 3.918992922355359239e-04
-1.549252239126505367e-03 -1.887410262650941317e-03
-7.891646821003212020e-03 -5.517340414902872393e-04
2.387526475970981003e-03 1.105320158812110511e-04
-1.058747480145139433e-03 -6.827997786561597685e-03
4.427985624374276841e-04 9.117780948953827652e-03
1.017169075955278411e-02 5.924247386125817624e-03
4.466447849401901371e-03 -1.278023320823463158e-03
5.073184446978992561e-03 -6.512702938637320201e-03
3.448126031953582717e-03 -1.153441315264878281e-03
1.218183095191837121e-03 1.348528808215336333e-03
-1.376692672320484548e-03 8.495461127651089510e-05
3.854410563322322771e-03 5.518697238421532876e-03
2.456642906485668413e-03 4.948794095678436594e-04
-7.999464607881132117e-03 -4.623696139157347160e-03
-1.013967914857376654e-02 5.394386597564624665e-03
-4.492808278649268201e-05 1.920411796302843666e-03
3.518040730883016925e-03 6.541856725414103325e-03
-2.940920939043775110e-03 -1.162318385940456968e-03
1.714323792133562755e-03 4.179843769296060808e-03
-3.608359915416388310e-03 -6.780403533823502714e-04
-9.456801125645342143e-03 2.246978520145337128e-03
-4.604217691471460677e-03 -1.513664245975187336e-03
5.944109142368161577e-05 -5.375562823089293949e-04
4.675058428318945580e-03 5.162976727799754167e-03
5.580261770384924679e-03 2.528473566004788009e-03
5.046825181634047655e-04 -1.289167543633698045e-02
1.427413181612294940e-02 -3.165305813969278466e-03
4.392030730383365660e-03 -1.003297730800987650e-04
2.166925463167803691e-03 2.862592188398468442e-03
3.629099650476837104e-03 -3.547130632907005785e-03
-2.471618934080522210e-03 1.452578558665913386e-04
-2.406877154152992429e-03 -1.954339367872335274e-03
3.099430516172422320e-03 -2.711650335513902596e-04
-3.408833887128019918e-03 -8.538872966028666217e-03
-1.026272850205736491e-03 2.467643417702778882e-03
2.213577852287883924e-03 4.207145480235380784e-03
-4.401706069474371590e-03 -8.215739029154634551e-04
3.414134575631867351e-03 6.976832024598669107e-03
-6.741191099447625158e-03 -5.656530965242064120e-03
6.089191169628890669e-03 3.477678952938528974e-03
-1.270413984193599632e-02 8.275450903308632922e-04
-3.647987309699033016e-03 -3.196694985095039319e-04
-7.234314551285490717e-04 7.551764491145868639e-03
-5.173178970603369009e-03 1.145461563467351125e-02
3.148142461081811228e-03 1.367229677284483545e-02
9.439046984292122182e-04 1.053111542185460178e-03
1.312078661892176210e-04 -9.342293593387773374e-04
1.831018649686952252e-03 1.862758895964511082e-03
3.945064997311415605e-03 8.988824292809336966e-03
-2.081475599560872469e-04 -8.463992828049963710e-03
1.735063527194582057e-03 -4.532721699397558503e-05
2.488287616620190289e-04 -7.297299791523599415e-03
1.473110813773811489e-03 -1.998612777447701791e-04
5.368074809296829661e-03 9.144795469495019084e-04
-1.408693147117643513e-02 -4.836410003956119474e-03
4.372217033241757728e-03 7.885565435666484421e-05
3.815709206958299918e-03 1.831082534439284430e-03
-1.680795354770873822e-03 -1.028712432973240103e-02
1.458597805137983256e-03 -1.582716791737542351e-03
1.509624844843860661e-03 2.245781117523787656e-03
-1.935850842858083485e-03 2.618201962074008255e-03
-3.424735952642285735e-03 -3.852750141740958218e-03
-1.214763201565253678e-02 -9.246817897517562931e-04
-5.259458754004733491e-03 1.046843319771058670e-02
9.532447880650674228e-04 -7.358928208239214758e-03
2.545573034140602865e-03 7.000413758165711020e-04
-7.792115316339220943e-03 -3.470653958100413002e-03
4.997713520536599049e-03 1.006791237380744164e-02
7.358864323487561941e-03 6.631712890988449363e-03
-1.395134895440141957e-02 -3.286694745870477954e-03
-3.923191744381070156e-03 3.430898794313892806e-03
1.286702406965043941e-02 2.229161076017062773e-04
-7.501423776042881984e-04 -5.328910433973890748e-03
-5.086436168240258265e-03 1.041780529221151240e-02
7.016395534129660563e-03 1.905962672418667382e-03
-1.136405731880145084e-03 8.510645217170615534e-03
-1.539576900035499437e-03 -9.655065866553790965e-04
-1.796228924951061463e-03 -2.682081588835029135e-03
-9.300814123265029390e-03 -9.762420634478616299e-03
-1.306688534739589014e-02 -1.696026921376088924e-03
-6.710105526386659150e-03 9.708088577302792510e-03
6.128355544951149137e-04 5.142300877491747489e-04
-5.625780641635677246e-03 1.277186721557156505e-02
7.095985572148741545e-03 1.052316438909206911e-02
-1.117725552608434241e-03 -8.313434283678734771e-03
-1.264835484313849186e-03 -2.693082100052710329e-03
8.753183367656470690e-03 5.125600543563306466e-03
2.037729093702905087e-04 5.980048210625545611e-03
-2.636818256593385836e-03 9.209760555068453869e-03
-1.003577299332261870e-02 4.959411298380058883e-03
-2.853715117721067861e-03 -4.222121507830344303e-03
-3.042304519536931178e-04 9.848572648378521761e-04
-4.144128006640758650e-03 -3.150984459590228191e-03
-5.547196351981260876e-03 -6.612761347013921057e-03
1.122690991658492708e-03 -2.582550084170357613e-03
2.427153870253625709e-03 -2.478388389916355052e-04
-8.846710869590910381e-05 -2.228154745675935047e-03
-1.037651747634693242e-02 3.498626167950033127e-03
6.373272674987757666e-03 -6.661936310882335746e-03
-8.021002611356327708e-03 -7.709475799860339776e-03
3.442362324490709068e-03 2.431592405592325999e-03
-1.846457696242762795e-03 8.003711488966698670e-04
-1.120966685324905048e-03 5.847515172310114272e-03
9.171921351872301675e-03 5.816860966824967394e-04
-1.905435768706058471e-03 -6.850653482204662435e-04
-1.680332335811848474e-03 -1.231011710915960733e-02
-8.392002747638874390e-04 5.822863805623003375e-03
-7.319364698710153182e-03 4.366852459985005874e-03
4.263936227406173174e-03 -1.970113663882045157e-03
-4.168859083770069460e-04 -3.548056670825736926e-03
-2.903943889014129649e-03 -7.396687700997868573e-04
-1.430580817764738610e-02 1.180615256699752043e-03
4.673334121984787197e-03 1.898011639660678387e-03
-3.408961656631324250e-03 2.818063239818097664e-03
7.899007065297730321e-03 1.158860161462074365e-02
-1.135024646046390792e-02 -7.631147049214461950e-03
-4.092637947973924717e-03 -1.345479329755643917e-03
1.414246093097334608e-02 -2.080836752044352977e-04
4.479108782200267105e-03 8.196803310876996790e-03
-4.031472550218015601e-03 1.381929476074041140e-03
5.350448437448406327e-03 2.335637283098133694e-03
5.978387789043610769e-03 -9.147206100433428674e-03
1.063237123284774613e-02 -9.093001812762731978e-03
1.005499590199939418e-02 8.241332259457367568e-03
-8.325105293802414217e-04 -1.808155474086332350e-03
-2.675391843452743900e-03 -5.834790354759415709e-03
-4.031472550218015601e-03 1.381929476074041140e-03
3.924453031755631600e-03 1.857059073253071024e-03
5.467143295003156281e-03 1.855240976772606562e-05
-5.818952173996911996e-03 3.667737122087166672e-03
6.845560273657799212e-03 3.198562886630291167e-03
-9.641814145298453894e-04 1.149066664678510602e-03
1.026512330729874994e-02 -2.743582236047339279e-03
2.058644657330857379e-03 8.136228701586163421e-04
2.894268549923123719e-03 -1.822349058957753627e-04
-3.691191086152727664e-03 4.865707385931274283e-03
3.861355847711920967e-04 -2.482619445298883849e-03
3.268413700806251099e-03 6.528205869945354067e-03
-7.468071167242558948e-03 -4.634696650373886471e-03
1.857059073253180311e-03 -3.924453031754380865e-03
-3.143688100056559560e-04 2.085946368269035907e-03
3.695565736738524835e-03 -2.381762768506856618e-03
4.820907072649226947e-04 -5.745333323392553008e-04
5.224541259764396706e-03 1.707825701008055912e-03
9.659647997096792657e-03 7.779055249332801798e-03
-5.245744013783081548e-03 4.540338064710329642e-03
1.260125584272330564e-03 -9.124805943791263613e-03
7.473371855747767273e-03 3.072655708945030810e-03
-7.391466722930839506e-03 -4.570417889405382038e-03
-4.615617336894692509e-03 -5.700533010109364550e-03
-5.952091826466910382e-04 -1.935387823897806968e-03
-1.900135080202210169e-03 -2.247106289650463353e-03
1.251487994120153296e-02 -5.424737786963638141e-03
6.842909929404799967e-03 3.979583357343807401e-03
-3.264502069179479275e-03 -2.021268473093729232e-03
1.012558109975786552e-04 3.460451715296312763e-04
4.402632107393783176e-03 -3.224411655937809221e-03
6.551595949258012808e-03 -8.274605157810945716e-03
2.286142895469527210e-03 1.112142305019902383e-02
-9.437769289245469956e-04 -1.241004774803108196e-02
-2.534971657131546239e-03 -3.824123258675423548e-03
4.474734131614469500e-03 5.712858693452579559e-03
-6.489376744076885001e-03 -4.400907801059624792e-03
5.784497698714811259e-03 6.485528997202445571e-03
8.083094047032219134e-03 6.390899046836071712e-03
1.018586851873482316e-02 -2.026840526300505152e-03
-7.339976664265937187e-03 -2.764912759571258767e-03
4.042536946187458465e-03 -6.529004138358958549e-03
4.673206352480911707e-03 1.325494784550812141e-02
1.119232767179952071e-02 -4.315298516567200870e-03
2.619990153159138142e-03 -4.776521719267931825e-04
3.868125303543974713e-03 -4.093978945787237443e-04
4.671609815652559561e-03 -1.366953448477935956e-03
1.393856025209882967e-03 5.168804320020644900e-04
2.369900104123918126e-03 1.531689752030984718e-03
-3.021101765526544494e-03 3.600408882658970040e-03
-2.371161391497119113e-03 -6.819647619596806883e-03
5.234807387318303473e-03 -1.075019960827103445e-02
8.408527253005957172e-03 -8.421219837190241364e-04
2.752124057268338399e-03 -5.457867090119523749e-03
8.326622120189027670e-03 6.556401967413266578e-04
-7.035283193351287052e-03 -5.772762803835857111e-03
1.156382247842907898e-02 3.176162729988125672e-03
7.470386262040978193e-03 -5.480267246760547363e-03
2.607201450857468510e-03 1.404457402219510317e-03
6.822633213304166687e-03 6.181761564207778614e-03
5.493981986982200173e-03 1.542291129040721789e-03
-2.676317881370795029e-03 -1.788804795905001152e-03
8.167362333706411522e-04 -4.862657907471581650e-03
1.408033784390560691e-03 -7.434207480425399084e-03
1.259712032347361232e-02 2.411443458996248221e-03
-9.304390505436651790e-03 -4.935414604910003979e-03
-1.138593057173329249e-03 7.268672908458746057e-03
1.384180686118877037e-03 -4.050232439934976216e-04
-1.089592048309744043e-02 -5.683433541973439973e-03
3.704315037910119179e-03 2.586126466341978711e-03
-7.677687494521408078e-04 -3.907752697825939842e-03
2.289719277640577151e-03 6.294417020631092388e-03
7.396304392477022482e-03 5.031369727403734414e-03
-8.064384544236588917e-05 6.785720048027315057e-03
-6.578769890692205691e-03 -2.583076987882286946e-03
2.094360419986730695e-03 -4.051685381565854616e-03
1.866399162887674192e-03 -1.233649278218019660e-02
8.387787517944937654e-03 3.383049002571011498e-03
3.690600297688466803e-03 8.514221599342236199e-03
9.934852431778828930e-03 4.028486956509405061e-03
-1.140531290130043091e-02 -4.609646149479973767e-03
1.912460763544854671e-03 2.387989494931367241e-03
8.858526638839674550e-04 -4.478310513786091032e-03
-2.936290749446364380e-04 -2.139224618021000161e-03
-1.163996390378177308e-02 -5.263434270383837710e-03
-6.594208937247445293e-03 8.005305697821388233e-05
-1.086550540894541499e-02 -8.986700852267914472e-03
1.720885768012543442e-03 7.905760695432346649e-03
7.437193074133439767e-03 9.960956740096029577e-03
-1.131903311789112182e-03 -3.623463712512700044e-04
-5.375099804136197236e-03 -2.617403693659722461e-03
-1.349390961382415524e-03 -4.142994488777008229e-04
8.221454677564108554e-03 -4.197342371639248629e-03
-6.066088280718556769e-04 -6.122256588032445185e-03
3.838636267311932443e-03 -1.152116143138202800e-03
1.989352398254679889e-04 5.519096372628335551e-03
1.347594799251878271e-02 -3.769791201500742941e-03
5.880452821208541694e-03 8.393615110162074011e-03
5.060267975171515824e-03 6.726342841355965538e-03
-4.592227257583396394e-03 -1.070672446711520148e-02
-1.981369714103690970e-05 1.791854274360830284e-04
-5.785088487176788573e-04 6.894399988068341395e-04
-9.342293593382063966e-04 -1.312078661898980121e-04
-9.153959730568726749e-03 7.331099593589106463e-03
8.762523457292326762e-03 -3.286439206861367819e-03
8.382949848400114701e-03 2.922097164573802305e-03
-4.213707456114471409e-03 -1.512339073849653954e-03
-1.540502937954911456e-03 3.080478972197893579e-03
-1.071991230362424365e-02 2.818861508233525340e-03
-1.890459741111204673e-03 -1.325202613654901350e-03
-2.465056958202112031e-03 3.871174782003558058e-03
7.826442022116656891e-03 4.674324044656421456e-03
2.573465533542932532e-03 -1.317914166961114963e-02
1.367352582685200067e-03 8.327085139147483162e-03
8.800889564197334576e-04 -8.932767929300278751e-04
-5.604114868656607899e-03 4.500710670427113778e-03
1.724925169144550779e-03 1.055761886437669691e-03
1.153963413070224417e-02 8.714035399997911713e-04
2.180177184429069395e-03 -1.042510165175723324e-03
-1.982040213019138370e-03 -7.493441091901121252e-04
2.451342217980459655e-03 2.056920350996698996e-03
2.430602482920801027e-03 6.282091337287877379e-03
1.363963048864933435e-02 4.591620643425318483e-03
-5.075707021726755426e-03 -4.063212796495465143e-03
9.631675787247851242e-03 -1.038957754335277997e-02
-8.457622506428683420e-04 2.096946879486717100e-03
4.446506382746720547e-05 1.025809831243637484e-04
3.997944112854755726e-03 4.725351084362979306e-03
3.499743860123721417e-03 -1.070487239127705832e-02
2.412640861617226535e-03 -1.630694352983727557e-03
-1.083959275488578268e-02 -3.416976574141645639e-03
3.479339374519783805e-03 2.854242021433676339e-03
-1.359194069977296727e-03 1.002073308097418090e-02
-2.729995265330242837e-03 -4.836282234452134697e-03
9.163172050700706464e-03 -4.386203138166337723e-03
-9.571564196918389217e-04 2.851990811387589489e-03
6.724027746558227173e-03 5.054695921963488735e-03
-1.583578944903370374e-03 -3.091080349207630650e-03
1.004094591232259151e-02 4.835483966037387900e-03
6.089191169628890669e-03 3.477678952938528974e-03
3.061192178768214547e-03 -5.981772516959023983e-03
1.598091953539769548e-03 4.473935863199722703e-03
-3.018786670730056864e-03 -6.514555014475924798e-03
-1.554552927631714125e-03 -3.253693212220859802e-04
-3.231101401322026070e-03 3.228387172316232994e-03
-1.217539674555099226e-02 1.597565049828521093e-03
-9.220298047326540292e-03 -5.191204476658485729e-03
-4.564127278229790190e-03 -3.895027880275241279e-03
-3.142506523120881020e-03 -5.900394287854134404e-03
2.768009715109591429e-04 1.087133300116198062e-02
3.143688100056559560e-04 -2.085946368269035907e-03
-8.655966957789537966e-03 2.070443436962143922e-03
-1.122526532069794900e-02 -2.957349908269969394e-03
3.710877013789100082e-03 6.312043392478264986e-03
-3.317381184723390119e-03 2.242204735353308439e-03
1.363903970018814915e-03 1.797154962869792821e-03
5.945992869550817406e-03 1.360496853341549607e-02
8.289182051198997273e-03 2.255983360326722486e-03
2.844167548140169631e-04 -8.056718374006272389e-04
-1.351995003738722459e-02 1.644217438949172917e-03
2.495807281807926881e-03 2.159501334121062717e-03
6.504688021128820705e-03 1.309471396204588828e-02
5.712523443997428833e-03 -1.380867755803470535e-02
6.101852102429054011e-04 1.295250558464513526e-03
-7.707096820309697859e-03 -7.772429388702167645e-03
3.263240781806278287e-03 -3.266689394472092715e-03
4.398129687306395253e-04 5.648579932482495876e-04
-3.869849609876772640e-03 -2.855567193559210154e-03
7.955334793511670104e-04 1.385505858244981793e-03
1.006331383560253069e-03 9.068478215581429053e-03
8.247367331623739126e-03 1.372381906487020204e-03
5.077894347019940025e-03 5.305185105207333753e-03
4.091839679559748644e-03 -5.965471317237385634e-03
-1.216744571279357312e-02 -7.454963623156731292e-04
6.026636714993973895e-03 6.819248485390004208e-03
-1.017480412276537856e-02 -3.120234135984413341e-03
8.967892903487455301e-04 1.731551029774612907e-03
-2.162550812580645628e-03 -3.786475709729087867e-04
-5.486493973184377974e-03 -1.862359761757028396e-03
-8.062945100435460477e-03 2.763858952147402268e-03
-1.317954080381727143e-02 -6.228940857039216156e-03
-3.872962973088797667e-03 -5.155394341848631642e-05
1.009475106578591394e-02 -3.473974801262922664e-03
1.793243331243701442e-03 -5.870841366869869460e-03
-3.906826659907208267e-03 -3.278216809401702809e-03
6.179510354162262055e-03 -2.386137419093224514e-03
1.537980363206577217e-03 -1.365639470732999891e-02
-3.556869856750914834e-03 1.127464776451092120e-03
-1.080413253124209430e-03 1.443158758582852941e-03
-6.590249246561697988e-04 -3.881776159013294696e-03
-1.255921723552512644e-02 -6.034779402008170340e-03
-3.508828410752397233e-03 -3.596960269992475600e-03
1.118954955804207611e-02 7.822658159994441002e-03
4.683137230581028640e-03 -8.537020890190061620e-03
-5.870442232662385906e-03 1.862231992253724714e-03
1.168501975607350030e-02 -8.013913731765309051e-03
-6.953314757763041920e-04 1.436346107798468566e-02
-4.544313581088182258e-03 -4.074213307712004455e-03
2.763523702692931554e-03 -1.270998325984205521e-03
-1.241828713517822026e-04 2.637153506048536128e-03
-2.135376871146451444e-03 1.047903457472032333e-02
-4.261748902113559299e-03 3.212085972594594645e-03
5.583838152556546211e-03 -2.298532463563823878e-03
-5.257606678167270342e-03 2.376462080002899463e-03
-5.987855648183120286e-04 2.891618205670805353e-03
3.918018825380526621e-03 -1.322579405873065828e-02
-7.936814035131335709e-04 -9.477476975953351424e-03
-1.436432323115165513e-02 -2.327814019844591346e-03
2.404147099455751935e-04 -2.931245599952198456e-03
3.152644881171483456e-03 4.799305184421808791e-03
1.589805671327200985e-03 -2.516946151076319797e-03
-1.131903311789112182e-03 -3.623463712512700044e-04
1.218195872142940200e-02 2.128351876308445627e-03
-5.381661780014606981e-03 -6.343320619796689180e-03
-5.830224049916839929e-03 -1.187606784789377312e-02
1.429907037320906358e-03 4.985515606697830254e-03
6.742117137365674986e-03 1.610545406387649779e-03
1.988139169937162744e-03 6.498253814753144134e-03
5.331896027681931431e-03 7.802780578101180253e-03
-3.886549943807145711e-03 -5.480395016264992709e-03
-7.393654048224023237e-03 -5.812390198117250648e-03
-1.277496417112214920e-03 -1.216790873175317006e-02
8.716749047032897307e-04 3.472777398641373626e-03
3.064177772475574785e-03 2.571150438745873745e-03
1.342828985504005562e-03 -3.311617477259265734e-03
9.882419927533759793e-04 1.251262873115658800e-02
3.672638676384892310e-03 6.014359090706310456e-04
4.037571507137399998e-03 4.366980229490132967e-03
-5.417249773165243483e-03 -1.283494857391851915e-02
1.647857705872445531e-03 3.014475904895230762e-03
-2.164610368369954303e-03 -1.297755608553222140e-02
5.371571481028072741e-04 -3.596034232072602144e-03
1.150577044388519446e-02 -2.355259325982283006e-03
-2.745434311885482440e-03 -2.173152189591633868e-03
4.525090672411406778e-03 -9.126530250125421129e-03
-7.294585562519057508e-03 -6.708317335300168806e-03
-7.624856438038979389e-03 6.375185725657510002e-05
2.025116219970889793e-04 6.920903430597239890e-04
4.050823228398666570e-03 4.618778759159416353e-04
-4.581753650078214390e-03 -2.473870144126609494e-03
-1.754877224335618831e-03 2.245126444300586405e-04
-7.458395828152913909e-03 -3.712792974379465483e-03
-1.090551611174240491e-03 2.544247862014497891e-03
3.784368094889584665e-03 9.180335403589316018e-03
9.249787083557793263e-03 5.933922725216142675e-03
-8.093232405082249545e-03 -5.289809943404426978e-03
7.496761935060996737e-03 -1.933535748060344686e-03
1.025750752399648240e-02 8.933422602517091665e-03
-5.733933677967388912e-03 -6.340383085145888387e-04
-1.342365966543619107e-03 1.288624697833200229e-03
1.458134786178957908e-03 4.402759876896649273e-04
-8.761773247929617418e-04 5.400214189781652602e-03
1.626782721357636179e-03 -2.094296535233827142e-03
-1.389674553252392107e-02 -4.285202866177760701e-03
-3.138131872535084715e-03 -3.416449670429716739e-03
6.650073646498716809e-03 4.209396690279645740e-03
2.412177842658201187e-03 3.922984264434800465e-04
-4.933562529071970106e-03 1.212419387728283461e-03
-3.847848587442551701e-03 -1.792780312283424708e-03
3.003012374719095379e-03 -1.562583670831308672e-04
-5.440543734369389026e-04 -9.463826120483919552e-03
-7.202206822196377881e-03 2.677480722739150956e-05
-2.925146643032813625e-03 5.508494995618598913e-03
6.273485631309430382e-04 1.897085601741947247e-03
-9.258153076223336105e-04 -4.497262057760619339e-03
-6.877699654142051429e-03 -3.160260664474431880e-03
6.129616832325711015e-03 1.043025874505871045e-02
2.209666220661112099e-03 -2.997919166162441593e-04
3.148605480040836575e-03 1.164930399341762915e-02
-8.977153282681573331e-04 2.314434529078659986e-03
6.473602448067284840e-03 -2.269905580498289641e-03
1.138002268709067521e-03 6.111256076814763558e-03
9.891185636365536910e-03 1.123685662037807002e-02
1.995260282897288497e-04 -7.860832612645174064e-03
3.894500976563992824e-03 3.137333604121479366e-03
7.973887203275860369e-03 8.387915287449492288e-03
-2.076271029179281580e-03 6.075348659900156600e-04
-5.460581319123385645e-03 3.707364516370382536e-03
2.201379938455128276e-04 -7.290673930889080131e-04
3.738306494231833244e-03 -5.544146873521568243e-03
-5.154913751223761699e-04 -4.675122313070706817e-03
1.367017333230839292e-03 -1.006858287270931233e-03
6.863777433969124250e-03 -1.160252383479299342e-02
-6.931041788644987621e-03 3.126205323399813395e-03
3.504118510710879045e-03 -8.220927773851497908e-03
3.239387683533234176e-03 3.762494841958667624e-03
-2.656504184229758255e-03 -1.967990223341084099e-03
-4.270035184324768272e-03 -3.778796041680306406e-03
7.434542729881230688e-03 1.074197721081136814e-02
4.872732380769280100e-03 5.394115232861806768e-03
-3.926768126552120097e-03 8.257904823881823814e-03
-4.071435193954450575e-03 -7.593643095472207144e-03
9.311159961261819117e-04 2.935221116330622229e-03
-2.461017557071465151e-03 -2.978824026992261433e-03
6.553192486086364087e-03 6.347296136175112520e-03
-1.342790654652026641e-02 -9.546338449428239115e-04
1.655345719666536774e-04 2.694407272172316052e-04
-4.820907072649227056e-03 5.745333323392553225e-03
-1.934924804938100958e-03 -1.427783596779945300e-03
2.706142167058559617e-03 1.186546647088403648e-02
6.708253450547835978e-03 -1.616117459596247592e-03
8.373481989264247236e-04 2.269107312084684292e-03
9.398749091100099332e-03 -7.778400576116888988e-03
1.570790242601700958e-03 4.973189923353934366e-03
-9.630158960865539686e-03 -7.036337000775144852e-03
6.858476745463915059e-03 -1.004048289336413602e-02
-1.242052135553751470e-02 -7.289077394063933971e-03
4.893807365285450343e-03 1.050288767299200655e-02
-1.935723073352847538e-03 -8.738734243772295490e-03
6.400781865877671999e-03 1.352968926123045319e-02
-6.282746010503547328e-04 2.148899957111325646e-03
2.860740112560434568e-03 5.925045654540564422e-03
1.129703209546484635e-02 2.560676831241263766e-03
-9.385832619293193319e-03 -5.460645203875717606e-03
-5.539373088729078118e-03 2.401113446688187165e-03
1.436932032158912825e-03 6.688439753406908925e-03
-3.405848293419299656e-03 1.404998967737382601e-05
1.816505641051123802e-03 4.799033819717388009e-04
-2.863853475773030319e-03 -3.121032404399160572e-03
1.145958107372414131e-02 -5.722805397246403386e-03
8.905130968906707287e-03 -3.379980206550704802e-05
1.067544723979677729e-02 -2.921442491357888194e-03
-3.516316424548858108e-03 -3.276891637275027112e-03
5.123748467725844184e-03 -6.612122499487825891e-04
6.630643257868162454e-04 -2.968222649982523928e-03
1.017858798489292872e-03 1.898410773868622727e-03
-5.556408672113242325e-03 -9.557657802436690664e-03
3.354486004257700368e-03 -1.317649132535825968e-02
-6.455177807804685433e-03 8.159698491342685239e-03
2.697855884845990621e-03 4.874584456607993985e-03
6.808583223627364019e-03 2.775913270787798513e-03
9.224672697912337030e-03 7.675149094082903828e-03
-2.511438564681658155e-05 1.741226368865618837e-03
5.961096666650908017e-03 1.607895062134759388e-03
-5.499458504050480645e-04 5.478143806219586305e-03
-7.879176960490317377e-05 -1.306251069680372610e-03
-1.061397824397348078e-03 -6.046977315846259124e-03
6.246439459384336458e-03 -3.243762334119140202e-03
-1.326237197455360992e-02 -6.851931177255920352e-04
2.695205540592420651e-03 5.655604927322191097e-03
-1.120027870455636912e-02 6.658359928710714214e-03
-6.801095209828971096e-03 -3.095981903504785998e-03
8.848803240695621991e-03 -2.300256769897982261e-03
4.104963631317138859e-03 1.486362535035867143e-03
-3.953479049031722453e-04 -4.622770101238858121e-04
-8.865503574624063882e-03 -3.245710528073384241e-04
2.817791875115279766e-03 -1.160344987271172412e-02
6.097269971891544453e-03 -1.022231866505196769e-02
1.061520787995834728e-02 -9.694836856041307363e-03
1.932737479645487734e-03 1.858112880673963531e-04
-1.202622725805820025e-02 8.576121380761348584e-03
-6.191373018546452583e-03 2.222614343857934674e-04
1.104138581892017811e-03 2.884593210832689381e-03
-2.396275777143935803e-03 -5.078421250731188046e-03
2.630591530170126383e-03 -3.601734054785184300e-03
4.147947012010742146e-05 -8.450341972580533573e-03
5.212550825871812166e-04 1.090088592213963757e-03
4.133654399135005923e-03 -5.081869863397683353e-03
1.329059972341109161e-02 -3.860046501281891654e-03
6.915139723130721804e-03 1.559917500887894604e-03
-2.290645315558628280e-03 -2.248431461776677614e-03
-2.278782651175009777e-03 -8.455547706856633879e-05
-8.015494442899272556e-03 1.141936289097780430e-02
-7.087906769888455659e-04 -2.422316200708803623e-03
3.051053820718183270e-03 -4.880683413527379250e-03
-6.044726105801423444e-03 -3.375097969814164385e-03
-1.212298064896610850e-02 -6.429153791913085406e-04
-5.813986734946853530e-03 -7.228247245761924844e-03
-1.067496781316733777e-03 -1.179588702141043388e-02
-8.995322383936205785e-03 -5.459320031750184224e-03
1.557075502380048798e-03 1.090128505635419229e-02
-4.179843769296060808e-03 1.714323792133562755e-03
4.996116983706886880e-03 -4.553988920179758912e-03
2.613891196239753311e-03 -6.226561877490967289e-03
-1.086769273423995874e-02 -1.022867316098092366e-02
-4.008545489864383075e-03 -1.601269201503446090e-03
-3.888274250139372480e-03 -8.745360104403607920e-03
-1.227757859446798258e-02 5.297505437152162655e-03
-3.695437967233289323e-03 -8.975173437339445393e-03
5.896817905682404451e-03 1.684499506446478830e-03
7.281924629720692640e-03 -2.766509296400291359e-03
-3.062916485102372931e-03 2.716807428819948203e-03
-1.208970775061217647e-03 1.596367647206291610e-03
-7.610215659897915860e-03 -9.910328834596953546e-03
9.572569945279321355e-03 -5.180778346236146123e-04
-1.312876930312366353e-03 2.031342946390856958e-03
9.989711392663067936e-04 -1.968389357549709100e-03
-2.924220605114762929e-03 1.462509436764184139e-03
2.766972315359317140e-03 5.258931850293484603e-03
5.583247364092284483e-03 1.108139652170968617e-02
6.409786706057805754e-03 -4.216293915613777803e-03
1.149596733528895388e-02 8.079773203868457002e-03
-4.934823816445171527e-03 -4.075538479837538704e-03
5.410224778327810125e-03 1.113202442720876047e-02
5.864282300814495016e-05 -7.848506929303101370e-03
9.808146985680072510e-03 -3.910275272573022695e-03
9.052576150065912500e-03 3.679791440727563350e-03
-1.146084236109734186e-02 4.348475296805810048e-04
4.711540807910568913e-05 -6.784394875902946109e-04
7.836708149669772408e-04 -7.783701264624490364e-04
-2.269905580499540811e-03 -6.473602448067175552e-03
3.543282886033137513e-03 -6.556305849298279392e-03
1.167954323900136007e-03 4.830981545947035660e-03
5.047942291828300815e-03 6.585459636075742529e-03
-4.748214259964279871e-03 1.302674687509431956e-03
4.246309855557748973e-03 -5.489559277334131546e-04
5.679074717068235674e-05 2.434641884045871639e-04
9.238387438133988105e-03 1.747053961082646774e-03
-2.982400409163882098e-03 7.288023586640077905e-03
3.345018145117970541e-03 6.592484630913858501e-03
-2.877568215994111538e-03 2.807062728600416470e-03
9.421803920956245589e-04 -2.211853545954296264e-03
-5.433614857640467130e-03 -6.125832970204065850e-03
3.566545195840559873e-03 -2.055611004566719989e-04
2.861666150478485264e-03 1.879060095686150081e-03
-3.126732227110491126e-03 7.704190937056019234e-04
2.658691509522371262e-03 3.209962532053633154e-03
-1.017523549034142580e-03 7.435532652551613345e-03
-7.461844440819299928e-03 -1.024272315065715561e-02
2.407340173112017777e-03 -6.865341155487211279e-05
8.790160417687476607e-03 5.548250159405118676e-03
3.482452737732379122e-03 5.022877129227227254e-05
1.195719053798590835e-03 2.308734706366758274e-03
6.751329457497655569e-03 4.555441861810418519e-03
-1.097576606012247175e-03 8.413237153054193293e-04
4.530263591411379590e-03 6.683650142920250035e-04
-1.935067818201142639e-05 -1.843807351991124440e-03
1.532088886234385329e-04 1.285575219370082439e-04
-1.822732367475744363e-03 5.128123118310389320e-03
-6.320265789939181166e-03 -8.958473103410323490e-03
-1.818996564413050826e-04 6.439674876496541411e-03
-9.268691150450493119e-04 1.090565970693941830e-02
1.943338856654544360e-03 -2.938270594791456310e-03
1.404457402219510317e-03 -2.607201450857468510e-03
-1.082587801466412987e-02 -9.345071707141902259e-03
-4.439609157422857479e-03 2.801762040096458881e-03
-4.585202262744599543e-03 -9.003800320404299617e-03
1.151717008930899788e-02 1.831609438151212896e-03
-3.774357506343428009e-03 1.075511698826483791e-03
-7.894169395751545609e-03 -1.112764977662239300e-02
3.966267751329528857e-03 2.740660527091631424e-03
9.557673628134020962e-04 3.216987526892891008e-03
5.157612154542893894e-03 2.565450616033291588e-03
6.692910522100754822e-04 -8.576249150265793930e-03
-1.581391619610757367e-03 -1.849108040495081595e-03
3.910275272573593419e-03 9.808146985679392499e-03
6.153597700101269725e-03 -7.955861697220633494e-03
1.012558109984084331e-03 3.460451715297478172e-03
6.942776683530173330e-04 1.039460686716030908e-03
-6.539142496409561418e-03 -2.941447842755132852e-03
-9.899136669122956048e-03 -8.893795208233874067e-03
2.681953819331154079e-03 9.560707280896382429e-03
-4.623105350693086299e-03 -5.380464377392377498e-03
9.513927122276048158e-04 7.330429094684734513e-04
-1.096596295153017854e-02 -2.021795376805657699e-03
1.951625138867113139e-03 4.052611419484586190e-03
-1.128789948578448046e-03 -3.166359621393135832e-03
-4.443856038504779594e-03 -1.103911878317540354e-02
-1.332572469760270363e-02 -4.654574232267146353e-03
-8.255653613836308122e-03 -8.363263920763062270e-03
-2.174876495919426684e-04 -5.195307762528897746e-05
-1.284649181453525503e-03 -2.513896672615485717e-03
-6.135380539790516279e-03 -6.845225024201968475e-03
3.400419835410216710e-03 1.290492715759892529e-02
-4.341801959091664762e-03 -3.382122964651600346e-03
7.925638277326858133e-03 -7.578539298372799146e-03
3.531755471104668868e-03 6.137615924138462714e-04
5.375227573640071858e-03 -8.739532512187722299e-03
8.700767271072155917e-03 7.366080972582456088e-03
-5.509884052497035847e-03 3.143831695247666438e-03
9.782314042066481662e-04 2.256781628741469283e-03
-6.096679183427282725e-03 -3.157610320221541922e-03
1.322089250442986044e-03 9.135535090307705507e-04
-8.324562564399720296e-03 1.194326831781798541e-02
-3.286503091613700214e-03 -3.084055354369514678e-03
-5.166824474674874476e-03 -5.510347071456061195e-03
-3.544592232473261183e-04 4.467310002569089417e-03
-6.811696586839959336e-03 2.809997935360577029e-05
-3.831020484009664898e-03 -1.052488869542622663e-02
2.748691852268864144e-04 -1.308451171924363346e-02
-3.015801077020546003e-04 2.038367941231937356e-04
-5.431890551306308747e-03 -2.860867882064990070e-03
-5.748446686603788519e-03 -2.016893822506681325e-03
-7.146342112945677956e-03 4.316224554485931578e-03
1.013298940319012215e-02 2.236632682144711060e-03
-2.102646702199299691e-03 -2.939196632710187451e-03
1.724925169144550779e-03 1.055761886437669691e-03
-7.875409506033796345e-03 4.096086560642241484e-03
-1.439738864955531980e-02 1.756473761164540834e-03
-8.096010518837763389e-03 6.848146733157676330e-03
-1.195256034839565487e-03 -4.331727485793965444e-03
-5.783699430300064462e-03 8.254216497899026679e-04
1.928362829060832661e-04 -2.298133329358381769e-04
-7.176677476689678737e-05 3.966730770287060608e-04
-1.398693694754705270e-03 -9.778322699992747676e-04
8.342859435158443346e-03 5.303460798873855381e-03
-1.672173823104514991e-03 6.037701110962736747e-03
-5.246079263238231406e-03 -4.793605361709907080e-03
-6.879088711019127472e-03 2.908717673807190065e-03
-1.734600508234196035e-03 -1.977665562432090029e-03
-6.175454545360630279e-04 -1.233211813159382914e-02
-3.970179382956300247e-03 -7.247597923943256693e-03
2.113248079208355883e-03 -1.848852501486652122e-04
-2.511709347322192264e-03 2.526621490166644848e-03
-5.098554371633777938e-04 3.096780171919532362e-03
-8.501849602816306112e-05 4.301775430602897826e-03
-4.374404358536302349e-03 -1.320827963069675336e-03
7.237667045842701959e-04 1.782178935273687854e-03
1.739901196739404576e-03 4.156246210032345841e-04
9.169271007619300695e-03 1.362706567396014274e-03
1.461752664340083135e-02 -2.485541154253450256e-03
-8.704678902698926440e-03 -1.187301836943408136e-02
1.197725977413970078e-02 1.942892245361720407e-04
-4.954637513586778591e-03 -3.896353052400775528e-03
-4.842780325575357561e-04 -6.674389763732936458e-04
4.788767692164974839e-03 -5.707031101236693070e-03
-4.345122802248597722e-04 -2.126898934677785152e-03
1.183339097515211796e-02 -8.346308047825511112e-03
1.086285506469377750e-02 9.767721322982573021e-03
-4.954765283091444247e-03 7.460583153444846904e-03
-4.579103305824644421e-03 -3.254890614840806173e-03
1.286079734322717952e-02 5.830942607884977147e-03
-1.139000162424985696e-02 4.084160011505148270e-03
-2.350086406982880918e-03 -1.710875179467067882e-03
-3.066492867273423305e-03 7.543813458387879645e-03
2.716280525104155532e-04 1.076437736745214716e-03
5.008314897545655675e-03 6.943830490948588868e-03
-2.735758972794476510e-03 -1.251248513596071865e-03
-5.701331278524111347e-03 -2.695333310097655730e-03
-7.387427321804845588e-04 -1.142041669840394629e-03
2.399516909851890094e-04 -9.082528205261328419e-04
-5.841416215390159150e-03 4.627943020238589264e-03
1.018978015036023192e-02 2.480096870549978235e-03
-8.972523093091318768e-04 2.914417496514524900e-04
-1.703722415128369251e-04 -7.303925652155836019e-04
7.110291100834653481e-03 -8.784859729181698426e-03
6.031602154041092005e-04 -4.076735882463874711e-04
-6.185146292123192696e-03 -5.385765065897476535e-03
-7.048534914613912780e-03 -1.867660450262808094e-03
-5.984821995418716616e-03 -5.935647031550301059e-03
5.652028545150461145e-03 2.131800488974940067e-03
-2.380501481132974752e-03 1.592392130827867836e-03
4.909677779417523889e-04 -6.963580303336722524e-03
-2.784135668248715126e-03 -5.860766893572059988e-03
-1.670784766226078057e-03 -3.127722731774374917e-05
-3.157019531757280194e-03 -7.283249801846226022e-03
-2.022928894674984931e-03 -5.678931121883087733e-03
-1.474962889611274638e-03 8.291832395452457954e-03
4.263137958990636210e-03 -9.281064310876215723e-03
4.016496522621230622e-03 -7.417922106400674700e-04
-1.007527261810002746e-02 -6.039154052593396355e-03
-4.367379363696934774e-03 3.820961836405452165e-04
5.348596361610943178e-03 1.042760840080582223e-02
-3.779658194848637201e-03 2.637552640255338803e-03
4.520923501775525252e-03 9.080404764716699939e-03
-1.765813850800397340e-03 -5.985348899130644648e-03
-4.730124869156830322e-03 -2.141475828066407433e-03
-7.393335206433851794e-04 1.223788731543425795e-02
4.175133869255113345e-03 -1.353221183597821606e-02
5.970772005741913080e-03 2.529798738130322258e-03
4.158641015276586667e-03 4.533839973583000255e-03
-1.372153562146490209e-02 -3.093858462963824940e-03
6.875512328849438422e-03 1.918288355761882391e-03
-9.842473691457510193e-03 2.706605186017013807e-03
3.606859496705864393e-04 -1.007533650285236115e-02
-2.415291205869436048e-03 2.411714823699066118e-03
-7.303286804626802665e-04 -5.508095861410653923e-03
1.257465628207900601e-02 3.371649357146528497e-03
4.043798233560659885e-03 -1.241046270793137035e-03
-7.509087618403641022e-03 1.792652542779439931e-03
7.096911610068152264e-03 6.477178830238797085e-03
-1.099545198776143151e-02 -2.764513625363315512e-03
-4.780513061342765192e-04 -6.275465476656564082e-03
4.564718066694051918e-03 -9.484901104998269203e-03
-4.757889599053924043e-03 3.807710115150114011e-04
3.464826365883955355e-03 1.471386507440904275e-03
8.698116926819945971e-03 8.147101443297794648e-03
1.239321964459808544e-02 7.788331454217005054e-03
1.627708759275687308e-03 -6.140282094088241917e-03
3.644410927527412351e-03 5.146675528078115819e-03
8.817126879169823531e-03 -4.284947327168648831e-03
-8.934955254593110116e-03 -1.004286187291238489e-02
-7.783701264621416434e-03 -7.836708149670672946e-03
-4.812030001972397199e-03 -6.437136476049138897e-04
9.090016219055373908e-03 2.079448277142849268e-03
-2.736876082997247162e-04 -1.367534625130452722e-02
-1.035709057959988480e-04 9.768918725604803371e-03
-9.937965794990854390e-03 -1.224473706368679922e-03
-1.107251945103252672e-03 -8.057996069014289071e-05
-2.501906238727311712e-03 -7.908411039685236607e-03
-4.661008438641571321e-03 -1.757128434380454945e-03
-6.510116479137904519e-03 -1.757368147695882905e-04
-8.655168689374791169e-03 9.381394083954493895e-03
1.147677607800073451e-03 7.033159752810325994e-03
-1.201482761263395881e-03 1.276299014489985003e-03
-9.055385915217005477e-04 -6.699440264624590552e-03
4.222919776245091100e-03 4.457235529271281679e-03
4.155320172114076137e-03 -1.335302640854213463e-02
4.106687937650726518e-03 4.751327623175623585e-03
-1.261209635106903468e-02 -1.771306193561132669e-03
1.389237088193676431e-02 1.801258248752201155e-03
3.830222215599571279e-04 3.213938048436624237e-04
5.625317622676652765e-03 -1.074887443614435875e-02
1.153824507382380724e-02 6.940381878280271234e-03
-8.199788904585607330e-03 -4.073814173504521768e-03
-1.309891336603645658e-03 1.058426590209689613e-02
-5.183189559148164774e-03 1.198768532258853974e-03
3.017525383355494119e-03 1.226597146908961185e-03
-8.205200954921765960e-04 -1.100121569522634520e-02
4.319800936657442955e-03 2.319336083375814900e-03
-1.680923124276109334e-03 1.069811876113901418e-03
6.837737010404256431e-03 -5.815311907072959370e-03
-1.540838187410061965e-03 -6.253464454222342275e-03
-1.305388916514544804e-03 1.711274313674550785e-03
1.015208454235722686e-03 2.679431244582819623e-03
-2.092045325188311017e-03 -6.063278515568578352e-03
7.994163919375922925e-03 6.185737080586201954e-03
2.199064843652055908e-03 2.824289966242608720e-03
1.272302750115762021e-02 3.039255041086326437e-03
-8.334365672996531162e-04 2.237830084766940543e-03
7.053037334703585876e-03 -7.005331138160218567e-03
1.522078297692311399e-03 -8.970271883042290478e-03
-1.190881384253768315e-03 -1.847782868369547997e-03
6.873660253010043658e-03 1.001025947346910819e-02
7.854334521518986992e-03 -9.204859000771298955e-03
3.644538697031286974e-03 -6.210260677769328941e-03
-3.614842180847616451e-04 2.764385855859330301e-03
6.382851895957216554e-04 8.106947145302651619e-03
-5.660107347413114928e-03 1.156819712901555573e-02
-4.012920140450180681e-03 -4.085213818927863755e-03
1.098577664867178560e-02 1.842609949368894523e-03
3.143097311585142314e-03 -7.479534697419375211e-03
7.956260831427437036e-03 9.809073023598124941e-03
-2.710644587148231411e-03 -2.992474882461010257e-03
-6.953841079493384633e-03 -5.247532204869001168e-03
-9.967838139731230625e-04 3.210361666261577276e-03
1.277405454086542880e-02 6.867752950348117447e-03
-1.263111177979690586e-03 5.718829880863654513e-04
3.256406859250132735e-04 1.345785860171258563e-02
2.876642178074699952e-03 1.238922830252856639e-03
-3.339845226117997730e-03 3.202410633503588715e-03
3.201947614545134092e-03 5.362838005544524889e-03
-1.086550540894541499e-02 -8.986700852267914472e-03
-3.924788281209420568e-03 -1.119100249967216673e-02
-1.752226880082619585e-03 -5.565078262834580267e-04
9.113022989859346536e-04 3.114406543768527286e-03
-1.161358823076175453e-02 -1.716702771683634166e-03
4.432615813964538992e-04 7.094788169526620482e-03
1.185711630391992483e-02 -4.018556078409969007e-03
-1.308312266236394406e-02 -6.343847523507475765e-03
1.839895720363781675e-03 -4.526288075032956250e-03
-3.831483502968690679e-03 -8.501895915999020323e-03
3.539243484902490633e-03 2.936929596975398817e-04
7.620354017947946271e-03 8.809239731165308812e-03
-1.417118335017876051e-03 -6.867625180842992089e-03
5.265557710923898663e-04 -4.719523492148915795e-04
6.661010272962925027e-03 1.041925823384103056e-02
9.031038146592076932e-03 5.940117800257126157e-04
-3.926640357048244608e-03 -3.099031381965620079e-03
-9.803644565589611851e-03 -4.962716315848181639e-03
4.179380750335674570e-03 3.086689872925029669e-04
4.843706363497624068e-03 2.628404204876262206e-03
-1.397767656836654358e-03 -5.023817828853689542e-03
-6.155657255890578834e-03 -4.643046817338677273e-03
-5.420027886922689810e-03 -6.969918973568790116e-04
1.676548473690312163e-03 -3.553756493538318649e-03
-1.014876369920051161e-02 -8.907446063704445652e-03
3.198035982918362267e-03 8.559006086928994030e-04
9.839951116708822720e-04 -1.328252092114593766e-03
-6.685789409154589691e-03 6.559115614448254340e-04
-3.187099356453584192e-03 5.353960934867804319e-03
-6.391234296289970834e-03 -1.250849379388127743e-03
2.317484007539032630e-03 3.772170181050815436e-03
-9.647785332712602996e-03 -5.615179264625370752e-03
1.101433964698441716e-02 6.631313756781647556e-03
-2.490969612263104361e-03 -1.698549496123852656e-03
-1.238447034342649196e-02 -2.820442219368168857e-03
7.678533821997066307e-03 2.983725581289416347e-03
-2.602363781310714375e-03 -9.435055642218386027e-04
-1.787814873234617845e-03 -7.048135780406430961e-03
-7.387092072345042768e-03 -2.086473271980964373e-03
6.335752895561342149e-04 -3.710940898540861753e-03
-7.787740665753423337e-03 -9.867093406759953368e-04
4.616080355855078747e-03 3.677540230683298828e-03
-7.775079732955058470e-03 8.488117291024464828e-03
1.237533773374419705e-03 3.192336160205780544e-03
2.708585031360282759e-03 -9.606433632097160363e-03
-5.733007640049338216e-03 -4.680023867369003179e-03
-6.621047629226490053e-03 -1.443685662294781624e-03
5.421289174295891231e-03 5.984949764922700526e-03
-5.619426145707183580e-03 -4.193095490558006525e-03
8.768159395253256536e-03 4.485463278129333230e-03
7.443419800556699654e-03 4.352930239812759575e-03
1.383717667159851472e-03 1.617969535433709874e-03
-1.152644623713686839e-02 -5.442764235418487764e-03
7.621840395739696607e-03 3.096977111168333868e-04
-8.706476262739872712e-03 3.648498646862154138e-04
-3.253915365942184126e-03 -4.049406587665321106e-03
-1.405156143076738027e-03 7.637827467226834290e-03
1.146118238629030908e-02 5.771281616709016821e-03
-1.029928280020840289e-02 3.637914152652120016e-03
8.886503315505259529e-03 1.080828555747749510e-03
7.735465777394307310e-03 -9.406981904463703609e-03
-5.439256307147380398e-03 -5.537573109910404190e-03
-4.632030464468184054e-03 -1.683900967821811518e-03
-6.068790335978940104e-03 1.035323120439435134e-02
-7.591994523076320452e-03 1.113604833172489317e-02
-1.220617590410354950e-03 -1.331288342551216301e-02
-1.154792840541017402e-03 2.794001461963789654e-03
-4.824809269209609681e-03 -2.240353687448735573e-03
-1.037998740529348478e-02 -4.356592586928025555e-03
3.234746003085002455e-03 -9.841018390933820026e-03
-1.422352082394749652e-03 6.203059175475380237e-03
1.756605436015868489e-04 1.308542301661761061e-02
-1.021300252141509567e-02 -7.707126979268416264e-03
-5.537432601115993037e-03 5.513756958933764725e-03
-4.208194082083961598e-05 -1.333447628250464083e-02
-1.244959944203337214e-02 7.651050647970452853e-03
-1.517921021325968102e-03 4.442299913386142142e-03
5.251850055087173286e-03 -4.288793636488301246e-03
5.430922858021420760e-03 9.616757898226017953e-03
-7.861309944279741557e-03 1.232285198263591459e-02
-1.094928532528713838e-03 -1.249516313068427253e-02
-1.217172540773927072e-02 -8.305267236277254998e-04
5.778189237120126033e-03 5.617398916054146610e-03
-9.226712013068487026e-03 6.947220905953237387e-03
-1.720499011190649435e-03 6.477256658925867674e-03
6.418183316950046118e-03 -2.744222853967295036e-03
2.881456516822720592e-03 1.433278778255847857e-03
-8.907787501140568623e-03 -3.544378236210578813e-03
-2.565884975668093673e-03 -3.877526522653828699e-03
-2.113370125317512276e-03 9.736980074059297871e-03
-3.698176521519214600e-03 -1.052505000489717228e-02
-6.382811985550314489e-03 -1.330685640113312904e-02
4.047038952719483364e-03 6.139245320553919118e-03
-2.463489795102598908e-03 -2.996677171584288552e-03
9.190630881182874912e-03 2.270384023502053459e-03
-7.310279511606868237e-03 -1.200653979577989867e-02
1.054778216679535738e-02 -5.348871494572022926e-03
-1.263770141945260925e-02 -6.737822791868936824e-03
8.727678948462927119e-03 4.283516721129947656e-03
1.144558668053101760e-02 1.211435654072529934e-03
-1.118656605572801617e-02 7.845936134492118366e-03
-9.355825123940970239e-03 1.909030155623687476e-03
7.667711833751231915e-03 -9.445270153555828177e-03
