1.498225199420057238e-03 -1.941087646609708679e-03
-2.260693260367560662e-03 -3.528705992644405945e-03
3.279941115735290035e-03 -6.418615717674518249e-04
6.520590086643087389e-03 8.408591137758179845e-03
9.918950366263992388e-03 8.714609780797792637e-03
7.414856802243498246e-03 -4.357735675993121456e-04
-1.316788561937777286e-03 -2.475594450459625995e-03
-1.163116654355313487e-03 -4.370029707949824732e-03
-6.397333253209925956e-03 -6.999759084951620754e-03
-2.670091154947535142e-03 -7.396831296188271371e-03
-9.743740455206333431e-03 -7.523265377584999192e-03
-2.694407272178025461e-04 1.655345719673340685e-04
5.213939882753979189e-03 4.831907583865766367e-03
-1.016904041530114489e-02 -6.705267856840476173e-03
-8.827137467716550043e-03 -5.970899775246468581e-03
-3.076503455818789794e-03 -2.712033644026097187e-03
-2.893805530962737481e-03 -1.840757873530290360e-03
9.884623660487127164e-03 7.510939694241103304e-03
-3.523341419388225683e-03 -4.979815783985247664e-03
-7.466937649373233885e-03 1.201019742303937980e-02
4.969948790638143571e-03 1.259015921338771903e-02
-2.536823732969008954e-03 4.267847859032263685e-03
-3.676678077515539191e-03 6.248562899925187361e-03
2.003242967039050042e-04 -5.498819656521446208e-04
1.942285049231257284e-03 1.246465116990926048e-02
7.316714354457153936e-03 -3.585831989271490074e-03
1.813057028384738433e-03 -6.050026794305951756e-03
1.070758662028102950e-02 -2.959744713513747481e-03
1.368409555247680244e-02 4.694201626549680470e-03
3.885751675391038024e-03 -1.830555630728497628e-03
-3.689339010313904925e-03 -3.226263731775272370e-03
8.602752592786965750e-04 -7.140913654939449280e-04
2.627015147998505284e-03 1.225271974783427153e-03
8.184605397034388618e-04 -1.597692819333647535e-03
-4.160876399622603656e-04 3.762893976166611747e-03
-4.028359187009940105e-04 -1.422083774075794224e-04
4.842317306619187134e-03 8.697382543156741835e-03
-7.993365650961746852e-03 1.125213566406827164e-03
-7.456671521819327117e-03 -4.478278862397096910e-04
-1.163558925319597634e-02 -2.779489652959419611e-03
-2.558853010487365139e-03 4.294775780510858877e-03
-1.026103819024399601e-02 1.621122106136212789e-04
3.037616898767219863e-03 -5.944758742722066648e-03
5.583799105556203068e-03 -1.388662998398552603e-02
-1.297626942744795758e-02 5.441014663898966278e-03
5.375370621094361680e-03 6.199434657732539634e-03
-1.071799906413204058e-02 -6.791759171296798438e-03
-8.952193073341428850e-04 -1.115510335942313143e-02
2.318869173251181942e-03 -1.010288394886366646e-02
-9.140954360002218754e-03 1.123426199059966366e-02
-1.134426997343864797e-02 -4.150848023917332909e-03
-3.584337457207511374e-03 1.383584918490316298e-02
-1.291406425931951492e-02 1.749003616612215340e-03
-5.092183752711997025e-03 1.197471667228668449e-03
-3.742914996510506888e-03 1.409541154745892061e-02
7.553108035871970325e-04 6.147225570361510710e-03
-6.750640486960718736e-03 -8.687155982086523440e-03
-1.243100389830728266e-03 -1.171682845186575520e-03
1.169111235518688688e-02 6.554987401332796606e-04
2.495056243151733393e-03 -1.039731579398604083e-02
4.807086554191685943e-03 -9.921095046211601820e-03
-7.370263834857893916e-03 -1.017388672237022271e-02
-8.592922939115362965e-03 9.051804350940578781e-03
-8.107823378703698722e-03 -4.739402104522392675e-03
9.254247303685935941e-03 -1.131499248215509824e-02
-9.396990758151214582e-03 1.846196199367806804e-03
1.441932529818774032e-02 3.256240903207452929e-04
5.848995674622975600e-03 -9.548366667213804143e-03
1.128118838822723263e-02 7.287316661271848323e-03
-4.123448741081447988e-03 2.497932783427534668e-03
1.051377264697280194e-03 1.032279260492375943e-02
3.773846461617590912e-03 -9.075085010065972457e-03
-9.539726797419613089e-03 -4.198426455450560840e-03
7.196050925503079398e-03 -2.026372062736084365e-03
1.428609794637167654e-02 -2.728670837503213362e-04
-1.253458187483926650e-02 3.242214467291016852e-03
8.898737439902876592e-03 2.468885394483671513e-03
-1.130129781024485393e-02 9.804808456396082311e-03
6.579945770722882455e-04 1.421912622794425929e-02
-1.190585325682679343e-02 -8.604660225998754519e-03
9.182632285389747892e-03 -2.537701875837617121e-03
6.686216800239298472e-03 8.235688923996972374e-03
-3.941382792304682151e-03 1.389072522614317497e-02
2.043366221446519995e-03 -1.117793122306639728e-02
4.059845047228288414e-03 6.193863621976495454e-03
1.052230769672689130e-02 -2.723529509182102005e-03
-1.675219815257508781e-03 -1.149430934949537131e-02
1.474947284199874028e-03 -5.565294126792697145e-03
7.095955681941712445e-03 -8.659220133069968697e-03
-4.584173178686086307e-03 -4.027906682539182659e-03
1.303819073772367020e-03 -1.138576307814046992e-02
