3.645975812973569624e-04 -5.568399106000734150e-03
-3.105657242596252497e-03 5.879191533835341141e-03
4.010605045653121460e-03 1.420017771606343904e-02
2.026393915009645774e-04 -1.066484586278772066e-02
-2.976173682740051486e-03 1.679997086356126591e-03
-4.319800936656872231e-03 -2.319336083376494911e-03
-7.031036312269364937e-03 8.068118019436004013e-03
-4.849007052002833260e-03 -1.066363263447406545e-03
5.278681662683440586e-03 2.732310360127301625e-03
-9.205912808194015307e-03 7.548587243181049782e-03
1.159668041687567010e-03 -2.159900468329007273e-03
-1.975941256099753539e-03 4.999565596374062199e-03
1.193902143673606503e-02 -5.516318258872141694e-03
-6.276391514574614777e-03 4.524036864988691294e-03
-1.447533409168540392e-03 -3.564357870547375708e-03
3.465880173307241997e-03 -1.393153525725981251e-02
-2.107021352784525705e-03 -5.423141250135285127e-03
-2.609851795109677589e-03 -6.234369315041715393e-04
-2.359761746073316124e-03 -2.632778855463310547e-03
-2.120273074045791843e-03 -1.518038896561094012e-03
-1.786553585860055750e-03 -1.760177912839466915e-03
2.505147371443211361e-03 -6.252538416302931557e-03
5.605376156030380044e-03 7.872471971380272902e-04
4.321653012494335380e-03 -5.772635034331192322e-03
6.584533598157011822e-03 -1.001956732974456765e-03
-5.340310079398374182e-03 -3.436726386529779728e-03
2.316685739124066824e-03 -3.538780465944036009e-03
-4.191243414719864231e-03 -2.472544971999933797e-03
-8.698579945778972186e-03 -6.124108663870587478e-03
7.071461974966185282e-03 -1.115538227315821234e-03
-1.479082001190196432e-04 -1.690598463367685772e-03
7.015932515169275192e-03 3.928955451844733104e-03
1.013829009169532960e-02 6.745917407158553980e-04
-9.027924783379482482e-03 -3.398025030167116899e-03
-4.153340326770806751e-03 -6.095880915012535928e-03
-2.866966838983694456e-03 -3.170191542572944193e-04
-4.907059086547287639e-03 -6.597785319417135211e-03
-6.348493538796661992e-03 -4.413233484402839801e-03
4.717926955316919212e-03 -9.356343583060578589e-03
-3.358269866380597136e-03 -2.687382277340808617e-03
-8.267308798270011846e-03 1.016373972679536671e-02
-2.900367506843079275e-03 -5.566674799667718082e-03
1.322976957510976249e-02 2.746488119309340240e-03
-1.258273508433507392e-03 1.032834826084717394e-03
2.106223084370920356e-03 -1.887809396858424436e-03
-1.001158464559490958e-03 7.264170488378403822e-04
7.671173577704479621e-03 -8.053141991840579925e-03
-1.423887907242610273e-02 3.229903416720140280e-04
-2.580825777836879241e-03 2.142274096480012782e-03
-4.338353346425278742e-03 3.147807211626090645e-03
4.644771123672155645e-03 -2.890692167752073778e-03
1.778602553112296040e-04 4.103239324985968753e-04
-5.753284356149399904e-03 -2.477845660505713279e-03
-2.995396591417398557e-03 -1.152074647148062028e-02
-1.575835392098063475e-04 -2.612502139360745219e-03
-7.745127677763989985e-03 7.207842760156736930e-03
-2.674130556078182022e-03 -5.468324871924523135e-04
-4.133989648590156649e-03 -4.252073563022554237e-03
9.870573670809753772e-03 4.105091400821804515e-03
-1.555941984510151276e-03 5.743609017058393974e-03
7.410482151657699773e-03 -2.919718185023730244e-03
5.858914817733917695e-03 5.307835449458401383e-03
6.035178536215653027e-03 -8.903741912027699629e-03
-2.967424381567096685e-03 6.647886321206103802e-03
-9.331692216374148571e-03 -4.436160544756472326e-03
8.485466946773398064e-03 8.556100203669035273e-03
8.416941304721828332e-03 -5.208176175289744650e-03
1.466682937677254994e-02 -1.922008333131196463e-03
4.231669077416685444e-03 9.425124764120116141e-03
-1.131995915581711885e-02 4.225218463373659958e-04
-3.184784261655735672e-03 -4.761002962265949504e-03
-7.890257764126135109e-03 -6.620712379771910051e-03
7.373377332123389957e-03 8.014568404981221861e-03
-1.089960822709979196e-03 -1.083568112325901042e-02
2.923294567195351343e-03 2.583476122089089187e-03
1.070865683538439229e-03 -1.372199864042471587e-02
2.317484007539032630e-03 3.772170181050815436e-03
1.346050894596433414e-02 -1.106661156638420219e-03
7.251844805025177941e-03 9.870701440315560876e-03
-1.403531364301459404e-03 -1.438784107996946265e-03
4.091506084163091389e-03 -1.497750682947372432e-03
7.984481883711399067e-03 8.833926825555055932e-04
6.071698601545682562e-03 1.061503137321566891e-02
-1.234370634659140431e-02 -6.903842032540190255e-04
-2.953041307334384503e-03 -1.410631532335822856e-02
-3.139861929883468270e-03 -1.445259233212154576e-02
-3.465922567587540522e-03 -1.251601855591371291e-02
-8.500888471378800423e-03 1.404181435962498746e-03
1.299122751616954216e-03 -7.391914393425162537e-03
-1.289673662421340385e-02 -1.337602335639441172e-03
-1.121863482135822265e-02 -3.368845960813323520e-03
5.720551305869261277e-03 -9.065386457775595139e-03
5.630342987652360055e-03 1.174996476263084032e-02
5.697976409068384847e-04 6.445760896398983718e-03
1.067313084037399898e-02 5.624492123564802954e-04
8.518963159797924081e-03 2.946746502796764814e-03
-4.184112497971835781e-04 -8.622993601937347860e-03
4.226095604443729468e-03 6.706891828444689133e-03
-4.051048059493019687e-03 -8.784006392801396680e-04
3.454214264064315709e-03 -4.885877393889990995e-04
-7.823225250529952310e-03 9.791722305220539047e-03
-6.138206918158415834e-03 -9.084058923486255238e-03
-7.480259365653485308e-03 -9.507589937858123078e-03
2.322524247175325202e-03 -9.501349138916516390e-03
-8.315720072877274063e-03 -3.119734573282852055e-03
3.432029796553166378e-03 1.440600728732522977e-02
-5.504434931105812133e-03 9.983087627743738798e-03
6.942857198054923351e-03 7.784114744347155924e-04
9.875275117620740603e-03 -9.073831046423402533e-04
4.005398771576715138e-03 4.729050473789414219e-03
3.516339467048075398e-03 6.038105909553346910e-03
5.802228846317926750e-03 1.394335503935170955e-03
-2.120815706333541856e-03 1.920919867348550719e-03
6.965161108164733342e-03 -1.112249469807017471e-02
2.921346761252809499e-03 -1.345731084417988062e-02
1.274323275480104996e-02 -1.797480173029846915e-03
9.331478544537486972e-03 1.230059989895620045e-03
-8.697131135899212329e-03 -1.761580911280621279e-03
8.712931543589484337e-03 -5.250038858511016891e-03
-1.169989401225397969e-02 2.820737063120656732e-04
3.574252290970229666e-03 -1.421230148652955286e-02
4.687473862021246211e-03 -1.077986415653653385e-02
7.135104654095195294e-03 -7.223171522179350559e-03
9.337986317230069847e-03 -9.411729188159113912e-03
9.025926142368427899e-03 1.140109866436809062e-03
6.724581113878901409e-03 -9.393670461493438748e-04
9.936005588841384864e-03 -8.278051101912242346e-03
1.160027314906416154e-02 -5.903833533268592303e-03
4.961829630572375631e-03 8.253660520875510595e-03
-1.244507193926894240e-02 -3.687408592841473921e-03
3.883714714217842336e-03 -8.131156736360469622e-03
