-8.381464673406007967e-04 -9.580057959077712543e-03
6.325694247947694256e-03 -3.960504043865294317e-03
9.510606279109235298e-03 -1.055643728744632900e-02
-1.059341433747597316e-02 -9.933255894949907794e-03
-2.837813052206231319e-03 -8.908244332118732747e-03
2.274408000588641447e-03 -2.399389140355170664e-03
3.731616748849548443e-03 2.086872406188908929e-03
-9.955129147880823967e-03 -1.826308749646575295e-03
4.059492819122288709e-04 -2.661804872734967013e-03
6.418999026188997037e-03 -1.271397460192830522e-03
-3.583708548730529016e-03 -3.962739428212231577e-04
-3.539706503862087138e-03 1.729299819730347951e-03
-3.229840113946892601e-03 8.516345039882515511e-03
-1.114647355109361741e-02 -1.651098838588916339e-03
1.121155058047686864e-02 8.885445041269545569e-03
-9.534522680149822016e-04 -1.333195142402732528e-02
4.059492819122288709e-04 -2.661804872734967013e-03
-3.549509612456396533e-03 1.216433234958154939e-02
2.467244283495295763e-03 -2.629202473291689015e-03
5.040119028575328758e-03 -2.428415157628188020e-03
3.153107900131869694e-03 2.776312404995743503e-03
-1.421157736147951557e-03 -1.762637184785293461e-05
2.322912465548116444e-03 -9.146806966225483684e-03
-1.880784402019628019e-03 -4.032989376600195752e-04
-4.676575254700686413e-03 1.226293781632748978e-02
-2.054270006744489483e-03 1.670321747265121094e-03
5.974348387912963021e-03 -2.297207291437609617e-03
5.379937473680448598e-03 3.078355531657612967e-03
7.218571906671599793e-03 -6.735890410941844375e-03
5.223152202886530496e-03 7.776804039287855963e-03
1.496037874126873290e-03 -3.183059955321576855e-03
-2.940920939036619484e-04 -1.162318385937930859e-04
-1.602338834622347606e-04 -1.831481668647908997e-03
-7.937963960669501551e-03 7.437656093091894391e-03
-6.499052083167891798e-03 -5.322811477055186362e-03
-1.287299525706524315e-03 -1.732876201901969049e-03
-4.118215352579765454e-03 2.418739818537182090e-03
-2.615152483614315623e-03 9.386040099240034601e-04
-4.646495430006314029e-03 -3.742729203870024356e-04
-4.375330396453783188e-03 2.725157595784059427e-03
-2.088596712521925865e-03 4.666516607091118806e-04
-3.704315037910689903e-03 -2.586126466341298266e-03
-8.337718167553747825e-04 -7.096113341652615300e-03
7.941540342841123951e-03 -1.226466212266050584e-02
-5.012945087141135875e-03 1.328609730332142025e-02
7.252898612449036608e-03 -5.532220324385835920e-03
-1.397304637876268553e-03 -7.046810608279755264e-03
9.712064093672809163e-04 5.538574820312485141e-04
0.000000000000000000e+00 0.000000000000000000e+00
-3.002549355760640755e-03 -1.866734412343396075e-03
-9.372245648575415131e-03 -3.180413102853076740e-05
-4.694999894963286687e-03 6.373144905483092877e-03
-3.879652718473014517e-03 7.579465336291529853e-03
1.203670086556008888e-03 -3.432670577743605640e-05
-1.283879632079295945e-02 -4.768155726609190834e-03
1.465159781016393218e-03 2.143200134399424368e-03
7.211419142328357595e-03 2.918121648195377664e-03
1.620092975973990487e-03 5.536722744475508148e-03
1.822349058964555912e-04 2.894268549923694443e-03
2.419665856455233219e-03 7.222979372535132982e-05
6.286098505055054582e-04 7.185043469308911510e-03
-3.240441490947299462e-04 1.164042692273935123e-03
1.769853251930472628e-03 -8.646499098644935301e-04
2.398590871940423867e-03 -5.036542646403707225e-03
1.196645091718573578e-03 -1.737250852487195064e-03
8.834290232059222384e-03 -3.683112283890073880e-03
3.200686327170571780e-03 7.488013797756084243e-05
-1.040852908732730828e-02 -7.820007815741551044e-03
3.091479483415575207e-03 2.071896378592123517e-03
-5.104270020039386110e-03 -8.851916603908218176e-03
-2.020741569381800766e-03 -4.436958813171219124e-03
-1.375990172837377422e-02 2.552470259474162902e-03
-3.217514430603678026e-03 8.657228245162740254e-03
-3.143304791535058394e-03 -1.321134493484716309e-02
4.610316648391415799e-03 7.262573951538680780e-03
2.479569966838511205e-03 -2.488319268011466006e-03
1.303083433528486740e-02 -2.772608253319676190e-03
8.288256013281517301e-03 6.301968919180456381e-03
2.770085678571912891e-03 2.454918600152080754e-03
-1.252707785504030349e-02 -6.073081624164710507e-03
1.448268476588875087e-02 2.202293907294996644e-03
-1.275718203744347599e-02 7.139982006800389691e-03
-9.444503472009894637e-03 6.607045216562974776e-03
1.412863184741733683e-02 -7.447020526821204658e-04
-4.869175020958581984e-03 -7.647079243759024453e-03
4.804951446627433727e-04 1.412921287537686858e-02
-8.213858899594526572e-03 1.062987393960588937e-02
-2.843636372572231393e-03 1.218756881334731590e-02
-4.913899642290326178e-03 -1.760121439809351389e-03
3.993062863721065503e-03 1.237427243619267092e-02
-9.704646385772463385e-03 -1.059683379914027820e-02
-7.315694164089120953e-03 5.479430851098895765e-03
6.561481439391653354e-03 -4.145359532339928260e-04
-1.242006312346022020e-03 -2.326069301993419040e-03
-1.149279160404213969e-02 8.022272554743917899e-03
8.457032322045154177e-03 3.857871059844583412e-03
7.023084900084945563e-03 -1.174584668740636002e-03
1.220795731607220332e-02 5.429351992055679588e-03
1.012733325768071409e-02 -6.300654320986407743e-03
-1.369209537186244323e-02 -1.356397652588115345e-03
-1.826367631606784633e-03 -8.739985558788611331e-03
2.713351001032698363e-03 5.694328359380602771e-03
-2.742640951525371698e-03 -8.524372568027592523e-03
6.177331505837515419e-03 5.621944533027083656e-03
1.268174498180008568e-02 7.428381386030513504e-04
-6.144648037843341258e-03 4.843930433087132760e-03
8.499858405698014138e-03 -5.756888435491675643e-03
1.694328684917444094e-03 -3.360368357319158065e-03
-6.066906608863735203e-04 8.531235271287025690e-03
-6.505668929320651724e-03 5.143336879224718293e-03
1.435057795905007318e-04 -3.715904432574437984e-03
2.210655668190132737e-03 6.066427344556991766e-04
7.721824577244741118e-03 -6.958073012436990189e-03
-9.113220497934421127e-03 2.014568541609038489e-04
-3.580491259097432193e-03 -7.842684376083155010e-03
-9.382537812171723793e-03 5.743800266611014810e-03
-3.029717948360010770e-04 -8.770851838097001169e-03
6.222504829223931937e-03 4.312128501372509623e-03
-8.570128926325061569e-03 5.593802565995789448e-03
-1.363393815402719482e-04 -5.890936024394250120e-04
-1.439490655767705846e-03 -6.526811096422616837e-03
-6.322320567935144856e-04 -1.136392143334838964e-03
-9.215917031018502556e-03 -7.648361696265051912e-03
5.511081869745922124e-03 3.043176764154052836e-03
1.484570766587023534e-02 1.718747387263662397e-03
2.857118685991554431e-03 2.500546399008819233e-03
-1.010988177486817552e-03 -6.578657976654496767e-03
1.073319356448069160e-02 3.428323713333383729e-03
6.519699266184445473e-03 -7.987925640485176934e-03
7.259648618339163348e-03 -7.571870864519797406e-03
9.777493923220875564e-04 -3.811839499233188235e-03
