-8.144850233252388244e-03 4.261621132607753062e-03
-3.733341055182345936e-03 -5.351837494326843261e-03
-3.187434605914530195e-04 -3.979982491553817037e-04
7.678965189560162975e-04 -7.449183508021504918e-03
1.020636912244806717e-03 -1.023954590269347993e-02
-1.185963887866632767e-02 -6.557359656721674021e-03
9.643410682126806258e-03 3.131234647200953087e-03
-1.028699656022773537e-02 -9.676140851074748611e-03
-1.457962355545177474e-02 -1.137794788759153609e-03
-1.365085546949972115e-04 2.496270300768313119e-03
3.945496364884254481e-04 -6.848673636868462915e-03
8.607925511791021667e-03 2.653981609481423799e-03
-2.538420269797930957e-03 -1.035405343495311367e-02
-9.495502482009147288e-03 -1.440636183834408980e-03
3.412873288258095640e-03 1.688874157033527171e-03
-2.107021352784525705e-03 -5.423141250135285127e-03
8.635227222728518448e-03 2.154727549327892146e-03
-6.064204553487309926e-03 6.138030884042154633e-03
-5.576222369254277798e-03 -9.378472375000607500e-03
6.797646597162585944e-03 -3.433948272772904993e-03
-3.299291793916512162e-03 -1.201945780221850288e-03
-6.773921268395348937e-03 7.761700242189127109e-03
4.900034091708710231e-03 4.894861172708737419e-03
-1.746127923163235188e-03 5.192401879280716080e-03
1.018401644289542753e-02 6.065130591406721512e-03
-1.026608099660887216e-03 -6.866300008717457840e-03
-1.000615618758670181e-02 -5.654806658907905736e-03
-2.087383484203485413e-04 4.915936157223545905e-03
2.919718185023730244e-03 7.410482151657699773e-03
-7.576942761543766121e-03 6.696263016659771694e-03
1.939762474484855092e-03 1.888735434777617014e-03
1.296470349847889982e-02 5.395967308699732221e-03
-2.285009377599059397e-03 5.523471023212881553e-03
-6.394347659502566152e-03 1.553163870753276540e-03
-6.016498356943943485e-03 -7.920337588821648941e-03
-3.297695257087018134e-03 1.341995551376284554e-02
-1.085675610777382151e-02 -4.018811617419078275e-03
-2.894396319426998342e-03 1.153917111174321969e-02
7.825979003157630676e-03 6.697316824083629494e-03
1.280539565293357246e-02 -4.814999188012319617e-04
7.131653275752138955e-04 4.906260818132539975e-03
-2.370363123082372750e-03 4.913030273955423322e-04
2.846690122883631900e-03 2.519197361120585187e-03
3.020303497112940012e-03 -1.091135952965268004e-02
-2.783337399834539486e-03 1.450183753420968696e-03
-1.433483419492527456e-03 -1.585095771292181505e-04
8.667829622173156903e-03 9.343254774596757017e-05
-6.957944947428369893e-05 1.638645385741254899e-03
-6.066088280712845192e-04 -6.122256588033125196e-03
-4.535692049420463404e-03 1.225061213298427390e-02
-2.574726820917494843e-03 7.891183802044185805e-03
-1.135942712920548579e-03 6.487652437742727485e-03
2.471618934080522210e-03 -1.452578558665913386e-04
-4.138364299176524978e-03 -6.736018180446291456e-03
5.555817883640464406e-04 2.293758678770653307e-03
-1.210695081394805306e-03 -1.668597440933465050e-03
-1.440706398864632573e-02 8.345700851689792643e-04
-4.472211556866705767e-03 4.863057041680205785e-03
-6.510451728593056112e-03 -9.509680241189824579e-03
-4.280173542376159573e-03 -2.677706938249803121e-03
-2.399389140355170664e-03 -2.274408000588641447e-03
-5.854060740518108111e-04 -1.237042035374968929e-02
2.427616889213440789e-03 -2.270831618417020782e-03
-5.446068310487556761e-03 5.090220030363155033e-03
-7.077688701390015893e-03 6.723564727599772549e-03
4.005559896156452547e-03 -6.951653754200771626e-03
-7.811130745065291911e-03 4.019482116330521174e-03
7.440434206843325347e-04 -4.199992715896025885e-04
7.777730077207267549e-03 -9.269137761739803388e-03
2.729660015875092112e-03 -4.497661191968102892e-03
-3.873298222544518683e-03 -9.385497369838041726e-03
-8.731310114728055988e-03 7.294122543559461436e-03
-1.048618733906174494e-02 7.518635187989982163e-03
-1.138423791678562155e-02 4.991262906490854384e-04
-6.553655505045389434e-03 -4.324303356747905350e-03
3.392596572158033518e-03 3.891052363896817939e-03
-1.778602553112296040e-04 -4.103239324985968753e-04
2.186403910854260463e-03 -6.650536665458532323e-03
1.077060409387575919e-02 -8.324307025390607559e-03
-1.141856462256305924e-02 -7.045437959069238837e-04
-9.176886790922359274e-03 1.031429827116659564e-02
1.969586760171258139e-03 1.196539710975551112e-02
-1.858911149091213751e-03 1.201642414946274898e-02
3.506305836004063210e-03 -6.978955465139629298e-03
5.555817883640464406e-04 2.293758678770653307e-03
-4.397203649384699362e-03 -9.694565491338489466e-03
-1.846457696242191854e-03 8.003711488959894217e-04
-4.929986146900920164e-03 -3.614586641839647764e-03
3.950828704775650145e-03 5.403790571953273267e-03
5.881043609672803422e-03 -4.986313875111434736e-03
3.235939070867419748e-03 -2.767435334319702945e-03
1.098837893386238329e-03 4.446634152262225054e-03
1.331339901426006021e-02 4.513691026986242465e-03
6.855698631708401214e-03 2.097473783197965555e-03
7.885883113538407624e-03 4.136767762347030516e-03
1.600742297793339734e-03 3.692915392485525590e-03
-3.944218669837606592e-04 -4.508262568977158651e-03
1.265298503272303809e-03 6.700893206261834953e-04
-1.904509730788007341e-03 -4.731050907074881018e-03
9.676013081571444713e-03 1.069939645619027643e-03
-5.940418001326783562e-03 -1.492634112465302540e-03
2.144405607797124965e-03 1.194232275592793484e-02
-7.465539061683781549e-03 -9.613273572102400480e-03
1.500776709298065267e-03 -5.562646640202460573e-03
6.587547789098912102e-03 1.020891230814056395e-02
2.240814099853140340e-03 6.227293558406054100e-03
1.094284550939943375e-02 7.157351022732646659e-03
-4.659938375087403599e-03 1.070627898664582413e-03
7.098824641863347301e-03 4.110427006730901257e-03
-9.017825699235188994e-03 9.403137276705801281e-03
3.835707924090909094e-03 6.860127438197641085e-03
5.913555062786165183e-03 -1.230077688806200178e-02
-1.123244665317189514e-02 1.403733503023468472e-03
9.783046704121623957e-03 8.315369531452950630e-03
-8.628761343575092405e-03 1.204128709008958457e-02
-2.985652941641874815e-03 -1.290516099856140082e-02
-8.065318268789542847e-03 2.973385080047663206e-03
1.145450880171094803e-02 -3.248669621026461195e-03
-5.638851723919728262e-03 -1.292889601149865147e-02
2.580488954433901409e-03 1.054444217562952070e-02
-1.378203453123173945e-02 -1.959399571391188394e-03
1.005454801582073183e-02 -9.687524408175300292e-03
-3.354403691645974159e-03 5.902022085687084856e-03
-1.721598346508292077e-03 -1.094283390662142757e-03
4.052030251410042826e-03 1.364640086795135265e-02
3.276385756484757796e-03 -4.232545303942555903e-03
-8.177497627102063571e-03 8.852268464326035896e-03
-4.505147835237432313e-03 9.657605405094273759e-03
7.002629855780023900e-03 2.227948135270249857e-03
6.671109021150122172e-03 3.646523919992141101e-03
1.969815532009455347e-03 1.535564098609002804e-03
-8.758469449456443914e-03 -9.265640931926336782e-03
-6.948090844473597469e-03 -1.255728088304602225e-02
-5.305402569376048774e-03 -4.853050386358213897e-03
5.813932545978838483e-03 2.220264315710532808e-03
-1.149205036112412558e-02 6.491413540749945386e-03
-8.027967007609090877e-03 1.325569511968510954e-03
4.865855586995683491e-03 -1.367938220260261559e-02
-6.096268742193303516e-03 -4.991598117218503002e-03
2.131826949696286858e-04 -1.404244888866214465e-02
1.421260314344526855e-02 -5.163866205012138588e-04
-8.090236978851365196e-03 -1.213338632602777370e-02
-6.622674907730211578e-03 3.124438410037169798e-03
5.739165096078095198e-03 -2.258558179904881277e-03
1.625058773674780029e-03 4.305049978047113812e-03
-7.115525379774660653e-03 -6.198646961632473017e-04
-2.751212635133155979e-03 -1.456630346996729865e-02
-1.367908196555395542e-02 3.630502195676674378e-03
6.716704645060027519e-04 1.598093146845784747e-03
2.264019195187370209e-04 1.262929577718635218e-02
-1.746695122802485343e-03 -1.058420067676032160e-02
