1.435246056676882723e-02 1.639380351383017478e-04
-5.292061153445992705e-04 1.252972819930230249e-03
-6.914804473675571078e-03 7.774025925532342986e-03
-6.433049015865228114e-03 -2.134450833227830458e-03
-3.061527428223365273e-03 -3.352170909461212305e-03
-1.363134420643676535e-02 2.399261370850724016e-03
-1.216618442541901254e-02 4.542461505251291567e-03
1.382328610280139300e-04 7.686947873721236600e-04
1.280711995926773344e-02 2.783465169337842951e-03
7.797751254298219102e-03 1.124255644309065175e-02
3.881377024805812009e-03 -4.314500248153595521e-03
1.347813531781196644e-02 -2.527818892788874332e-03
3.187562375412609540e-03 -7.376953714295011490e-03
-2.630128511209740144e-03 1.578741275359118795e-03
1.409892190506393042e-02 -4.356650217183213360e-03
1.045160509426790738e-03 1.399156713715091508e-03
7.832875064587782599e-05 3.329243849107580214e-03
2.736557241209223307e-03 8.562199160588420538e-03
-1.302645968469849820e-02 5.256552870743412542e-03
3.986081448471136789e-03 2.561475099654868248e-03
-4.159129988511070866e-03 1.367662392692960485e-02
1.019359291612358283e-02 3.167704992711035256e-03
-1.291750147306838618e-02 1.302619737061596738e-03
3.540347552067461302e-03 1.949391419982845998e-03
-8.558288996066927556e-03 9.934856753295626119e-03
5.197011679334609044e-03 -9.678764830229816610e-03
2.213981002237372028e-03 7.742331284183142162e-03
-4.882650170203240055e-03 -1.203464286676017569e-02
-4.699461699865774972e-03 -1.063473461541480578e-02
-1.129945266699398584e-02 -2.769392902880564011e-03
-1.013040831301667728e-02 3.806378959580139758e-03
6.443749093062191985e-03 9.276077819453516088e-03
-1.306888481379806129e-02 -6.400778788461923986e-04
-1.194833668928392718e-02 6.321995184527125743e-03
-5.125865743855874748e-04 -1.038034206901362107e-03
-1.128074338982755151e-02 -1.098186352278230369e-03
-1.374505037827708671e-02 -5.501022634394466156e-03
-4.746485199788476501e-03 1.179572364315507275e-03
-6.904168067057701863e-03 8.642596554169601486e-03
-1.134798333827449421e-02 -9.352821601030880325e-03
-4.557693941936459200e-03 -1.355411555299893163e-02
-1.017644615227732488e-02 -5.971533868294670111e-04
1.097694558312578865e-03 7.727833260996469153e-03
-1.690936907274251041e-03 -1.351041828665696526e-02
-1.242283791120159242e-03 -1.362416990385079303e-02
3.001080281202468582e-03 -8.972757063658737611e-03
1.003694086267754686e-02 -6.912160987108215138e-03
4.961255224055252135e-03 -1.165071776316795081e-03
9.926461244919698376e-03 -3.580162043353281916e-03
1.909309944746613065e-03 -1.047179946092382900e-02
5.885179802720739636e-03 -9.137795785961539546e-03
9.725401541912717662e-04 -4.817786490694856393e-03
-9.573852726231651955e-03 -3.843243210005242456e-03
1.030605696295798859e-02 -1.041902868567497545e-02
-1.368526324007113618e-02 -4.066713768896216240e-03
5.268047169562100999e-03 6.559830361005601065e-04
-3.574764055446710397e-03 5.926068511808574302e-03
1.466988943028733720e-02 -2.896977832439345986e-03
1.264671790701549356e-03 1.471618806773557914e-02
8.364647751186817296e-05 6.798084985310873067e-03
1.365493767598645845e-03 8.424483831673219847e-03
-1.034744736507953698e-02 6.115800481144733659e-03
-1.249186394085820620e-02 -7.563359553669226319e-03
1.380524701961439483e-02 -5.683515498942783885e-03
6.675355262869019958e-03 1.048325534939958600e-02
1.950704172106724641e-03 -4.979634435688263389e-03
3.219350204886671594e-03 1.296448173889217306e-02
-5.728478592542434779e-03 1.504793974984372680e-03
2.479808321326850123e-03 -1.799198513415443523e-03
5.645405836204065234e-03 -8.025772635474890185e-04
1.230142262526763390e-02 -3.601422822205411784e-03
