-8.261082071845391936e-03 4.555713226513236416e-03
-4.292115917210119046e-04 -3.688939876107782696e-03
9.662761360308816383e-03 4.975041999192076660e-03
-1.022233449075089827e-03 -4.382355391293040608e-03
7.607437546147054978e-04 2.204828551116180292e-03
-7.813190300854028561e-03 -8.579426398229471340e-03
5.709282311281529618e-03 3.522718979534619418e-04
8.808249808494926156e-03 2.104099643829278853e-03
-1.244558768211855015e-03 -4.895260306915539227e-03
4.672408084066736501e-03 5.943997198515092728e-03
-9.873224015063325476e-03 -3.324070930107606969e-03
-3.177296247857343617e-03 -5.081071594982935688e-03
1.228414057034696305e-02 -1.571588511015876814e-03
-3.274177408271056362e-03 -2.943172149088610790e-03
3.523804438347251031e-03 2.956823004558040494e-03
-1.407990647633842671e-02 -3.133485857247039937e-03
5.566674799667147358e-03 -2.900367506842399263e-03
7.955462563012690239e-03 2.498122376605775401e-03
1.917761452050634153e-03 8.259485535018314594e-04
-2.706397706067098594e-03 1.084840594080902984e-02
-9.308302137062062290e-03 -9.442352001760486932e-03
1.333771513149212967e-02 -4.538485988871725912e-03
3.063714753516549004e-03 4.594143218173080481e-03
6.778631168435724809e-03 4.056187801656207723e-03
-2.693481234260193449e-03 -2.390639839183576754e-03
-3.421622589429689984e-03 -6.656763391882362935e-03
2.449617911646871996e-03 -1.208044737143057230e-03
-8.212242357432127104e-03 7.142238827062017369e-03
2.940920939036619484e-04 1.162318385937930859e-04
7.654345474270232361e-03 6.789663913010818459e-04
6.678764414316583006e-03 -2.358835708153904538e-03
1.723663881769417743e-03 -4.232195981128613477e-03
1.263111177979690586e-03 -5.718829880863654513e-04
4.147704388811808592e-03 -1.676021569977703034e-03
1.337528296998796804e-03 -1.749576535830410506e-03
-5.425328575427898134e-03 8.650490440719766499e-04
-9.162677380346322294e-04 7.781577824081706979e-03
-9.039420546914163530e-04 7.922461029361929988e-03
6.113044267900573890e-03 -3.551505283493373247e-03
-2.901756563720155752e-03 5.023035386139038626e-04
3.876874604715569057e-03 4.558491340270111152e-03
-3.167285659312547418e-03 5.174775507431721155e-03
-1.760513162295188148e-03 -7.547389840559500310e-03
2.384413112759746142e-03 2.914545266023756999e-03
7.765276624358816160e-03 1.946915238826275180e-03
8.493386328139187168e-04 -6.923952909054648108e-03
-3.060266140848802961e-03 1.935786958105751090e-03
3.962739428264473317e-05 -3.583708548728464479e-04
-6.131931927122770236e-03 -3.152948479231360360e-04
-2.916604821812495384e-03 -1.021449540180024637e-02
7.130312277925605902e-03 1.172683447564875844e-02
-1.728373781810935931e-03 -7.585692062715360465e-03
1.396506369462092046e-03 -2.641400387132742875e-04
-1.130107149659549323e-02 4.289321977754556592e-03
-7.405979731567239113e-03 -5.953273403397474524e-03
6.449749349793670221e-04 4.759278655933151360e-04
1.460912899935832426e-03 -1.169768068887129531e-02
3.042176750041353846e-03 1.508363557470088082e-03
-2.750271981430304526e-03 -2.634104027588844363e-03
3.079489049527510923e-03 1.126495659973213680e-02
6.576582565399021960e-03 1.341104679170417903e-03
-4.547889963259802923e-03 7.527927218566072155e-04
6.595134975165496856e-03 -4.126038615832628223e-03
-6.053475406967222076e-04 -8.342987204661615839e-04
7.882099251417440736e-03 -1.172710584035157808e-02
-5.020305331433720826e-03 2.249229730191424411e-03
-9.442288117008154971e-03 3.629834034139251507e-03
-6.592149381458708643e-03 1.267896157153820640e-02
-2.770085678571912891e-03 -2.454918600152080754e-03
5.617829608878259842e-03 -1.042880580342737083e-02
-4.256320444103114595e-03 -9.706891174680563894e-03
-4.248369411338541132e-04 -1.204995258682223149e-03
6.486263380865650574e-03 7.204921051202170523e-03
-2.259431972993788083e-03 1.759251874920735774e-03
2.154136760864202010e-03 4.744701762544310288e-03
-1.076126400424047558e-02 -8.773272503338584716e-05
2.621714459493296526e-03 2.787312916212282814e-03
1.039524571468363086e-03 -6.372745771275828766e-03
1.426836810865871399e-02 4.197279068867843660e-04
-3.706965382167419563e-04 -1.805105995634390353e-04
-8.241140605200479238e-03 -6.980408406770289773e-03
-7.010168807705040653e-03 -7.513989172700795936e-03
1.139689884958398729e-02 8.975700341051374292e-03
5.295413647997499959e-04 8.080970606490005606e-03
-2.617339808907499787e-03 -3.033682987878651496e-04
-9.336066866960517768e-03 -6.920105162180209546e-03
-1.139854344546530236e-03 1.980715040892924109e-03
-3.064177772482378479e-04 -2.571150438751583153e-04
-4.359428330939517371e-03 -1.960965228503648572e-03
7.587751618504667839e-03 1.087053473274837527e-02
-3.691989354566904170e-03 -2.445243261061755269e-03
2.755109650975127479e-03 3.095055865586053990e-03
2.048969318239851883e-03 -1.082808058369459864e-04
-3.434874310692316579e-03 -2.751661038309312617e-03
1.065437225527424018e-03 -8.030214931488793796e-04
-1.252627958662669641e-02 1.237869022828999056e-03
1.285112200413911308e-03 4.909038931894201029e-04
-4.664121801854167505e-03 1.046884815760949121e-03
1.675622435770900576e-03 4.922290653149538099e-04
6.767790660084684051e-04 -8.896317782982780115e-03
1.171530706071756888e-03 3.975516378423556499e-06
5.166824474674874476e-03 5.510347071456061195e-03
2.107021352785096863e-03 5.423141250134605115e-03
1.462174187309033414e-03 -6.409722821305473793e-03
-1.219647173006580161e-02 -3.511207390300537245e-03
-2.867302088438845181e-03 -9.650962580677531141e-03
6.615283921762255513e-03 5.028719383150844456e-03
4.237560554386155497e-03 -5.516845162582248267e-03
-2.952783603427394047e-03 -3.326194370648568027e-03
3.525991763640434762e-03 4.198795313269909103e-03
8.733992110374483309e-04 6.737742486780449840e-03
-3.720217103424384129e-03 2.099996357945729288e-03
1.317079150264567969e-02 1.261051622190380826e-03
-1.451572810299976788e-03 3.285640938446621022e-03
-2.105760065409963393e-03 -1.351833825683217312e-04
-1.486622763555761444e-02 -1.574095260069252773e-03
-2.589575079009044309e-03 -2.825615138368142536e-03
-1.016525655317824725e-02 9.158605745858592120e-03
9.008238855742319029e-03 -7.779725748244243830e-03
-6.054992233355330211e-03 9.082927339464924241e-03
-9.680930461566168883e-04 -3.357870732173114450e-03
1.477245983835785703e-02 9.079814558233152699e-04
2.588186022130036217e-03 8.894593476649302610e-03
1.325660826708937798e-02 4.270226838581654867e-03
6.842670798068613280e-04 -9.216386415699768034e-03
-6.014774050610354958e-03 -4.655372500681893150e-03
2.364136396659684020e-03 5.116723472887047333e-03
-1.302738572262335292e-03 9.302538429592117908e-04
1.207581718182780496e-03 4.472610691074189321e-03
-7.472445817829716577e-03 -7.118641267799446018e-03
9.106716552984384788e-03 4.704276099847489942e-03
7.028721217472876440e-03 2.046845877698891258e-03
-9.298754567475722016e-03 2.836487880080697504e-03
2.194227174105872064e-03 2.363338128244256344e-03
1.152373206518740763e-02 5.557526364288179616e-03
-3.183522974281963527e-03 5.269549052991924325e-04
-1.625856683438224592e-03 -1.951689023619445533e-03
1.073349927434202183e-02 2.609979564613662800e-03
-9.738567536208511026e-04 2.271629886829483816e-04
-2.313572375912260806e-03 7.347672158008097245e-04
1.001503325826159918e-02 -7.342403120900228147e-04
-3.372958703579276990e-04 5.069145045847664802e-03
-5.036287107401181233e-04 -2.511246328363737641e-03
-4.072361231873861294e-03 -3.547657536618934685e-03
-7.471184530455154266e-03 -1.830683400232482189e-03
1.248135150383476114e-03 6.825427734692766490e-05
1.655345719670267297e-03 2.694407272178924589e-03
-5.208176175289744650e-03 -8.416941304721828332e-03
1.082150336407833313e-02 6.861127089717485895e-03
-6.052677138558840847e-03 -1.032036557669970597e-03
-9.327317565788924292e-03 -1.952215927331374216e-03
2.512044596777913280e-03 6.807321936252911862e-03
-4.151153001478193744e-03 -4.853908606299988174e-03
-1.950363851493911718e-03 1.235346448081235757e-03
1.189051697177795006e-02 1.231099566999314075e-03
-6.669759574135878527e-04 -1.538714746869100690e-03
1.346143498388295556e-02 -5.152646715493515439e-03
7.305522188983264859e-03 1.291817887886155362e-02
1.166945294001438607e-02 6.006152518942636104e-03
-6.546502740703728437e-04 -1.397831541588877248e-03
3.262314743879140026e-04 7.792961643793344586e-05
2.962123693063248818e-03 -5.085845379776106692e-03
1.255623164181868820e-03 -2.518143553700590617e-04
3.319568510016574284e-03 -1.000232426641439829e-03
-4.123053022124588407e-03 1.957787980539972029e-03
-4.256911232567376323e-03 3.673037810592946588e-03
8.212705376392513343e-03 -9.165231606488084826e-03
4.402632107393783176e-03 -3.224411655937809221e-03
1.504324156340012576e-03 3.807822058953785199e-03
3.627710593598399737e-03 2.521847705373474711e-03
3.744740700606939525e-03 9.538706258462160623e-03
7.078023950845165752e-03 2.610378698820464607e-03
-1.012297881464339563e-02 8.019214420270407220e-03
2.518143553693787248e-04 1.255623164181297879e-03
1.781715916314662506e-03 1.299226074842937083e-03
2.223716210338485925e-03 3.106056376803055172e-03
2.348362100648722535e-03 -1.554089908672008115e-03
-5.723332300958332286e-03 -3.758120191373441610e-03
-1.049527188968905900e-02 -6.783197473278409877e-03
1.831481668647338273e-03 -1.602338834615545321e-04
-8.982070662673577455e-03 -9.364422385323232373e-03
-1.383246677155541837e-02 -4.361807310489480144e-03
1.312413911351980331e-03 -8.350166964791560890e-06
1.480724956309431919e-02 8.865876295211655433e-05
4.476123188492907301e-03 -3.561196448279009379e-04
-1.485436497117026498e-03 5.897807246454673646e-05
-1.957388846331347028e-03 -4.675776986285235751e-04
-9.401271665848432921e-03 -2.797515159015216777e-03
9.716438744268265926e-03 8.022519437739211723e-03
6.196082918587400047e-03 1.159562660945885962e-02
7.443786701394825012e-04 8.913944154830634459e-03
-1.786553585859484809e-03 -1.760177912840147360e-03
1.898410773868051786e-03 -1.017858798488612644e-03
-3.809019461575443525e-03 -9.462101814150442047e-03
-1.150185881225842394e-02 6.862196722833908274e-03
2.871469259074726707e-03 -8.555972434164589926e-03
-4.877570050315463944e-03 -5.855067070860158276e-03
1.102931567457984124e-02 5.991176491346531137e-03
4.981140956111461925e-03 -3.913851654744643360e-03
-4.407390066500510573e-04 3.481127565605023413e-03
2.442002128344604450e-03 1.046896010142137415e-02
-6.154858987473243179e-04 2.667903829661640285e-04
-4.907985124466127634e-03 -2.551799760564542763e-03
-8.462667655924429461e-03 -1.823626754009020218e-04
-6.943702721443352488e-03 -6.348621308300646769e-03
4.824355685316973098e-03 7.845968528862796477e-04
5.464157701294435586e-03 -8.534370545938313110e-03
4.481423876998115625e-03 -1.918160586256756383e-03
-8.134584105697121453e-03 -8.196404176670194983e-03
-1.188694058961155091e-03 -6.058105596569989416e-04
-1.429613283855717121e-02 2.102518932693492153e-03
9.841882902993249332e-03 1.067332379925649624e-02
3.658588686705587087e-04 -2.804412384349129614e-04
2.728270958996083587e-03 1.571317146313058700e-03
-1.164840960689471436e-03 -7.634994796088900512e-03
2.991277479839351064e-03 -1.367707055763868647e-02
-1.193994747465003175e-03 9.562303817729982764e-04
1.848645021535375802e-03 4.416011598158791880e-04
-4.557565302350808853e-03 -1.691109541389550046e-04
1.347641101147916895e-02 -5.792783980926809531e-03
4.921699864687780444e-03 -3.376295372435713857e-03
5.791315213602332874e-03 -1.250242648835433318e-02
7.734398531249126255e-03 7.273175328549098297e-03
-2.410788785779764253e-03 -6.461276764723959676e-03
-6.370239022219488598e-04 -2.818989277737509250e-03
3.239387683533234176e-03 3.762494841958667624e-03
-2.839665128045625216e-03 -8.162732144115061915e-04
9.974479826060903345e-03 3.670116101637238299e-03
5.671842242292068209e-03 1.952615061538176674e-03
4.402759876896649273e-04 -1.458134786178957908e-03
1.153652076749100974e-02 3.675416790142337770e-03
-6.449749349793670221e-04 -4.759278655933151360e-04
1.500747774168391478e-03 8.634828088522398387e-03
-2.817664105610177177e-04 2.465136668711068006e-05
9.433411046332685138e-03 2.759212936859357056e-03
3.723665716090770149e-03 4.429933818331961703e-03
-4.030211262842882565e-03 6.669887343640323873e-03
3.828497909261901165e-03 -5.102703970655763331e-05
5.294120709237320165e-03 6.918031526565891418e-05
-3.953479049031722453e-04 -4.622770101238858121e-04
5.797286401018413374e-03 4.603419423056603725e-03
1.104138581892017811e-03 2.884593210832689381e-03
8.394940282288178984e-03 -6.270963056566212709e-03
6.356444571554079395e-03 2.070172072258645579e-03
4.113249913529707855e-03 8.477244549311910293e-03
1.117861293157786963e-02 1.612796616433057051e-03
9.323868953122538272e-03 -4.577714248946316775e-03
8.414626209925340702e-03 4.906787721845149754e-03
5.608824768692549818e-04 7.317177373417977542e-04
8.232982092496220553e-04 -1.136740981335295593e-03
6.264528850191786007e-03 -6.687912849694979157e-03
4.211184881366136085e-03 -9.063576661282450944e-03
8.126968322386338150e-04 1.987340901523095525e-03
6.089654188587916017e-03 1.454686173511320936e-03
-2.085483349309900838e-03 -2.337361589431612065e-03
-1.036452704245886813e-02 -5.694434053189979285e-03
4.445708114342812600e-03 2.947147665467034564e-03
-5.287911554391084429e-05 4.263473208447037671e-03
1.111340813268938375e-02 5.735386619598728530e-03
-5.380735742095195395e-03 -1.038930617864996207e-02
1.131638277364549645e-02 4.404484183231246325e-03
-3.025476416112341665e-03 1.116464265234552809e-03
-8.479367989853442075e-03 -2.807190498105543129e-03
-3.102671648888321969e-03 1.443211448953955756e-02
-4.777160566791255770e-04 3.058477949763672640e-03
2.177063821217834969e-03 1.761503084966822841e-03
-3.373708912935047440e-03 -2.425223247848589531e-05
-1.332572469760270363e-02 -4.654574232267146353e-03
-2.071433359633098169e-03 1.068486703988367603e-03
-8.281358787944445750e-04 6.757891433380852067e-04
-4.656969037511496032e-03 -8.607127243375593123e-03
-8.448362127234567559e-04 -1.949038679366555792e-03
-1.076501621497437822e-03 5.950096155434477993e-03
1.326128651573632491e-03 -5.936445299965047856e-03
3.261851724927840920e-03 2.802288943808387781e-03
4.956361819920367118e-03 7.161318140540531320e-03
3.055300701800105385e-03 8.960197409744482741e-03
-6.122447660308529688e-04 -1.389415907302268480e-02
-8.172024174687153586e-03 -6.596061013084799154e-03
2.524370280120557999e-03 6.948205141533814883e-03
-5.984821995418716616e-03 -5.935647031550301059e-03
2.084222061936128693e-03 -2.950596278133529437e-03
-1.257347470515456263e-03 -3.013150732769697381e-03
4.596266658716763537e-04 3.856725658121665321e-04
7.871194276347233919e-04 5.751560049816382969e-03
-8.813215247543623732e-03 8.791884724020955846e-03
1.175447143604197928e-02 1.704377088340419157e-03
4.842780325575357561e-04 6.674389763732936458e-04
-3.187434605914530195e-04 -3.979982491553817037e-04
1.099292941301309619e-02 -7.811402109768789820e-03
4.512126141538717362e-04 4.751726757382426260e-03
9.949317381356603471e-04 4.881609451446109957e-03
-4.424968379281793950e-03 -7.172318651757070632e-03
-9.139526432381441662e-04 -2.333386073053188292e-03
-1.392934793196719950e-02 -2.223907864594693376e-03
-2.935285001082845336e-03 6.609584099050243647e-03
1.054629892939629686e-02 1.061169538254088177e-02
1.892184047444792332e-03 4.590167701794658009e-03
-1.250692890844411556e-02 3.081676374819442184e-03
-4.607794073642510618e-03 3.313341783592743672e-03
-5.507441188192238124e-04 -1.832806840773442813e-03
4.223718044659266306e-03 1.176818617626431210e-02
-2.800500752722006291e-03 8.483487101428549646e-04
3.055428471303980875e-03 -2.396738796102961151e-03
-6.380632919280914209e-03 -4.374931262246979646e-03
-1.730561107103549805e-03 -8.827664371427908219e-03
-1.518166666065539142e-03 1.347720927989391748e-02
9.552293229179258799e-03 1.684100372239676156e-03
7.854334521518986992e-03 -9.204859000771298955e-03
-6.611707539590633981e-03 -9.855725412719455042e-03
1.430833075239528211e-03 9.395300478427348178e-04
-1.645207361620236236e-03 -3.795496375610569757e-03
1.137204000294320724e-03 -1.199694570177585332e-03
7.508496829939379294e-03 1.158727644249406968e-02
2.050693624573439542e-03 3.156684282302810347e-03
-8.498016517729436309e-04 8.946945688481856146e-03
4.154968514993601786e-04 9.617035009108040183e-03
-4.942647079698715175e-03 -1.308941327354078837e-02
-4.432456393080186005e-03 -6.852250019040084447e-03
6.198605493331214899e-04 2.217154234458253853e-03
-2.093959390681618838e-03 1.376401861878995964e-02
-7.730604527088699371e-03 3.754222552654755494e-03
6.961812149464220029e-03 9.933723462613123362e-03
-7.155216608525210957e-03 7.085408936372018622e-03
-5.295043693882815500e-04 -1.095716857789837996e-02
-8.534718101736482251e-03 1.038081684277895357e-02
-1.939140055731741492e-03 7.945351788881302099e-03
-4.316879127983235150e-03 9.881474007604983817e-03
-3.196933724448834148e-03 -4.954064692991361554e-03
-1.111301433591118173e-02 7.942570737274086759e-03
1.004298521154263317e-02 -6.358542685067636313e-04
8.008065621566017381e-03 2.076939418988902469e-03
-6.789784115601384465e-03 -3.419152211122346123e-03
-1.187768894041585192e-03 2.025235452797720988e-03
-6.505157115761184619e-03 1.561288038882642417e-03
-3.196806602334291772e-03 3.550470161072237269e-04
9.074251798225161508e-03 -1.710001739663762803e-03
1.409603435699006285e-02 -2.198119893048590488e-04
-3.808516286616134110e-03 7.643266726850157441e-03
4.837497640176738507e-03 7.926166839513191717e-03
2.387031235462935570e-03 3.674076984693984849e-03
-7.926358669448718350e-03 -8.970093735352159536e-03
9.860019878323142764e-03 8.436129961539291441e-03
1.917170994235919230e-03 -1.182081948999334602e-02
9.532121926130260325e-03 4.055813768952468666e-03
-5.287044254157915275e-04 -1.311518325742761773e-03
-5.138947204485667594e-03 -6.753448768166489188e-03
-1.100695329597793995e-02 -9.476424251482696431e-03
-1.315655920750707399e-02 -6.474153841213889198e-03
6.768939417763982988e-03 4.402260942969183494e-03
8.035169861055851612e-03 1.199814359764135759e-02
-1.210441082159164489e-02 -4.524190939034126481e-03
-6.777849693656806326e-03 8.428370636308461783e-03
-3.300728891247251950e-03 9.990533293161673115e-03
7.278249261562468389e-03 6.248859719110669286e-03
8.549736035748324928e-03 5.705574812808175515e-03
-1.270969284770729832e-02 -2.223849084211023536e-03
8.771192750652155590e-03 -1.118790942393859539e-02
2.252924513341418317e-03 8.996805910395325179e-03
7.021898192991442647e-03 1.234813485775818065e-02
3.633135859793936145e-03 -6.791679742697385481e-03
-1.752052756669048202e-03 -1.226323331539086806e-02
6.972084185618772877e-03 7.448230454757015159e-03
-1.041647069171472949e-02 2.771810596758810755e-03
1.060241854400404554e-02 2.814281239049487744e-03
4.957729591955596594e-05 9.609358199823484284e-03
8.353944018902619353e-03 -7.669392483123008315e-03
9.501507359535438929e-03 -1.772804734704889161e-03
3.201605581740566038e-03 5.524246462462753873e-04
-1.036241641689188489e-02 -6.095157762777913234e-03
8.918031485439844447e-03 3.502274033823304066e-03
