-7.326852712507185214e-03 4.686921092703135241e-03
3.154959975969331976e-03 -5.315658712711945032e-03
1.133292368668120057e-03 -5.706631967029890395e-03
3.647189041284286219e-03 -6.991281148482845174e-03
-2.630128511209740144e-03 1.578741275359118795e-03
-1.205260293107764807e-02 5.029389882060465028e-03
-2.142274096480012782e-03 -2.580825777836879241e-03
-1.008461270773588353e-02 2.372885697831277931e-03
-1.177176255843525102e-02 9.050724074228449351e-03
-8.932097430390414233e-03 9.866997288638133107e-03
3.415651402014970375e-03 -1.044908251952743339e-02
9.227786061123571457e-03 4.871135843940358097e-03
3.490403770489226669e-03 -2.292832640851241721e-03
-4.023984536419051954e-03 1.061860843356373860e-03
-6.604682544752627296e-03 -8.152801266010378106e-03
7.154293145703095359e-03 -6.659285966630125800e-03
7.440434206843325347e-04 -4.199992715896025885e-04
4.720449530065824392e-03 1.219572152070845213e-03
6.408397649179940411e-03 1.852684422666022249e-03
3.249063022624239672e-03 4.684398517954230061e-03
2.526126237841260641e-04 8.566573811173646552e-03
1.701998108790347530e-03 4.038960564015836932e-03
5.404779912653182375e-04 1.429083215005253274e-02
2.923294567195351343e-03 2.583476122089089187e-03
-1.033907740735883103e-02 1.898283004364176296e-03
-5.926769960874042793e-03 -4.042249755780700539e-04
1.762637184803753088e-04 -1.421157736148724246e-02
-1.592120766125049505e-03 1.263191004821007449e-02
-1.452834097673178209e-03 -2.002316929119200492e-03
-1.077762908872570858e-03 6.621382878681943921e-04
-4.724951950155496620e-03 7.653419436352180798e-03
-4.539938930502385520e-03 -1.590268690287587007e-03
-2.182827528682639798e-03 1.823530635889920436e-03
-4.405154682141546041e-03 -7.351504079194976123e-03
-5.725376613106858154e-05 1.779528591021478558e-03
-1.232734434680065813e-02 6.756965395456655463e-03
1.385148220028091862e-02 -3.128328763940775754e-03
1.177256082684999955e-02 -1.739773427236099811e-03
-4.496735154048690439e-03 -6.775645574728365005e-03
-9.448307363478340715e-04 2.992874016669634825e-03
-7.714729011276373963e-04 1.227618953759011637e-02
-5.238255999986620240e-03 4.220269431992881154e-03
-4.245016916806349482e-04 8.128948167737553437e-03
2.919718185023730244e-03 7.410482151657699773e-03
7.343680815946876037e-04 -1.341902947584023035e-03
-2.583476122089089187e-03 2.923294567195351343e-03
-1.237996792333444836e-03 -1.169343380778572940e-03
-3.574033209639523520e-03 5.256297331743390623e-04
1.221548715879209115e-02 -3.978928684127895458e-03
4.408858833817613787e-03 -8.832438156221759235e-03
7.412078688486051919e-03 1.170218310896232843e-02
9.787072001163904869e-03 -9.019047712703223349e-03
-1.675750205275564932e-03 1.086470714053066819e-02
8.783135422848680623e-03 3.845326012694217678e-03
7.755601285269742712e-03 1.025011562831174613e-03
2.662730910654378166e-03 -3.640036276941044022e-03
-7.976537547527499591e-03 -7.606894816734833739e-03
2.660878834815555427e-03 4.451934840765501764e-03
3.873425992047823015e-03 -1.971438836008721288e-03
-3.712266070667537450e-03 -2.430650541977844893e-04
3.054502433384568855e-03 1.649246762750311741e-03
2.527020624374127968e-03 6.167184670819617770e-03
-1.146521701168370932e-02 -2.049097087743156215e-03
2.431863770294002448e-03 1.157004920485369889e-02
5.091273837785870518e-03 -9.956853454212480012e-03
-6.243789115131337213e-03 2.462741863405623968e-03
-1.441434452249374569e-03 2.184551835014295843e-03
2.886317517165705882e-03 2.160826506248418859e-03
-1.275344257530964566e-02 2.640122692081480621e-04
4.391104692465314964e-03 3.945655785774316443e-03
-2.474397047830107204e-04 1.228321453242439340e-03
8.498846437539328558e-03 -6.705938355750776757e-03
2.506871677777369745e-03 -2.987573328163855343e-03
-3.425326741104614981e-03 9.527178843533013267e-03
-9.649637408551996892e-03 2.476791853081855479e-03
-1.074489891976661456e-02 -6.796848328748981462e-03
-4.584739243785573327e-03 -1.102679309983150766e-02
-1.006459153064128559e-03 2.288457990266015273e-03
-5.467047176891479815e-04 -8.682805649768580991e-03
1.094038554692433607e-02 5.786014525098484573e-03
3.809019461576014683e-03 9.462101814149762036e-03
7.554813969606241283e-03 3.597886307911206741e-03
4.844632401417607245e-03 -1.417581353977691132e-03
3.134427720856734290e-04 1.960039190584917431e-03
-2.533247350797958580e-03 -5.591581705356675393e-04
-1.242317169978972291e-02 -6.508056923348595410e-03
6.333517511201237037e-03 5.053370749837954486e-03
9.069276483987768079e-04 6.304619263429678483e-04
7.718752004743401583e-03 -1.075457425885625873e-02
2.749808962471850769e-03 4.657096807015370654e-03
2.151151167157413363e-03 -3.808221193161267885e-03
-3.395119146905795950e-03 -1.446696809902960415e-02
3.074779149485991868e-03 -5.529314441118369280e-04
2.154599779823227357e-03 2.721708983117103117e-03
-7.021360973178359006e-03 8.990021695431567317e-03
1.014359078019860805e-02 -8.874492007134608326e-04
-4.572413560442358318e-03 -1.088590989455128291e-02
-1.291102611451945201e-02 -2.348489870152597157e-03
7.163840715288295052e-03 5.619553915212419093e-03
-2.963847999395475587e-03 1.820880291637491915e-03
-6.677966145901836209e-03 9.669786355146252343e-03
1.000880653183891002e-02 4.873786188192567176e-03
7.479263332717238193e-03 -1.186931421775733360e-02
1.152697319790330771e-02 -8.603423091699988548e-03
-2.514822710534217291e-03 5.330634740307369120e-03
6.133784002961594276e-03 -7.776676269783409749e-03
-7.739954758754005867e-04 1.700273802457330594e-03
-5.345738537407457996e-03 9.482250760746520693e-03
1.323334595728138489e-02 -2.080517910259272081e-03
-5.291933383944707157e-03 1.172791993446890141e-03
3.618961292427376984e-03 -2.446041529476040630e-03
-3.213938048433198809e-03 3.830222215595488824e-03
-9.129308363882296731e-03 7.612866004149553348e-03
1.586692308115966125e-03 2.870670990662263673e-04
1.340050871746560103e-03 8.826339199302375704e-03
6.963181169129239838e-03 -3.164507545555673550e-03
7.887735189378372244e-03 -3.955203355360875292e-03
-2.387989494931367241e-03 1.912460763544854671e-03
3.844272205271501326e-03 6.619786341851357017e-03
-5.025270770483206834e-03 1.314521409803983548e-02
-8.321656681138399347e-03 -1.155162456459109949e-02
6.072953854658903403e-03 -1.170141649193319738e-03
1.747852229496251689e-03 -1.927436791140279193e-03
1.392371199400626973e-02 -5.547994620396007673e-03
9.765070978730605068e-04 -1.008183459398287159e-03
7.986468425631917121e-04 -1.418507391895742261e-03
-3.458727408963999800e-03 4.277523198122589604e-03
-1.117125268728335133e-02 9.424070956697401524e-03
-2.359633976568650468e-03 -1.398971506130893341e-02
-1.026432503888457387e-02 1.005453288304036796e-02
1.057613962275812634e-03 -9.816896286851667722e-03
-1.361253625767176127e-03 -2.578175433584451153e-03
1.953014195746121014e-03 -2.016366918796574318e-03
4.194947566396150553e-03 -1.371139726341429922e-02
9.540430564795639862e-03 -4.797756124684353363e-04
-4.869283768102894948e-03 1.135814943415884007e-03
-2.026170027390884146e-03 8.482018334105081298e-03
4.093563985893335436e-03 -2.700506229097628975e-03
1.104010812387352589e-03 1.424152941667830921e-02
-1.452834097673178209e-03 -2.002316929119200492e-03
-5.711804886029863207e-03 -1.092818763308556727e-02
-3.293065067492681550e-03 -6.809972280505800953e-03
-7.962615327355931569e-03 7.155889682531447506e-03
-2.028820371643093225e-03 9.263038804820419858e-03
1.334877952746587292e-03 -9.685560651150715121e-04
-1.130514254911464764e-03 -6.431324709533572936e-03
1.002391032893899976e-02 -7.123287283088169941e-03
6.243629694235833423e-04 -6.655837353962950481e-03
6.855826401211705112e-03 -9.259462422648797458e-03
-3.786475709735892320e-04 2.162550812580074904e-03
1.583115925944344809e-03 5.114073128634837387e-03
-9.293789128426233406e-03 -8.059496487767714434e-03
-3.269211969220997896e-03 -1.383915651693770274e-02
-5.741341981324527347e-04 3.173384616231932250e-03
-3.143688100050850151e-04 2.085946368268355462e-03
2.227883380977222589e-04 -1.510087863804246682e-03
3.649839385536496165e-03 -7.772301619198183735e-03
-5.694434053189979285e-03 1.036452704245886813e-02
6.959604786957618305e-03 1.662498484012938336e-03
1.330730005733953350e-02 -1.235218678576570535e-03
-6.596252087343098397e-03 1.091511150076125876e-02
-1.912937121620712170e-03 1.172956864574527074e-02
5.645733368857056879e-03 9.319051687995036012e-03
9.799991954271596722e-03 7.588717420168760493e-04
-6.212244723366689911e-03 8.051367348923577777e-03
2.081396323943591684e-03 -1.410756296812239532e-02
-5.096835696004301149e-03 -8.653048559122527780e-03
2.892201517499619172e-03 -1.200676496019992961e-02
-7.732891056153798608e-04 9.964819213303702586e-03
-2.203420043871883328e-03 5.218974857272355022e-03
9.832655221435301560e-03 2.535618823908064937e-03
-4.996180005948465050e-03 2.534363719162955730e-03
9.314287914351073241e-03 -6.322354222542355719e-03
6.374504482251243734e-03 8.765010302276162596e-03
5.674504876515197582e-03 -7.752544535840482113e-04
3.388116972092956088e-03 -1.005540151700520281e-02
7.943875459651703400e-03 -8.665263839628145962e-03
1.094338655896185362e-02 -4.364025966783069074e-03
-6.600412541748811555e-03 1.792602893974141369e-03
1.122158310793274980e-02 -8.181665849382407582e-03
-1.255633891662617622e-02 5.028112376448520306e-03
6.203950162299953601e-03 -1.854289054034264977e-03
9.186977415144603407e-03 3.097904448671945799e-03
1.010109306830948329e-02 2.284042267755973280e-04
1.008599010430512484e-02 3.133180164405873196e-04
1.494430562036200717e-03 -1.116207868958748670e-02
-4.293467720422405355e-03 -9.731450424560826595e-03
5.659136484212600078e-03 7.089251478826196981e-03
-2.436067304836535882e-03 4.488286967399974549e-03
-6.792974699374504724e-03 -5.240076442387779816e-03
-9.374789603359719300e-04 5.713860193485495280e-03
9.131309411267132109e-03 -8.500228197574699954e-03
-6.424969495568742285e-03 5.341643283096790887e-03
-1.149356890123164748e-02 7.779146538263701643e-03
3.470966296149392144e-03 -1.126182621512339735e-02
1.047450467716786772e-02 2.517611662917315987e-03
2.050956668822360388e-03 -7.171783114015328579e-03
-1.280534225665305075e-03 1.158673147225344237e-02
-3.621173910998506332e-03 1.265579343019470129e-02
2.203658370012258512e-03 1.444773535124807724e-02
-7.827624863538245074e-04 -2.523501913478911046e-03
-3.291638645008353718e-05 6.857599851515505489e-03
-1.314208319136386284e-02 -1.901676660604442390e-03
-8.106448190830577508e-03 -3.927146581383971630e-03
2.711113107959759426e-03 -1.302881213376359121e-02
8.039347048518198646e-03 6.581196234239037983e-03
8.981382346274220663e-03 2.683313463127520813e-03
-1.164316413350946879e-03 -8.694288428174093072e-03
5.135313696011366454e-03 -6.195317872272303530e-03
-5.636611126198169675e-03 3.718669119211575908e-03
6.295240697774485451e-03 9.519835375599890528e-03
