-9.836374734538124928e-03 8.455514891581186396e-03
1.771705327767934910e-03 -8.956621027572182064e-03
7.598017746058574606e-03 -1.587490576530713356e-03
-6.436497628533545748e-03 -8.664381009505981585e-03
-1.065437225527994958e-03 8.030214931495596080e-04
-7.327650980923292902e-03 -2.624029554290355747e-03
-2.836088745874575275e-03 -5.643279243979437525e-03
-2.314035394871857311e-03 2.757759995228697449e-03
-1.411482397058306734e-03 9.042773041465674037e-04
-7.847181757175743927e-03 -4.491530583659243854e-04
-3.530701663688889675e-04 -1.601668335711390646e-03
-3.776417062132737118e-03 -1.152339681573283023e-02
-9.272043645001999288e-04 1.571716280519180713e-03
4.431658124665439208e-03 -4.587006279522646592e-04
-2.687382277340808617e-03 3.358269866380597136e-03
-3.105657242596252497e-03 5.879191533835341141e-03
-6.632112025195932049e-03 3.703388999990136002e-03
-2.012918306128257118e-03 4.576915980532030546e-03
-9.331819985879955676e-03 6.920775661090510997e-03
6.593410668831909197e-03 -7.391003703972384882e-03
7.730694379573496743e-04 2.345711756397084180e-03
2.631852817543898528e-03 1.686223812779957202e-03
-1.196804745400908108e-02 2.750607230885455251e-03
-2.836216515377879173e-03 5.713656961867325489e-03
4.167390316448181010e-03 9.501729208431834717e-03
-2.120273074045791843e-03 -1.518038896561094012e-03
-2.345711756397084180e-03 7.730694379573496743e-04
2.730458284288697027e-03 2.813289455025607538e-03
1.285999907481243272e-02 -1.480008039107371526e-03
-9.192661086931388711e-03 3.643484889608000332e-03
4.258172519941938634e-03 1.614920056974017458e-03
8.017090979730127909e-03 3.202538403008034495e-03
1.052581473334495907e-02 -7.877006042863508514e-03
-3.779322945392915318e-03 1.197149606667489638e-02
-1.310226586058796166e-03 1.250322475676660062e-03
-3.109105855263428250e-03 -6.507386424441719604e-04
-3.920078381168473972e-03 6.268855441724887397e-04
-2.523572011705810768e-03 3.627455054585340070e-04
2.138825483814197920e-03 -3.949104398441491762e-03
1.141776635414831070e-02 -6.606406851085424789e-03
1.110365308315848423e-03 -2.723433289451261501e-03
9.242762088720355568e-03 4.230998578506383993e-03
-1.097749036645864762e-02 5.148272064906467965e-03
9.524528499280803320e-03 4.206347211819953108e-03
-8.339283052987395140e-03 -1.013046682844178682e-02
-5.552945979691008976e-05 5.044493679160554772e-03
9.982430858818320749e-03 1.327054689493044511e-03
1.091931056241066816e-02 6.772420849680644769e-04
-7.228247245761244832e-03 5.813986734947425121e-03
-2.499718913434127113e-03 -6.666438730973368865e-03
-4.039758832430583729e-03 -5.608952538202001577e-03
-1.470460469522173134e-03 -5.811591929698882615e-04
9.286764133587655998e-03 6.356572341059315776e-03
-3.177631497312493475e-03 -1.441501502140317241e-02
4.394681074636936496e-03 -8.813502437942958775e-04
-7.607693085149580536e-03 6.655869005351504851e-04
-1.947841276746148202e-03 1.181126218321401980e-02
-7.292526006729749266e-03 5.890591179259144564e-03
1.015080684732418137e-03 1.403636745042958350e-02
5.682906638261511073e-03 -3.194459600746741602e-03
4.889560484202957504e-03 -3.337993150279174558e-03
-3.667337987881044443e-03 -2.163476850500628372e-03
-4.869283768102894948e-03 1.135814943415884007e-03
-5.180076195937501071e-03 -1.605244717883011962e-03
4.916862195142957491e-03 -3.837247210432924785e-03
4.238821841759926774e-03 -2.288872950171067649e-04
2.263806623579585255e-03 7.246927425036818905e-04
-5.281332006934508216e-03 -1.951289889413323087e-03
-3.969253345038249552e-03 -1.129358348279767277e-02
1.073547679175342918e-04 6.094954877093125209e-03
1.412264723383230801e-02 -2.889824776835213382e-05
-5.962022704569748879e-03 2.438090496717833060e-03
-1.317251580898734249e-03 -4.526016710328800447e-04
-1.208600359893567157e-02 -2.202657633488171868e-04
1.247672131424450766e-03 2.091247056774134944e-03
-5.377414898932685733e-03 7.497560203475172810e-03
-4.076735882459088176e-03 -6.031602154044031494e-03
-2.845093586055279754e-03 1.210270393286547348e-02
-6.672537687891391504e-03 -3.249190792128904895e-03
-4.091839679559177920e-03 5.965471317236704756e-03
1.975015218180341953e-03 -9.535800375207887638e-04
-3.734394862605062287e-03 1.005108427037319438e-02
5.855338435551143842e-04 1.013484147902924976e-03
1.273249536030292804e-03 -1.672972091518691064e-03
6.030676116124620775e-03 -3.075032360581484922e-05
6.694538710325613311e-03 4.311977673404690341e-03
7.722711695437446504e-04 -4.965238890596625383e-03
-8.344583741492031873e-03 -8.568425887013612907e-03
-1.447533409168540392e-03 -3.564357870547375708e-03
-7.093462997400406221e-03 5.275134604003578823e-05
1.850034078413812953e-03 -5.627377178464600983e-03
-1.443343966166577182e-02 -2.712161413531903424e-03
4.642120779419946566e-03 -2.109671697036735218e-03
2.896791124671458176e-03 1.039368082923633127e-02
3.141708254706705380e-03 -1.410556359138894714e-03
1.154619610658065565e-02 4.597320466136757891e-03
2.331661766719710354e-03 -4.178917731376649222e-03
-1.268558743216952056e-02 -4.639598204672183701e-03
-1.438911877501611487e-03 1.276046757014708162e-02
1.117390303153283949e-03 -1.020509142741502385e-03
-9.914575715678195650e-03 -6.230665163373375406e-03
-1.126554564233137740e-04 -4.532913935663588668e-03
-1.205525327532985629e-02 5.810410352775804456e-03
-1.116336495729426150e-03 -1.438241262195989398e-02
6.916528780008588881e-03 -4.509060837391906315e-03
1.272441655803662960e-02 -3.029723297194834505e-03
2.322784696043451221e-03 2.210129239620137447e-03
-1.924786446888069463e-03 -2.528872700211590684e-03
1.546138875915841230e-03 4.691423512792807470e-03
-1.053178592075968041e-02 -9.228839868546286074e-03
-1.826979248556876746e-03 -8.712757704959649477e-03
2.377260348416503945e-03 1.256855732516098077e-02
1.798751499698825196e-03 1.325799732396781491e-02
4.355053680353720633e-03 -5.229793889207688760e-04
-4.701002733774285389e-04 -8.618526888800076557e-03
1.207367791559245743e-02 7.938255806859331049e-05
-3.676087289052638787e-03 -7.131366085349462834e-03
-3.194587370250045501e-03 5.674029567585251940e-03
1.892184047444792332e-03 4.590167701794658009e-03
2.844965816549473517e-03 -7.457677270184910265e-04
-2.257707666660200424e-03 5.024216963060491349e-03
-1.299903020425519432e-02 -6.599637395257099831e-03
3.475427742893583138e-03 -1.652695375418628942e-03
4.666516607091118806e-04 2.088596712521925865e-03
-2.888840091914611496e-03 -1.273674224137984375e-02
8.749301171593910215e-06 4.967889234848834462e-03
9.833596620781251060e-03 3.682441784979773296e-03
-1.040070582407376550e-02 1.193866977961698626e-03
-2.008415886038585323e-03 -4.296075607890996115e-03
6.223512399031275524e-03 -2.605636565423332003e-04
6.736018180446291456e-03 -4.138364299176524978e-03
1.865808374425345162e-03 1.043436203093774236e-03
3.631159206264784889e-03 9.051777881651165703e-03
-4.347102647596873086e-03 -1.820082023222744684e-03
5.309304216776159890e-04 2.011992268210206422e-03
5.591198396849702754e-03 8.738335109565491948e-03
-1.171067687112731541e-03 -2.026968295805630944e-03
1.232568334323705080e-04 1.408832052804736331e-03
2.535099426635420861e-03 -7.532812947172020344e-03
-1.920411796302843666e-03 -4.492808278649268201e-05
1.180688753262629231e-02 -5.361033406787313327e-04
8.505999201871199209e-04 -1.635995041488826594e-03
-1.549331949575970518e-04 -3.393522610076084214e-03
1.618240900136527771e-03 1.362869386218319538e-02
-2.799111695843569357e-03 -5.220629628137625315e-03
-4.098736904893308247e-03 -7.094389035319817807e-03
-3.549381842953093068e-03 8.073961437347857307e-04
8.279506712108562066e-03 1.334079684330480037e-03
-2.544646996229489111e-04 -4.746026934671009837e-04
4.460684141937096107e-03 2.307010400033280336e-03
-2.049895356159263469e-03 4.154266364690218337e-03
3.992308174893825952e-03 -3.046551400627721742e-03
1.011271268708948713e-02 4.438810889008681405e-03
1.144228995133143856e-02 5.032295765321784242e-03
-6.248163765716563227e-03 -2.120275401947370811e-05
-5.989196646005084078e-03 -8.419591648974038278e-03
-4.805803275549137311e-03 -6.251740147888183892e-03
3.604783533245337936e-03 5.505046382950282147e-03
6.427876096861829657e-04 -7.660444431185534737e-04
-8.538473831821401239e-03 7.064309210622943952e-03
5.915370315450239370e-03 -3.782643788555425414e-03
2.825487368864157758e-03 8.767361126837147980e-03
-5.270730629925451591e-03 -5.075371772272176292e-03
-8.308660498884883755e-03 7.257145493529597834e-03
-8.843965571150228314e-03 2.761208607894511877e-03
5.974348387912963021e-03 -2.297207291437609617e-03
-7.017656821500493653e-04 -7.193920539979021915e-04
3.091607252918879105e-03 -9.285039827254639930e-03
-2.367712778831304685e-03 -2.897174433184358799e-04
5.687409058352544192e-03 -1.206745118916862682e-02
-1.184319408375358136e-03 1.878134057767418723e-03
6.959477017454313540e-03 1.301943468985970222e-02
-3.583708548721660568e-04 -3.962739428207381941e-05
1.024922124178448586e-02 1.942540588240368286e-03
3.804996468121935038e-04 -1.025452193028912259e-02
1.742551540991614089e-03 -3.653958497121043017e-04
1.156037386576269296e-02 -3.353767446289564018e-03
3.393522610076084214e-03 -1.549331949575970518e-04
5.557925498496124606e-03 -7.868256741691915038e-03
4.008210240410022517e-03 -7.732674224914967871e-03
-6.045779913224710519e-03 1.202782379488655240e-02
-2.888169593003168164e-03 5.931144611459268808e-03
2.068447765925167207e-03 -9.621409659692586186e-03
-1.314348979170703799e-02 -1.760305682345274236e-03
-2.475067546748839411e-03 -6.384672320411561089e-03
-4.442259501674495834e-03 3.582782510811117430e-03
-8.275132061522194604e-03 1.149864933093257182e-03
-4.596266658716763537e-04 -3.856725658121665321e-04
-2.777908941824095215e-03 -1.146879339385419028e-02
9.825773357527708279e-03 -5.331433008723477675e-03
-3.792319127646431778e-03 -6.837273991445801807e-03
-2.404689828859808698e-03 -7.123670591604667731e-04
1.057326539087921624e-02 7.784978959664333800e-04
-2.632140007945431466e-04 -5.442491928315936096e-03
5.717233344038947021e-03 -1.990789514190732714e-03
2.103572740117349953e-03 -1.106788926144227324e-03
7.878985888205417010e-03 -8.923092590210852937e-03
-4.523238596573943629e-03 1.034559132417734329e-03
-1.086908179111703565e-02 -4.159694822699303018e-03
-1.479273655445849205e-02 1.294196751040655943e-03
2.658643450467522255e-04 4.661471457600596668e-03
-3.960631813369959106e-03 5.031241957897927310e-03
-4.191243414719864231e-03 -2.472544971999933797e-03
-3.762367072455363292e-03 -8.117548522313529705e-03
2.563199405989026632e-03 -7.211163603320609001e-04
4.023186268005446604e-03 -8.372811490350084290e-03
8.228351902898238882e-03 8.862517980917273067e-03
2.351012444900360890e-03 -2.335110379386666664e-03
9.787072001163904869e-03 -9.019047712703223349e-03
7.677144765118057781e-03 9.052703919570576421e-03
1.725851207062031184e-03 -2.990223672416064855e-03
2.280890266023601846e-04 -3.072128805232421898e-03
-9.460249738312298887e-03 -4.282951656131672551e-03
2.105297046451508770e-03 2.158176161994848456e-03
5.726908683129952951e-03 -1.068885838195170277e-03
1.151451974505678967e-02 2.612629908866552324e-03
6.760541777628275260e-03 7.500338317232046678e-03
-5.946248408559358552e-03 9.108903878277568519e-03
9.835320927118569242e-04 6.947406873126138385e-04
-7.804105750226714502e-03 5.722406263038919833e-03
-4.960065971595291681e-03 9.022624094874844014e-03
6.198733262839037535e-03 1.081460613874420280e-02
4.356905756191182914e-03 -8.614950506628455892e-03
-3.135481528282875203e-03 -4.197470141145055733e-03
1.461838937860030331e-04 -1.574366624772750682e-03
-3.389147959490858199e-03 2.638877812382694945e-03
-1.008196236348367358e-02 1.591865227115938503e-03
-7.424659910838378798e-03 1.087080609745119490e-02
-9.362570309485770959e-03 8.900995449658893541e-04
1.234497071864965219e-02 -8.178123131605966392e-03
-1.182981459298106802e-02 3.519302018257578803e-03
1.317954080381727143e-02 6.228940857039216156e-03
1.061062574941627062e-03 -3.286966110573296719e-03
-1.949437813574500349e-03 -2.810639110772037135e-03
-6.548354816542112725e-03 -5.886344298177221580e-03
9.510606279109235298e-03 -1.055643728744632900e-02
2.474269278334092180e-03 -9.262783265807883427e-04
7.861231746853117319e-03 3.855001351785223608e-03
-5.948770983308263732e-03 -1.467011856853855933e-03
-1.867660450262808094e-03 7.048534914613912780e-03
-1.031800242284266166e-02 7.007055444494376950e-03
3.232362688695798215e-03 2.059570695248908508e-03
7.916761206650028276e-03 -1.189492327375331598e-03
-2.741059661298895535e-03 3.107924278346056897e-04
-8.764583013081634136e-03 -9.312469307697945550e-03
2.525296318039969151e-03 2.902219582680541990e-03
8.145489080780277114e-04 -6.104630216184131139e-03
-2.396738796102961151e-03 -3.055428471303980875e-03
-5.757307349608048810e-04 -1.144851667775412599e-02
8.179975207438423563e-04 4.252999600942402973e-04
2.106223084370920356e-03 -1.887809396858424436e-03
-1.012689044627016616e-02 3.512277023418782819e-03
-1.277544359774386573e-02 -7.987746120676382511e-04
-2.571150438745873745e-03 3.064177772475574785e-03
-1.592919034539796519e-03 5.320959401217724080e-03
4.389252616627852682e-03 1.203762690348200368e-02
1.212748306905520740e-02 -8.230076209231036374e-03
1.057486192770005964e-03 1.540039918995314734e-03
6.454379539383923699e-04 -1.547064913833892143e-03
-3.739567781606395989e-03 2.561890059546048475e-04
-3.417375708347767434e-03 7.184117431389499056e-03
4.414031752817586599e-03 9.624571081956868977e-04
-9.437450447463332018e-03 4.090785872136461568e-03
-9.205912808194015307e-03 7.548587243181049782e-03
3.880450986887761314e-03 -2.685146892991807470e-04
9.450574399221292957e-03 3.361047980136110547e-03
-1.490864955126900045e-03 1.297795521973902494e-02
-5.203003256289771838e-03 1.377953959695617583e-03
-1.125210401267699202e-02 -4.481088627542964900e-03
7.887735189378372244e-03 -3.955203355360875292e-03
-8.012844098647062610e-03 1.063834242026246574e-02
-1.038135514589355211e-03 3.037674329946676074e-04
6.469227797480127211e-03 -4.753850197923848754e-03
-4.562067722441052672e-03 8.703880634284752102e-03
-1.685297774861906290e-03 -1.414132741310516030e-03
-4.545239619008165435e-03 -2.822774885805155037e-05
7.616697925321855777e-04 -1.841157007737554254e-03
-7.543414324181076103e-03 5.889824562234310425e-04
2.084094292430893180e-03 8.406339927712773441e-03
4.753051929509101090e-03 -8.417228495122218955e-04
1.060506952190888932e-02 -8.593747752610342641e-03
1.364804454036520551e-02 2.255664518545962352e-04
-3.899801665068411850e-03 -1.575292662690801811e-03
2.820314449863043065e-03 -1.027534137578937912e-03
-1.701998108790347530e-03 -4.038960564015836932e-03
-5.113019321210979587e-03 -1.381980583875705090e-02
4.540737198917132317e-03 8.901219337279936764e-03
-1.146004409268259333e-02 7.745798176672929677e-03
-3.671840407970716237e-03 6.709514737922398289e-03
3.252511635291415425e-03 1.121432869423374251e-02
-9.245540202477716242e-04 7.906958098063444906e-04
5.621278221545216586e-03 -3.898875627150360720e-03
-1.433355649987862017e-03 -1.151544578297484037e-02
5.989324415509748867e-03 -2.937344556871583287e-03
-2.179251146511018700e-03 -3.003475393678691450e-03
6.880349998393689784e-03 2.379240193759772897e-03
1.280459738451996884e-02 -7.792450565794942392e-03
-3.741451508836981035e-04 -6.710440775840448985e-03
-2.057718619411445793e-03 -4.859608429011889018e-03
7.774153695035646017e-03 -4.442131732171191935e-03
2.792884969419738746e-03 1.082865612842157620e-02
3.750711888031099065e-04 2.664455216987176092e-03
7.200019496903193282e-03 -1.268747115939260119e-03
6.718264039093992633e-03 8.639729642819551567e-03
7.846383488762140312e-03 -6.861797588627785612e-03
1.320061346053252004e-04 6.376721287654713542e-03
-1.106377014986251357e-02 4.162089627943761985e-03
7.434079710920272858e-03 1.276496999023811474e-02
-3.583708548721660568e-04 -3.962739428207381941e-05
2.826413406783570212e-03 4.721375567983875088e-03
-7.103138336491412151e-03 -8.691523299555262150e-04
1.695771382367658800e-03 9.646987064298426923e-03
1.761774449670321617e-03 1.283534770812578413e-02
-2.750735000389901031e-03 -6.111112481609565304e-04
4.434180699414344388e-03 1.011721510717916023e-02
1.659720370256064252e-03 5.178351889603341821e-03
-2.703284342854503711e-03 8.044392690667624690e-03
-3.144358598958914893e-03 2.191576829854233709e-03
-5.254956333915062131e-03 1.595441609287560252e-03
-7.214069486580567542e-03 -2.137101177480039537e-03
2.599250418099479515e-03 3.747518814364384984e-03
-2.519995629535331551e-03 -4.464260524108716773e-03
-2.236504912640726282e-03 -1.223946802656071444e-03
1.201019742303799593e-03 7.466937649379027210e-04
2.903943889014700373e-03 7.396687700991066289e-04
-1.703850184628952127e-03 4.053010553693211192e-03
1.006791237380744164e-02 -4.997713520536599049e-03
1.381450515025127272e-02 -3.550978379781444781e-03
1.159668041687567010e-03 -2.159900468329007273e-03
-9.818077863776983241e-04 2.570224400826462158e-03
2.307010400033280336e-03 -4.460684141937096107e-03
7.623595150664417078e-03 -5.351709724823539363e-03
5.580724789343950026e-03 5.054807865775808387e-04
1.040865685683061218e-02 -3.536928390105212403e-03
6.760541777628275260e-03 7.500338317232046678e-03
6.624160992439084503e-03 -1.360327587846622225e-03
-1.065564995027872778e-04 1.215995769899224114e-03
6.767694541971517458e-03 -2.153673741905176662e-03
-4.208869786567717708e-03 -1.051387235851982023e-03
1.233622141747076940e-03 -1.314601236645164062e-03
-6.513229842348569089e-03 2.628276435372277429e-03
-1.133321087707974545e-02 4.327624199910415012e-03
1.876633639055396222e-04 -1.002470859735260511e-02
-3.444677419287767856e-03 7.683371491543249283e-03
-6.231463431788122204e-03 2.603625068685847411e-03
6.797646597158284263e-04 -3.433948272778833627e-04
5.124546736140590981e-03 6.649738397043566084e-03
-7.589268444886981130e-03 6.555379811379547818e-03
4.719523492148915795e-04 5.265557710923898663e-04
-2.876769947579146166e-03 1.011801337559526878e-02
1.092738936466853715e-03 -1.302275553301949053e-03
-6.853048287454830377e-03 -2.878494253912162668e-03
-1.426075116143820428e-04 -3.252639404795860771e-03
5.866067582076017577e-03 -4.346176609677460632e-03
1.047810853680360924e-03 6.181362430008945042e-04
1.042787976550932014e-02 9.663815167732674183e-03
7.739954758754005867e-04 -1.700273802457330594e-03
2.541198383554805693e-03 -1.783903241607846454e-03
-3.043901056375511796e-03 -4.773328645609164513e-03
7.056485947370761194e-03 -4.754009618807061160e-04
-6.072155586245298921e-03 8.481092296187030602e-03
5.604577887615633247e-03 -6.523703449854320949e-03
-2.029618640057840456e-03 1.952088157828070318e-03
-2.859941844146258495e-03 1.385904992452464696e-03
-4.048635903105482839e-03 7.800944327959271913e-04
-8.608723780204625281e-03 -9.964932256475133796e-03
-1.623669358145611585e-03 -7.097167149068965867e-04
-3.411947250338684054e-03 -5.734859715886800498e-03
-5.523598792718688658e-03 9.071926828247922625e-03
1.680923124275538177e-03 -1.069811876113221190e-03
1.410237051773224545e-02 2.173279959094937333e-03
-6.154858987476402761e-03 2.667903829654351411e-03
-4.543259773658967632e-04 -1.947713507241702205e-03
-9.646061026380376227e-03 -2.350214176486755974e-03
6.673463725810803958e-03 -7.967947667243684313e-04
5.437319009315963285e-03 -1.005810926521199036e-02
5.227654622976203591e-03 -1.096187549135170698e-03
9.473533110955978040e-04 7.583041718463150518e-03
2.953246622386418961e-03 1.303201591221360856e-03
-9.087828893762760901e-03 -8.374759684302993459e-04
-3.273714389310670124e-03 -4.966164928514676946e-03
2.414365167950814194e-03 1.634270735156028885e-03
6.142533304133187752e-03 -2.808787034934575287e-03
-2.900495276346383607e-03 5.790261406179044931e-03
1.305190931979967502e-02 2.336164186809383016e-03
-1.194167178098849355e-02 6.297338729584978784e-03
1.115442458385046409e-02 -6.919625735545978720e-04
2.993927824094414847e-04 -1.445809102835742682e-03
-1.102414275557859428e-03 3.803718773063869416e-04
-5.810665891784914591e-03 1.065861913636388832e-02
-2.533247350797958580e-03 -5.591581705356675393e-04
5.436392971396550831e-03 -6.012123706358716603e-03
-1.966936415919049060e-03 -1.274641758047084794e-02
-9.659057208640038812e-04 -2.115898423460565395e-03
-1.374377577523996918e-03 -1.003000928585838503e-02
7.439635938435163777e-03 -1.151094336288516727e-02
1.741625503073563177e-03 3.680589709142310581e-03
-7.393654048223452513e-03 -5.812390198117931527e-03
9.022751864379507936e-03 -6.396870234250329884e-03
-1.172121494535447242e-03 1.337595346889440540e-02
1.846457696242191854e-03 -8.003711488959894217e-04
-1.480135808613178630e-03 -1.503062868965450482e-03
5.241576843149129902e-03 1.366659695013225199e-02
-5.096318987282539431e-03 -1.119497801605173065e-02
-1.404998967737382601e-05 -3.405848293419299656e-03
2.151151167157413363e-03 -3.808221193161267885e-03
-1.792780312284105153e-03 3.847848587441980977e-03
-1.621945051811452985e-03 2.555248373232179519e-03
-3.901749859031985665e-04 9.332618254293561025e-03
-1.054079076093924171e-02 8.517143308297262308e-03
6.830248996605862641e-03 -5.495243274355971451e-03
4.478310513786091032e-03 8.858526638839674550e-04
-1.174790946016356780e-02 2.021539837796547563e-03
1.296048826878118225e-03 6.700765436750803945e-03
3.042176750041353846e-03 1.508363557470088082e-03
-8.375720865496077278e-05 9.589733298168718473e-03
-6.468301759562075648e-03 7.078646390694339798e-04
1.058571884372709604e-02 -1.043755510459896431e-02
1.232568334321514449e-05 1.408832052802233884e-04
-9.492053869344207594e-04 5.089293992433951584e-04
-8.694205295193746172e-03 -3.640164046445489368e-03
-1.534739230490677134e-03 -5.045547486581690357e-04
-3.296641449664302649e-03 -1.982966250937189499e-03
1.040913628346230163e-03 -1.244172410955562795e-02
-4.876308762941472356e-03 -5.671092032925144355e-04
2.419665856455233219e-03 7.222979372535132982e-05
-7.805830056560873753e-03 2.457441174899844486e-03
9.292064822092074156e-03 4.794531399628638654e-03
1.139391325587504888e-03 4.227773853428316939e-05
2.189054255105328528e-03 -7.431557136172509126e-03
-4.409529332727915238e-03 -9.835448696618712475e-03
-3.611010259669387556e-03 1.029801173311661790e-04
-7.280870822296833973e-03 -1.263641246830110587e-02
6.523831219358985738e-03 -5.752358318229988318e-03
2.078793603926255146e-03 9.968380869140947356e-03
-1.112897494874906870e-02 8.284679631109896636e-03
-1.008541097615063033e-02 -4.938064949161070742e-03
9.866199020224527758e-03 1.621146783396705537e-03
9.619685353359786958e-03 -1.196517322212766257e-03
1.012558109981495690e-04 3.460451715289508852e-04
-6.620584610267463838e-03 -3.466678441721989228e-03
-2.657430222148598684e-03 2.077995335511508349e-03
-3.490276000984561446e-03 -9.064103564994379844e-03
-6.297466499090785021e-03 -5.847355751415093603e-04
3.241239759372057348e-03 -4.329476275747878161e-03
5.758585044654694531e-04 9.158047190850461083e-05
7.449183508021504918e-03 7.678965189560162975e-04
-6.903404828251767655e-03 1.196089468966583802e-02
-3.054917393288262076e-04 -4.303100602728431208e-03
-3.485901350398193984e-03 -6.580158947570643492e-03
8.258431727593752714e-03 -3.774692755798578735e-03
-4.729326600740721767e-03 5.169474818927083555e-03
9.906624682921348971e-03 8.573726575516889617e-03
7.995888225709511452e-03 9.450702168725958613e-03
5.318564595970277920e-04 -2.033993290643066471e-03
-2.007617617623619517e-03 3.014875039103855764e-03
-2.023391913634009845e-03 -3.655938342455880563e-03
2.904742157428305722e-03 8.050619417092815325e-03
1.433611188995831572e-03 -1.119842662871754421e-02
-1.192749402180645277e-02 -1.653749182841344860e-03
1.201814845579554647e-02 5.123876237229148950e-03
-6.963181169129239838e-03 3.164507545555673550e-03
-3.310691439346681369e-04 -5.388814544356050921e-04
9.880345128015291523e-04 -8.178250901110413473e-03
-1.462509436764184139e-03 -2.924220605114762929e-03
-7.753876978935584328e-03 2.239953525307901601e-03
-6.689238021822335734e-03 -5.874018614834007439e-03
-3.706965382161757534e-03 -1.805105995627320162e-03
-2.448819643232695922e-03 8.518995384136085480e-03
3.170606502475057514e-03 1.271209087469341373e-02
8.919516208033522863e-04 1.270599191778083292e-03
1.972109334918803296e-04 2.254131284488579325e-03
-1.062786881275785446e-03 2.200102243422093901e-05
-1.987340901522415514e-03 8.126968322392047559e-04
-8.067319751021257215e-03 2.799143347229841698e-04
3.143688100050850151e-04 -2.085946368268355462e-03
-6.364395604311498533e-03 2.728893398855486430e-04
4.024910574339604988e-03 -5.107846402211007643e-03
-5.856616130609218138e-04 1.034345205794405878e-02
5.188953266612398446e-03 -4.783802253114917240e-03
9.656662403389432853e-03 -7.738677063720963631e-04
3.122485346029359177e-03 -1.461129991697564072e-02
5.210156020631873455e-03 -1.103196601883148047e-02
2.624827822705321119e-03 -1.670033392844124005e-05
-7.282691246753027724e-04 7.090812653148197142e-03
-8.726009426213407515e-04 5.732081602130411485e-04
1.000523014966728935e-02 9.700792217761178629e-03
-1.796228924951061463e-03 -2.682081588835029135e-03
1.385758115720030215e-02 2.620580941623399003e-03
3.863622883453513620e-03 8.463593693842480156e-03
-9.720046777833882788e-04 -7.864808129024739719e-03
2.063945345834134523e-03 -7.484180712707006475e-04
-3.991382136975774389e-03 -9.994341582266930320e-04
-1.188821828460025036e-04 1.075112564619000672e-03
1.110365308315848423e-03 -2.723433289451261501e-03
5.830687068875866144e-03 9.853075068466566819e-03
1.182531217289003490e-02 5.353689570164306410e-03
-1.289167543633629870e-02 -5.046825181628340415e-04
-3.112554467929242678e-03 -7.180668818722542313e-03
2.693481234260193449e-03 2.390639839183576754e-03
3.618194675404830946e-04 6.569557570560225976e-03
-2.689904852088571916e-03 -7.217645868752188207e-03
-1.099246639405407171e-02 5.788409330341581782e-03
7.334420436752760175e-04 2.704082611269250074e-03
-5.100949176876876448e-03 9.034949778216916708e-03
-6.765171967222611410e-03 1.272958947703660068e-02
-7.871833123863535703e-03 -7.309194689275122850e-04
9.636385687289370297e-03 1.428310500491193971e-03
-4.634297516166403785e-03 1.112354649073998489e-02
1.351246202358940239e-02 -1.324148806232865877e-03
-3.529105126853030513e-03 -1.394782063128504604e-03
1.151717008930719897e-03 1.831609438145066120e-04
-1.529566311490703889e-03 9.290340515759276663e-03
-5.928494267207059729e-03 -3.669190063718507158e-03
4.477512245371344235e-03 -6.425097983108381434e-03
1.797123311486920755e-04 -7.681647185209090900e-03
-1.121075231206212185e-02 -1.574494394277196896e-03
1.503062868965450482e-03 -1.480135808613178630e-03
-7.880582425035129179e-03 -5.698808703776347614e-03
2.552629680365541519e-04 7.785553340460810330e-03
-1.641295729993464412e-03 7.114410212410550785e-04
-8.766435088919097285e-03 -1.220498189990257016e-03
-8.303232040870575821e-04 -5.661831653744637399e-04
4.085740722639792655e-03 -1.171438102280087865e-02
6.309664412929554683e-03 1.208255498626985801e-02
1.053271195867909113e-02 5.182854309693014049e-03
-8.412438884632156971e-03 -3.664815413133280710e-03
3.085380526495048494e-03 -3.677013326970689482e-03
-1.848182002576350454e-03 -2.464593939243086250e-03
-3.318642472098523154e-03 -3.045753132212974511e-03
2.051491892987615182e-03 1.046763492929583990e-02
1.434409457410578369e-03 -3.887475981725196407e-03
8.206478649974125426e-04 -3.557205106199565984e-04
1.315674151296830456e-02 -2.144796671228917963e-03
9.786944231660599236e-03 2.337888493143540532e-03
-5.039991259070882544e-03 -8.928521048219936751e-03
-1.399156713715091508e-03 1.045160509426790738e-03
-6.952707561623487978e-03 1.139736186854358423e-02
3.005071930508403620e-03 1.244265014747618185e-02
-1.205394392890167489e-03 -3.230638382361639832e-03
-6.202309645010659067e-03 -5.987600109175590483e-03
-4.451136572351896414e-03 9.971829481809264123e-03
3.870775647795613936e-03 -1.190418365293382076e-03
-5.633476135383986248e-03 -7.598943783977987060e-03
3.073054843151833485e-03 -3.817896532250912925e-03
-5.336063198317813824e-03 1.040415443674094081e-02
-4.214170475073496756e-03 5.106537055775534333e-04
9.309818963445735604e-03 -7.983562542366295575e-03
-5.531422055972231439e-03 5.805203454467338861e-05
2.503295295605748646e-03 1.839432701404756544e-03
2.430650541977844893e-04 -3.712266070667537450e-03
-5.791187444098457385e-03 1.145490282506889720e-03
1.214143694061761182e-03 8.198527617210474294e-03
1.318576753024132062e-02 6.209143567577684805e-04
-5.944268563218591504e-03 -1.034000344527688173e-02
-3.668264025799095572e-03 1.882508708353786402e-03
9.754469601720626437e-03 -6.957752711120156024e-03
3.020047958103828575e-03 1.180251288204106630e-02
-5.457786797697363954e-04 -1.272879120862185388e-02
-8.681879611850530296e-03 -3.499280841165266793e-03
-6.538807246954410693e-03 6.392495583665103870e-03
2.185477872933707429e-03 -2.604551106603898106e-03
2.428415157628188020e-03 5.040119028575328758e-03
8.717004586041573327e-03 1.201390157471498438e-02
-3.168211697230598114e-03 9.220761066286135496e-03
-1.532088886238467621e-03 -1.285575219373507813e-03
-4.203441328559776209e-03 -1.397036438312692155e-02
-7.982764273952690226e-03 -1.998868316452025173e-03
-4.952913207254551822e-03 -6.313879642621607509e-04
1.075019960827103445e-02 5.234807387318303473e-03
6.041277493133677401e-03 -3.154832206464667187e-03
7.982684147467972169e-07 7.310950646992348673e-03
-6.882202074232294381e-03 5.712730923949275660e-03
6.037573341458751970e-03 1.302911002895070815e-02
-7.862285554275833671e-03 1.154792041291481317e-02
-6.333645280705683250e-03 6.303565456010169418e-03
-2.856365461974637830e-03 -3.441101037116147190e-03
8.758484056162250606e-03 3.563559602133770359e-03
1.648320724830900155e-03 9.914831254687040372e-04
-2.607201450857468510e-03 -1.404457402219510317e-03
1.080572906806794367e-02 1.903137081577487011e-04
9.237461400214577387e-03 5.793039519935919666e-03
3.655810572952576665e-03 9.333544292212753168e-03
-1.010833803650426285e-02 -1.954866271583583295e-03
-6.911228091503950413e-03 2.947019895963730231e-03
-2.597653881262258378e-04 1.087438247962215897e-03
1.561242673014569867e-03 -7.305649958489071963e-03
-3.153107900131869694e-03 -2.776312404995743503e-03
-3.058877083971155760e-03 -4.133191380176551299e-03
-9.362570309485770959e-03 8.900995449658893541e-04
9.579131921158301824e-03 3.207839091512672096e-03
1.187646698210057666e-02 -2.174748726419986448e-03
2.108873428621987987e-03 -2.668829867572402106e-03
-2.402039484608741067e-03 -1.493387529874444768e-03
1.789331699616930269e-03 -1.037777876372149299e-02
5.568399106000734150e-03 3.645975812973569624e-04
2.404562059356504800e-03 1.206930326500723141e-02
5.954869940227648130e-03 7.215921562418029823e-03
-2.252406978154420508e-03 3.462176021630956110e-03
1.591992996621745607e-03 -1.274973842363309306e-03
6.646162014871944551e-03 -2.975407065719786609e-04
-4.959810432587542436e-03 -1.369124831682004551e-02
1.555015946590739473e-03 -1.697623458205121299e-03
-1.039712944190350485e-02 -3.633139051608054709e-03
2.011066230290794836e-03 3.515055137175657120e-03
-4.833519946386951108e-04 -4.713424535225886960e-03
-2.063945345834134523e-03 7.484180712707006475e-04
-6.581883253903440985e-03 2.209362622602596520e-04
-1.387785787330036644e-02 -4.184027347601086688e-04
9.189084704760909494e-03 1.183521139959250665e-03
-9.896310496298808650e-04 -6.443650392875645630e-03
-7.317177373411174173e-04 5.608824768698259227e-04
-2.952320584467008242e-03 -5.349187150074634182e-03
-1.585095771292181505e-04 1.433483419492527456e-03
-3.324996968027018121e-03 1.391920957391659663e-02
-2.659921145514170145e-04 6.695464748245024030e-03
-4.560215646602448075e-03 6.119095165757031107e-04
-1.136740981335295593e-03 -8.232982092496220553e-04
6.639137020034509458e-03 -2.000464853281737777e-03
1.217413545817585922e-02 -6.885522917394804911e-03
1.047810853680360924e-03 6.181362430008945042e-04
2.055196044662540612e-03 -5.716307306119536302e-03
-8.897770724614121468e-03 1.107066737519550245e-02
8.960995678158768102e-03 4.255649945194174902e-03
1.221111250820686514e-02 -6.462873301552991834e-03
5.049922137169638586e-03 -1.286344768747938946e-02
-4.521514290239786113e-03 4.299524220556809675e-03
-9.610936052186831724e-03 6.164406557062743902e-03
-6.182160698415261300e-03 3.167157889806740748e-03
-1.053801264718372960e-02 -3.620813368264838832e-03
5.222481703975087597e-03 -1.089108281355125572e-02
5.738308328553756374e-03 3.117982925938326058e-03
7.748704059935610650e-03 -1.203484878972534838e-02
-4.415756059150603534e-03 -4.227422196336123351e-03
-1.275899880282502317e-03 2.453992562234029624e-03
-7.999592377385577463e-03 6.733240066690777612e-03
1.208162894834930411e-02 -2.263678854074920033e-03
5.350113187993826326e-03 -6.998306143322783474e-03
1.316111616355603378e-02 3.391479461959615721e-04
8.083221816528366431e-04 -4.966037159013218143e-04
-1.275841613993638482e-03 -1.121990214773023985e-02
-4.352047399588947381e-04 1.091683920772110530e-02
-1.228732222073599875e-02 1.404580617946107586e-03
7.234115450978598379e-03 -7.104513296740037724e-03
6.134998554427938469e-03 3.752929896820710910e-03
3.644550956820836411e-03 -1.880933007771969914e-03
1.548815767678377508e-03 -8.415446349062915762e-03
-1.338867289100646556e-02 -2.630512611817506161e-03
-5.034246860700101502e-03 1.354717820590240276e-02
-1.193270631562619007e-03 1.229273062453427670e-02
3.503217708173601667e-03 4.088548647013687427e-03
-1.023685444927544680e-02 -1.084719289151547458e-02
-9.390487763923805603e-03 2.752046741576278863e-03
-5.650001717681310195e-03 2.434954554202512465e-03
-6.223611829040818187e-03 5.862811957390216475e-03
-6.559928867622438764e-03 1.185670899898782354e-02
-1.114247395238322433e-02 -7.797118191041057557e-03
1.365636388086539227e-02 -2.508656232971624906e-04
-1.106692474441276983e-02 3.437082505632447094e-03
-1.304130374609648382e-02 -6.508404929198569402e-03
-6.982011540114387883e-03 -7.706384269555601949e-03
-1.960300117656534524e-04 9.817343301548526677e-03
9.423663931500444579e-04 -8.608883984611187187e-03
6.099365229551727274e-03 1.322323173764589251e-02
-1.155340029877226921e-02 -7.518968143910603058e-03
1.213483441865016721e-02 1.130254763461184433e-04
-4.054422558412159629e-03 -1.287307232998536992e-02
8.759585016070051827e-03 -1.168689337974146945e-02
4.825086719981278721e-03 -1.618031077514930915e-03
-2.859086522017291639e-03 1.298313667214482520e-02
-5.256690160128184644e-03 -9.346169562135058645e-03
-1.115819635019886817e-03 -1.239979016726884195e-02
-5.706844606837031993e-03 -1.327665021933354186e-02
-8.683867318479199238e-03 -1.032417905397279428e-02
-1.640764501590942677e-03 1.224996128489456819e-02
-3.872595861443017991e-03 -1.279039129740594614e-03
9.905235576702729056e-04 1.028563708657144818e-02
-9.475306320647121014e-03 -1.092970912124805946e-02
-1.458151101696000774e-03 -1.106512363643370744e-02
1.050694030818886786e-02 5.726430179137826336e-03
-9.332136336572748395e-03 -1.092402788800344096e-02
-1.961401388468103266e-04 1.388414409335975326e-02
-5.821838051942425374e-03 -6.059851789672724559e-03
1.143413479425181220e-02 -2.018044415685319587e-03
6.652361073529657054e-03 -1.237036377463078540e-03
-6.020531654744012452e-03 5.621222323351095403e-03
6.422208556410375670e-03 -1.883231641781597451e-03
-1.066537452482938311e-02 -6.383850144884029194e-03
-1.242521903861640298e-02 -5.660536005752842513e-03
6.021608549006679870e-03 -1.732897903232650085e-03
-5.513862130654740082e-03 -1.789572406754243910e-03
