-1.136177387539237527e-02 -4.610796075023362861e-04
-9.904900376587189720e-03 -5.308761487377812970e-03
-1.337400527493560858e-03 -9.607359670015892805e-03
8.140810832120952065e-03 2.588377676386244101e-03
-1.594308091418233236e-03 1.138993773949820501e-02
-1.016996645321919558e-02 -2.659282297986061833e-03
-2.468042551909472269e-03 -4.681748173701340103e-03
-8.815402572836236739e-03 7.549912415308406358e-03
5.459990530660485675e-03 9.672564468904269394e-03
-5.845663096472081266e-03 -9.212937803033272727e-03
1.330040283200404098e-03 -1.429507903113423455e-03
2.993672285083239740e-03 8.255781383341544502e-03
1.209896812979268776e-03 -5.642353206060705950e-03
7.180541049217877524e-03 8.244381737916379321e-03
-6.911643051332660103e-05 -3.843473936854909434e-04
1.264372465353463164e-03 4.716074879478776051e-03
-6.467710971097815655e-03 -1.267206434620407607e-02
-5.620224414121358786e-03 -1.150404613755103694e-02
9.809536042557721880e-03 -9.979253610855325085e-03
-5.074908753311218462e-03 3.247737850498705857e-03
-3.161394182343077799e-03 -9.767194419270644121e-03
-4.837669544822492630e-06 -4.609518379972101692e-04
1.486622763555761444e-02 1.574095260069252773e-03
5.375690592599097206e-03 -1.076252529161492860e-02
-1.199833475865587015e-02 -5.303061664666373562e-03
-5.028128594687263607e-03 -6.764645063511825693e-03
6.479238386026853723e-03 5.501996904491269526e-03
7.213143448661155088e-03 6.183086736333312863e-03
-5.388814544356050921e-04 3.310691439346681369e-04
-6.256242567973554873e-04 1.367879486397809196e-03
-3.296306200208581200e-03 7.350977175482367211e-03
-1.586357058660815833e-03 9.046876327354010788e-03
5.673566548625655868e-03 5.217580149677932683e-03
-7.086102753107249679e-03 1.108961891916935075e-02
-2.023391913634009845e-03 -3.655938342455880563e-03
-3.120968519647617477e-03 -2.814614627151602790e-03
-6.685917178659253612e-03 1.201284776729044657e-02
9.342293593382063966e-04 1.312078661898980121e-04
-1.808091589334680184e-03 -4.845957573543139760e-03
-3.317381184723390119e-03 2.242204735353308439e-03
1.517112858642253367e-03 1.925712484806801038e-03
6.593282899328033707e-03 3.965932501875059010e-03
1.789203930113054996e-03 9.791574421259504647e-04
1.308371345082820665e-02 -7.036081461766033850e-03
7.505511236232590214e-03 3.034353486788490643e-03
2.091247056774134944e-03 -1.247672131424450766e-03
-4.859736198517124531e-03 1.341465482525774910e-02
-5.518968603123780917e-03 -1.115800096602140475e-02
3.235811301362754851e-04 8.589500871525918187e-04
1.199799950920014957e-02 -4.030881761753183148e-03
-6.547891797581155762e-03 -7.909337077603967314e-03
6.679019953329995473e-04 -2.507270811984171986e-03
-4.024319785874773403e-03 -8.272082583063182851e-03
-3.422548627349672294e-03 -2.610777833028409163e-03
-2.198138805732644321e-03 -6.870275525095881179e-03
-2.208740182741700513e-03 -3.746193642237028408e-03
-1.685760793820931637e-03 6.088600381166912488e-04
-8.751235173696750996e-04 -1.000270757491906332e-02
3.478972473646145839e-05 -8.193226928711983903e-04
9.317977476153068220e-03 1.036425567775604850e-02
-2.500181932393724053e-03 -4.643445951545480815e-03
1.227261315541792325e-02 5.598478930696929728e-03
3.378546582481230416e-03 4.852040704768380546e-04
-7.837043399125713516e-03 -1.550242161797568685e-03
1.018978015036023192e-02 2.480096870549978235e-03
5.107048133795470679e-03 -3.286040072654566012e-03
1.171265671646672113e-02 8.207756345007168747e-04
6.975842101927604705e-03 6.310319086144786614e-03
5.920207984995062324e-03 -3.321691950558215787e-03
4.920310807809343510e-03 2.692682965844766206e-03
-2.666179523320763751e-03 -2.889893899336646536e-03
2.318410045457083325e-03 -2.738153778035995554e-04
-2.126835049926133203e-03 -5.243955822698521951e-03
2.508132965151141890e-03 2.300384539401286160e-03
-5.143434395362215736e-03 -1.051653852846075668e-02
3.167636152522654378e-05 1.984690557271347883e-03
-4.809251888216311763e-03 -1.278167032416769808e-02
8.576249150265223206e-03 6.692910522107559275e-04
-3.998870150774167312e-03 -6.793655255097064138e-04
-7.953403007223951854e-03 1.010078613795421798e-02
1.764258908685735700e-03 -1.069405196677000909e-03
-3.640108742080252688e-03 5.679843368490252375e-04
-9.725963516361407421e-03 5.108680417846610602e-03
-3.699794523662681533e-03 -6.929531264854269651e-03
1.097208524065958028e-02 -9.387129741817051875e-05
-1.033853556096918369e-02 6.255740988702675372e-03
-4.417772423303797762e-03 4.464737484237374029e-03
-1.407016946036438419e-02 -3.913787719078572896e-03
-1.001663330444258621e-03 -1.491398298246171018e-02
1.406478448686812772e-02 3.352135549681165179e-03
1.114271137151451319e-02 -2.177128651018758829e-03
1.152049152305990171e-02 8.558109967114245833e-03
1.208758520684274007e-03 -9.178730622935719896e-03
4.265206695946917618e-04 1.167546426838608070e-02
9.173873583833536127e-03 -2.141432288013190091e-03
-1.162835990261296484e-02 -8.203389789523366990e-03
-4.695384699120429446e-03 8.935784101560309209e-03
-7.804271618768422562e-03 -4.861318359743606321e-03
4.827886934062068994e-03 -1.077176348655085533e-02
1.057517545416973527e-03 -1.147237660980483104e-02
4.417787988621033404e-03 -7.926275015718941760e-03
1.847559090920091254e-04 3.972204980241715068e-03
-1.004580976213636893e-02 -3.962741742874150742e-03
-5.721231448275673759e-03 9.518950156839282861e-03
-1.899796417032121980e-03 1.033232512236723945e-02
-9.896042650754349572e-04 -3.616541813602015321e-04
-8.854305822630718567e-03 -4.483434950253714808e-03
2.693815553329951748e-03 1.934761513577592682e-03
-1.883925286860677409e-03 6.152105560163261856e-03
8.018106156047354396e-03 1.789190483369503459e-03
6.243731813843660626e-03 -9.695466569698685602e-03
5.474241187725382464e-03 -4.219325263069652332e-03
-8.826840415645371279e-03 -9.519542263598287923e-03
-3.703787963365653794e-03 -1.202243815737902635e-02
-1.090443782175481817e-02 -5.607162595601622446e-03
-2.616100693324993013e-03 -7.877563482234306927e-03
-5.885840868642315885e-03 5.492621006080338972e-03
9.213567990694136733e-03 6.647950071704160531e-03
-6.788364563215772488e-03 4.635681214575145849e-03
6.043720437718975470e-03 1.175883851175231389e-03
-5.079244412976338142e-03 -3.139524944891878156e-03
8.625663062660861085e-04 -3.397474563433400350e-03
-1.373155904239251220e-02 4.583402826708109397e-03
-9.165773833958876238e-03 6.306793137600898332e-03
-5.521204242947344576e-03 4.381194856578580349e-03
-1.011745022437057296e-03 -6.895219303371130475e-03
-8.795004605984840795e-03 1.153777819825371927e-02
-3.047446322623929404e-03 9.035077257753917901e-03
-5.604980066733223840e-03 1.198707702023895511e-02
-1.301542490375840432e-02 -1.527685373245405050e-03
8.253063255761994635e-03 5.900250594804029060e-03
