7.683834510502274631e-03 1.421684639860560685e-03
6.814682180546748416e-03 8.524822976351972836e-03
-2.129613163681646180e-03 6.894000853863579623e-03
1.573440586853339313e-03 4.192169452639275817e-03
6.278115820913293850e-04 -1.259071776841184215e-04
-9.156019286358035858e-03 -5.267808920970205172e-03
-2.953709641345444743e-03 7.197911882058467478e-04
1.393393006250857186e-03 2.539873211429271877e-03
1.241581145549656637e-02 -4.528810649780719982e-03
1.096650568093625105e-03 3.204661843549675999e-03
1.188694058960632766e-02 6.058105596567924661e-03
-1.305388916514544804e-03 1.711274313674550785e-03
3.930216739218505249e-03 -1.727974647604133690e-03
-3.607896896457362963e-03 -2.701033132809557442e-03
4.120482388316134854e-04 3.087104832829206877e-03
-5.796488132603665709e-03 2.707531223935744948e-03
-2.260693260367560662e-03 -3.528705992644405945e-03
5.857781299864020172e-03 -1.133705862395418401e-02
-6.042411011003574056e-03 -1.349006186694791734e-02
9.067998788949019687e-04 1.198739813219041120e-02
-3.223150368563247343e-03 8.853257601731806536e-04
-1.127065642244346778e-02 9.860546674600820932e-04
-3.165561352982690715e-04 8.439740595564868518e-04
5.148399834411703478e-03 -3.794458393876556923e-04
-3.924788281209420568e-03 -1.119100249967216673e-02
-1.699347764538709175e-03 -4.819981034730495481e-03
-3.306652038210459305e-03 -1.223881335335298692e-02
1.457208748264066361e-04 4.486261546551368793e-04
5.692917226807666861e-03 7.061387501669057556e-03
1.976739524509057587e-04 2.311385050613719923e-04
4.187794802053479079e-03 -4.057385204277757194e-03
2.003242967039050042e-04 -5.498819656521446208e-04
6.754442820708890863e-03 1.751428611667873222e-03
8.674391598052137373e-03 3.819349473882253411e-03
-5.212678595380777768e-03 4.560502837000555802e-04
1.183521139959250665e-03 -9.189084704760909494e-03
4.364266000484340324e-03 2.421917066500859066e-03
7.281413551700674763e-04 4.266123552698105302e-03
3.508828410752397233e-03 3.596960269992475600e-03
-1.161531253709591205e-02 -4.981667859822709946e-03
8.782672403889083684e-03 5.868318792122104860e-03
1.897947754909026221e-03 1.005133980938594960e-03
3.093666808708188214e-03 3.313868687304672572e-03
-9.429962433664939095e-03 3.770717239419474516e-03
3.533942796397282309e-03 1.855733901126395326e-03
-3.381659945691894553e-03 2.318809179665027882e-03
-4.835292311781180449e-03 -6.994458396447663165e-03
5.014413854469341753e-04 1.269274019651869031e-03
6.275800726111713940e-03 8.855892120285960636e-03
8.979212838470092273e-03 -1.054543677622910881e-02
-5.005329303838866595e-03 1.609092464756989305e-03
1.230971797495438586e-03 -5.335807659305058384e-04
1.089764478942966720e-02 8.948398630112054317e-03
6.374869211809743160e-04 7.959964983103018626e-04
2.837477802751651752e-03 -4.256990943021846368e-04
-1.561577922469720376e-03 -2.028293467931164759e-03
-4.241472186011565129e-03 1.009907765731765531e-03
7.323611579790714407e-03 9.474028363285712934e-03
5.015802911344048598e-03 6.623761858231601816e-03
-4.763988555973308441e-03 -5.368138694049162489e-03
-5.032631014776935835e-03 2.108346524911200968e-03
9.117653179449602182e-04 1.091413764341319899e-03
7.548587243181049782e-03 9.205912808194015307e-03
1.204683922361341267e-02 -1.444356161204402196e-03
-6.469563046935848660e-03 -4.580093228495707956e-03
2.993672285083239740e-03 8.255781383341544502e-03
-8.223721713302102523e-04 -2.909244577517977517e-03
1.224745071072178698e-03 5.074445734352764706e-03
1.208427929260344480e-02 -3.044699324789797157e-03
1.136004956905878847e-02 -2.803885480637419506e-03
-9.724676967424140603e-04 -5.841815349597531681e-03
-1.438784107996375324e-03 1.403531364300779176e-03
1.571125492056852334e-03 1.430713334977417109e-02
1.396506369462092046e-03 -2.641400387132742875e-04
2.170246306329172122e-04 2.074945857052496161e-03
8.469692650761865421e-03 1.885286822110660270e-03
-1.845196408868990650e-03 6.088329016461811044e-03
8.574524843931636414e-03 -2.595674035929000298e-03
6.899030177658597041e-04 -1.444483930709528421e-03
4.208406767609263084e-03 3.074380015278509182e-03
8.236815177595333166e-05 -3.520754959887558398e-03
6.665847942509106269e-03 1.088021007183938293e-02
3.240648970907796488e-03 9.050452709525631453e-03
6.861797588627785612e-03 7.846383488762140312e-03
3.845198243190342622e-03 2.573800782998763702e-03
1.143837831970409558e-02 5.253583684708407198e-04
-7.037933537603496131e-03 -4.991742333120517683e-03
6.846023292616824560e-03 1.175570107203083563e-03
-8.023317706152815337e-03 2.405488097274555495e-03
-6.048637737428195701e-03 -7.882035366665788786e-03
-2.991484959790626733e-03 -7.013809074628995013e-03
-7.314064010204944857e-03 2.804811518556150646e-03
-8.012716329143758712e-03 -7.185937855842972760e-04
6.473937697521645399e-03 7.064037845920125187e-03
-1.320869459059416384e-02 2.362284320821541293e-03
-5.894965829844370578e-03 -9.776470624154848243e-03
-8.130209455111324715e-03 -5.712459559245776884e-03
8.415552247843393133e-03 8.608021629907345457e-04
-7.249785249236440424e-03 2.728207074244432071e-03
9.402995972182592171e-03 6.062480247154292991e-03
2.789899375712949665e-03 2.275733172715997590e-03
1.098173724753977870e-02 8.692608758363570831e-03
5.107048133795470679e-03 -3.286040072654566012e-03
1.649118993247007409e-03 8.302433772462194592e-03
-1.608693330550186847e-03 -1.349853980342012030e-03
-6.553655505045389434e-03 -4.324303356747905350e-03
5.373710747257760302e-03 8.686382031940203391e-03
1.031573538710945249e-03 -4.029684359131634544e-03
6.401372654345445024e-04 1.497602759610496687e-05
2.354588827071981555e-03 -7.162116408955278984e-03
3.149068498999862357e-03 9.626311213990421112e-03
-2.993337035628089449e-03 1.078162043078693087e-03
3.504198221153187812e-04 2.382688806425587759e-03
-8.117085503353934500e-03 1.739374293027476110e-03
-3.254363711129448430e-03 -3.122357576525374399e-03
-3.897151320816202337e-03 -2.356313133406140372e-03
-2.416089474284973011e-03 -4.899235823295104882e-03
7.192994502065758189e-03 -2.971671262649019235e-03
5.006127572253042668e-03 5.701858182236039380e-03
-2.162087793621620280e-03 -2.401640350400116065e-03
5.407829973083349423e-03 -1.080082751377078876e-02
6.683650142920250035e-04 -4.530263591411379590e-03
1.222814809159102761e-02 5.495897947571885128e-03
4.508725587936183998e-03 -2.417414646410967830e-03
3.406646561834836186e-03 7.296900657316797607e-03
-1.107251945103252672e-03 -8.057996069014289071e-05
1.209694022540123981e-02 6.430127306911343453e-03
1.368406390108486709e-03 -7.075836625553234491e-03
7.620944806412207131e-03 -4.570689254108200802e-03
9.340106268091164649e-03 7.010635318439092240e-05
-2.512172366282578503e-03 4.549614269592710571e-03
-1.297702918182154497e-02 -5.536850513980633506e-03
-7.159003045744043690e-03 -5.158602077214528153e-03
-4.105426650277525097e-03 5.366302443901983625e-04
-6.562867825177370017e-03 -7.269199812170674957e-03
-1.147098071914737227e-02 1.535936633112226606e-03
-7.047512758587707107e-04 -9.272315009703942235e-03
-2.407499594012964261e-04 -6.402697826467357821e-03
2.098144282108267006e-03 1.181218822113207223e-02
-1.034690067061044307e-02 -7.115591789338611937e-03
3.494443171619873549e-03 -9.142831449847059477e-03
6.948077372029150094e-03 8.832565925725063133e-03
-5.740830903301520106e-03 -1.369389866107111227e-02
-6.416013432481636365e-03 9.824320415897728684e-03
6.854900363292293526e-03 -5.213476863795525433e-03
-2.732310360126730467e-03 5.278681662682760574e-03
-2.997711686213886621e-03 -1.405782574345724577e-03
-7.739954758759715276e-04 1.700273802458011040e-03
1.432562187478842244e-02 -1.359800684135835207e-03
-5.161188536713943835e-03 2.261555413534639854e-03
6.860871550708374025e-03 1.189236904761541147e-02
1.156348722897392912e-02 -6.157780696432110616e-03
-1.965339879088765299e-03 1.875483713515670430e-03
-1.011296822608951079e-03 1.827506152268805212e-03
-1.060934805443328167e-04 -8.069970095273028277e-04
-1.170954335325548670e-02 -3.624788884643262606e-03
-1.101616007143683788e-03 7.691322524299415951e-03
-1.087438247959713342e-04 -2.597653881264448873e-05
-1.220130939961198459e-02 -3.972159228298889622e-03
2.910170615437960261e-03 -4.868357730184163373e-03
1.988602188897548549e-03 4.475261035327078411e-03
-5.526121367466451523e-03 -1.503988906884862068e-03
-8.214764932180460694e-03 -3.433676908070087096e-03
-1.563765247762333600e-03 -3.270265776643713380e-03
-2.939324402214851806e-03 1.345958290804492169e-02
5.286632695440288132e-03 3.892489479837878477e-04
-5.168804320013841531e-04 1.393856025210453691e-03
-8.647089887112708109e-03 -4.318603534035323627e-03
7.542951305222051622e-03 1.434010323203776128e-03
3.533942796397282309e-03 1.855733901126395326e-03
-1.768927214011631766e-03 -3.181335648988098917e-03
-8.298601851280321259e-04 -2.589175944801670910e-03
-1.556277233965301784e-03 -3.590334409361842748e-03
7.053420643210997400e-04 -4.107613975570028816e-03
-3.161394182343077799e-03 -9.767194419270644121e-03
-2.870080202196289773e-03 2.486994095884109864e-03
3.290079473785321746e-03 -1.742950675199096992e-03
7.903637254892636327e-03 -8.641326179648583725e-03
-2.952783603427394047e-03 -3.326194370648568027e-03
7.521413301746856031e-03 -1.651769337499217356e-03
-9.595512249373065218e-05 -1.908086112959628440e-03
-1.495574855168418449e-03 1.160067175895050130e-03
-1.119577628445896957e-03 -2.214631659710466160e-04
-7.006257176079630153e-03 -3.007051775850312983e-03
-1.736660064023505361e-03 -1.457657407699140123e-02
-4.106591819531763346e-04 -9.156083171109687807e-03
9.471314134281741751e-03 -8.641230061532450754e-04
-1.211767996046089757e-02 -2.204956320620164202e-03
3.951754742693700841e-03 1.357805013098859143e-03
6.843708197818976040e-03 1.129053400433683782e-02
8.053732780303480762e-03 -5.708755407570171442e-03
4.756500542176848000e-03 5.688207326766610977e-03
-1.173718031364369896e-03 -1.245947825090972612e-03
4.079386226712658145e-03 5.250581683329835249e-03
-6.990355110564793611e-03 -7.693174600138701427e-03
3.260590437552707884e-03 -2.485668923757896037e-03
-5.422550461670453542e-03 -1.127290763248966349e-02
9.890387367951362571e-03 3.925905973385041339e-03
5.903507651066048842e-03 -5.946519773262856461e-03
5.274818090118017777e-04 -4.517937908068164581e-03
-2.498457626060926126e-03 -1.378480863407546267e-03
1.809017627252731313e-03 7.999720146887256359e-04
-9.707689443095308957e-03 -3.054630202889233644e-03
2.979159276447411291e-03 6.872925869348772004e-03
1.325660826708937798e-02 4.270226838581654867e-03
9.891680306714258075e-04 8.466643172302171921e-03
4.636660670023231255e-04 -6.464326243183653176e-03
6.799370903496744327e-03 -1.689831846338287792e-04
-1.164042692274079756e-02 -3.240441490956630106e-03
5.739234366473167960e-03 -9.280026329149468345e-04
4.735425557660677756e-03 5.794348866364098898e-04
-1.089753342760064851e-03 9.855198509007526142e-03
-4.836218349699231145e-03 -2.948472837593248824e-03
3.984357142136978405e-03 -7.034899884842077487e-04
-1.834132012899547786e-03 9.412543541768932012e-04
2.287531952347964578e-03 5.052444711918543767e-03
-8.729793288343811949e-03 -1.013179200056800108e-02
-1.000237232546323345e-02 1.020906694379048255e-02
-4.553988920179758912e-03 -4.996116983706886880e-03
2.166925463167803691e-03 2.862592188398468442e-03
-3.894963995523018606e-03 -1.114340824694271762e-03
-4.756963561135873347e-03 -3.665214547339402940e-03
-1.192623273443325221e-02 3.634208684724477521e-03
-2.946221627548983868e-03 3.997225554883984764e-04
-6.578306871731820320e-03 -4.606069767308351368e-03
3.900727702987823436e-03 -2.470692896162471515e-03
-1.935515593402362469e-03 1.195214538849356453e-02
2.628068955421792793e-03 -1.417764978991729007e-02
-1.271553948736115977e-02 -3.359323673803774925e-03
-5.789335368260994236e-03 -6.946480835200798815e-03
8.320475104212159655e-04 3.831148253513539520e-03
2.008878904998181829e-03 2.273082828463108065e-03
2.431065501880397099e-03 4.259098557859989330e-03
7.290673930894789540e-04 2.201379938448324637e-04
3.210361666261006552e-03 9.967838139738032909e-04
-1.960502209543942779e-03 2.336435551512880925e-03
-4.837669544822492630e-06 -4.609518379972101692e-04
-1.553163870753276540e-03 -6.394347659502566152e-03
7.940486535417836875e-03 3.138259642040210507e-03
5.855801454522682400e-03 8.111848699600947982e-03
2.511581577818316775e-03 8.830314715680798177e-03
-4.507799550018133303e-03 -1.628570912443446511e-03
4.256112964152630393e-03 -1.098398845758529439e-02
2.490969612263104361e-03 1.698549496123852656e-03
-3.213938048425206098e-05 3.830222215585963322e-05
4.386730041878946634e-03 1.461711168350579007e-03
7.017656821500493653e-04 7.193920539979021915e-04
5.944396332721896270e-03 -1.016932760569881286e-03
-2.616413770988088201e-03 -4.349353857641138042e-03
9.506103859017633190e-03 -1.683445699023762912e-03
8.241140605200479238e-03 6.980408406770289773e-03
4.388869308106571610e-04 4.610843552102202383e-03
7.727373536410330271e-03 5.570251181838197299e-03
1.071553765303844691e-02 -5.302806125657941703e-03
-8.816663860210797315e-03 2.261954547741442095e-03
4.498922479341303446e-03 8.017617883440913626e-03
4.979288880273999643e-03 4.178119462963043873e-03
-7.578667067877924504e-03 3.431297928520695914e-03
7.244819810186381957e-03 8.167777293604660746e-03
1.170331662683222508e-02 9.232815384926533475e-03
-4.144128006640758650e-03 -3.150984459590228191e-03
-1.505713213218449727e-03 2.261156279326695297e-03
-5.090683049322180381e-03 -3.423075531060349591e-03
-9.221224085244590987e-03 -1.145218917804071389e-03
-4.930273337365047347e-05 -5.635328211227157722e-04
9.381409909649781123e-04 4.638145263041522359e-03
3.742090356353940279e-03 1.031972672917567946e-02
6.874251041474304519e-03 -3.369669511804400993e-03
-1.147834096344189057e-02 -9.500930940018231102e-03
-1.097252492740915901e-02 -5.747712302941944407e-03
-5.869053175783377381e-03 -4.206746346027436662e-03
1.026234519354130535e-02 9.394374440514302593e-03
1.831018649686952252e-03 1.862758895964511082e-03
-1.783903241607846454e-03 -2.541198383554805693e-03
-4.690162225419035325e-03 6.834096743480982949e-03
1.358603281513605940e-03 3.359195904298647832e-03
3.968918095583098826e-03 1.959640056377434745e-03
-2.696466827967553687e-03 -1.094356279488847491e-02
2.419665856455233219e-03 7.222979372535132982e-05
-9.126993269084447344e-03 -2.502097892984198740e-03
1.020972161700527733e-03 -9.056024762739234377e-04
-2.839792897549500705e-03 1.054066299143593781e-02
-1.037029074992310181e-02 -2.109400332333916453e-03
1.207990464201571731e-02 -5.528643942214677559e-03
3.262314743879140026e-04 7.792961643793344586e-05
-1.085330749510743549e-02 2.511118558858610982e-03
-1.954738502079708673e-03 -1.248598169343182124e-03
1.118702698329374079e-02 -2.753257575137665197e-03
-1.759714893880441567e-03 -2.364391935671515286e-04
-1.433483419492527456e-03 -1.585095771292181505e-04
-9.831409295488067329e-03 -2.440469476267904687e-03
1.135814943421545819e-04 4.869283768109964922e-04
4.302637583769405860e-03 1.717501040098381180e-03
-7.421083528667327990e-03 6.043800067883263460e-03
6.775517805225061106e-03 6.860201051798073442e-03
8.576249150265223206e-03 6.692910522107559275e-04
-4.274872853874242995e-04 -4.239747879680261450e-04
5.400677208740107225e-03 -1.146815454633564983e-03
1.600407048337618285e-03 -5.641028033934030253e-03
8.920442245957281233e-03 8.660006358919614122e-03
-1.012297881464339563e-02 8.019214420270407220e-03
-8.247830350584125364e-03 6.506108729390459519e-04
-3.168419177181873783e-03 -1.147011856598154425e-02
-4.782077946780758856e-03 -1.923988178473323100e-03
6.751792476456680916e-03 2.532449082383211349e-03
-3.118653424849198233e-03 -1.292957852428603532e-02
-4.497198173009076677e-03 -4.752652795302299282e-03
-7.220423982501117041e-04 1.482786152865388143e-03
6.109004866770498601e-03 3.298493525501764931e-03
2.119011786672590422e-03 -3.769918971004727719e-03
6.679099663771733732e-03 6.975107718266333051e-03
-1.071898626570619295e-02 -1.227124050620889868e-03
5.103008732664823799e-03 3.563958736341253479e-03
2.250554902316958227e-03 4.629795096076731557e-03
7.646059192057663365e-03 -6.311915622974961088e-03
1.153525948011644743e-02 -1.612541077424626060e-03
2.566648018655412651e-03 5.808813815945629982e-03
-1.747852229496822630e-03 1.927436791140959638e-03
-5.611012093990739094e-03 -8.559149682129408784e-03
4.962923795798776863e-03 1.088723506667749891e-02
-1.146833037489573479e-02 7.549161623975680566e-04
1.720885768012543442e-03 7.905760695432346649e-03
5.489272086941251842e-03 -1.027559691480393195e-02
-7.823791677863086921e-03 -5.455344515370618569e-03
9.245077183516274208e-03 -5.883965318627830399e-03
-8.378112178854502882e-04 -2.461145326574769050e-04
-6.145981916799572904e-03 -3.721143141343115704e-03
1.231434816454463933e-03 -2.556573545357713334e-03
-5.590272358930291167e-03 -1.278432066841876484e-02
2.480831254213073517e-03 2.799638599555497823e-03
-3.155758244383508482e-03 -1.995291934281084520e-03
-3.736119168939220671e-03 6.786119182234116864e-03
5.190549803442682207e-03 9.838099040871604167e-03
2.980548333325849092e-03 8.039475310682908573e-04
-5.407574434074240155e-03 -1.191304489792295931e-02
5.942544256884433121e-03 7.075038357137805947e-03
-2.372087429416531133e-03 -2.773662060743533556e-03
-9.636385687288799573e-03 -1.428310500491874850e-03
-6.836762913426000336e-04 -4.163542569573741581e-03
-5.708691522817267890e-03 -1.373220088322697069e-02
1.442952803003957202e-02 -1.794775983320400989e-03
-1.192610496492858656e-02 -7.722727521121144044e-03
-1.129380737042138400e-03 1.021356936387969420e-02
7.325000636669722932e-03 3.405050025004552859e-03
-8.036904676870593525e-03 -3.023352975572631343e-03
3.563767082085046896e-03 1.193239557610542914e-02
6.817460294304193008e-03 -3.613133700209668168e-03
9.809871292012870003e-03 -6.453101844350883631e-04
-7.365554068873006108e-04 9.993063887147392603e-05
-4.227773853428316939e-05 1.139391325587504888e-03
-2.140677559651659768e-03 1.204107551614917726e-02
3.542484617618961440e-03 -1.386725649629130808e-02
-8.773460083757103969e-03 -2.923422336699335253e-03
-2.043636978345513694e-04 7.399880774647964003e-03
-5.050177676185550572e-04 3.557732009916742856e-03
8.337095727694209674e-03 8.888494519729919080e-03
-1.854408728999610342e-03 3.143432561040183752e-03
-4.193893758973434201e-03 -1.691524501285736684e-03
-2.549277185819743673e-04 1.548390085960106403e-03
1.182595102041199752e-03 -5.143099145906494286e-03
-9.915501753597608103e-03 -2.184679604520102080e-03
1.300088228008765105e-03 -1.492333722450150035e-04
6.026636714993973895e-03 6.819248485390004208e-03
6.306678819221403845e-03 3.529632030563137086e-03
-1.328344695906842100e-02 -5.793965557854651241e-03
4.405282451645421531e-03 -4.005432126652467770e-03
-1.064364310876767493e-02 -6.450803157218207816e-03
5.315212101424477906e-04 -1.136793671706398320e-02
-4.216693049821831213e-03 -1.006526202955455168e-02
-2.273018943710204513e-03 -3.669589197925309399e-03
-8.268570085643783124e-03 4.875781859230224335e-03
1.657996063922476592e-03 1.913386801463586029e-03
1.169145396244860788e-02 7.068939400218421550e-03
6.972393489261220420e-03 -2.196110901329039432e-04
-3.582112011901606580e-03 1.422562735116415442e-02
2.027894333725042530e-03 -5.217053245966003783e-03
-1.606969024218312119e-04 1.915111107799785640e-04
-1.023159486993140740e-03 -3.363698324386255089e-04
5.583838152556546211e-03 -2.298532463563823878e-03
5.195307762585989122e-05 -2.174876495926230595e-04
-6.268312712313321884e-03 -9.175960753002946821e-03
-5.630825791132347893e-03 -8.379964254692645609e-03
3.259999649089017314e-03 1.089426006151493487e-02
-3.508828410757050737e-04 -3.596960269995220366e-04
-1.261255937002806263e-02 2.516865858660745012e-04
1.152741492846821175e-05 -7.170067441712125664e-03
-4.236299267011592318e-03 1.080480303014921123e-02
9.465550426814215140e-04 2.720910714701214005e-04
1.341775178080719354e-03 1.209130428744145148e-02
-3.897486570271353062e-03 -1.169025655982637753e-02
1.347641101147916895e-02 -5.792783980926809531e-03
4.009041324167005385e-05 -2.381363634300053943e-03
-2.276132306922800264e-03 -8.655759477839053331e-04
4.170631449164081093e-03 -4.659220247556332579e-03
-1.807756339879529892e-03 4.487985852877096095e-03
-5.823789843541734949e-03 3.206785284089956178e-03
3.640962314859665875e-03 -1.383254648200716620e-03
6.978157196725454092e-03 -3.804644810988966341e-03
-2.086409387229312424e-03 1.708623969421660827e-03
7.700997863390311726e-03 2.023519683137994622e-03
-7.546192437937951705e-03 1.272693913278439247e-02
1.103024171249925370e-02 1.945190932493258244e-03
5.522209735839680132e-03 -3.002948489966762551e-03
-6.570818857934788287e-03 -4.926138400026480735e-03
6.203235682935076198e-04 1.941614550321879682e-04
-1.325753430500878870e-02 -2.242412797283828418e-04
2.383024055881308775e-03 8.983523604304238797e-03
1.545675856954884051e-03 6.714416292219553203e-03
-1.600870067296643849e-03 7.664020813361238291e-03
-1.137539249750042607e-03 -8.134248856241969861e-03
1.251428915273727210e-02 7.955191198309872341e-03
-4.055197878985824199e-03 -2.945822493341501182e-03
-7.811482402186433263e-04 1.135428586159455480e-02
-8.359096750128431480e-03 -9.951281401005703658e-03
-2.925146643032813625e-03 5.508494995618598913e-03
-6.690627078700772667e-03 1.949597234464730579e-04
-1.307921103073853356e-02 -1.836910126656992812e-03
-1.084237086864322727e-02 8.720980102419995800e-03
4.937474160698741496e-03 3.294518009123341591e-03
1.066669793862518208e-02 -7.889331726206724391e-03
9.268004243869906733e-03 -8.867163996205318713e-03
-5.588212803142342949e-03 -1.854121538605937869e-04
-1.026272850205736491e-03 2.467643417702778882e-03
-8.083221816528366431e-04 4.966037159013218143e-04
-2.797850408470367502e-03 6.732823942819641562e-05
1.093024718887487465e-02 6.887103628529448428e-03
-1.394869861014784961e-02 -4.067715216584675067e-03
-1.110777219472902297e-02 2.036515865392651663e-03
-9.131367919670244082e-03 -4.986042510408617706e-03
-8.429602237520766525e-03 -4.266650456410034202e-03
-1.026466028833972546e-02 7.205894566201321086e-04
6.752718514376093370e-03 -1.513536476470061110e-03
3.191010988078995560e-03 -8.470235380173209323e-04
3.267152413431689221e-03 1.240248002378390238e-03
1.258168127691837099e-02 5.074573503856748616e-03
9.496300750422752637e-03 8.751586830828118543e-03
1.262269772807945306e-02 -1.352775689296577787e-03
-2.124647724633520196e-03 -4.001983513985973330e-03
-1.481061846531229759e-03 2.542922689888964076e-03
2.350086406982880918e-03 1.710875179467067882e-03
-7.797416004843068377e-03 -1.908613016670415892e-03
7.844196163468956581e-03 -8.103769897339654221e-03
9.064646294397513517e-04 2.653454705770175344e-03
4.999437826869396542e-03 1.333287746194537597e-02
3.636922913729019428e-03 5.466744160795102871e-03
3.386034596279052181e-03 1.651354377605316649e-04
-4.925483726809317189e-03 -1.248757823026221299e-02
4.230998578506383993e-03 -9.242762088720355568e-03
6.524629487777596198e-04 1.558592328763283553e-04
-1.445371637776640683e-02 -5.099832066679330783e-04
4.913158043466100446e-03 1.234669502498198998e-02
8.440666633490207654e-03 -8.804242058748842914e-04
-4.093978945799751305e-04 -3.868125303543865426e-03
5.817563117118475062e-03 2.401241216193313391e-03
-4.931838222737811722e-03 4.477384475867359458e-03
-1.675622435770900576e-03 -4.922290653149538099e-04
-5.600538486485557958e-03 -3.262953591408172295e-04
-6.812957874213160757e-03 -5.259857888212216177e-03
-4.162680416407233547e-03 2.316158835412818369e-03
1.505713213218449727e-03 -2.261156279326695297e-03
-8.259357765513165167e-03 7.820678314651852495e-03
2.921107241902167178e-03 1.341503813377220578e-03
-3.260239944327756462e-05 2.061295001583066892e-03
1.925249465847095245e-03 5.058799207843831880e-04
-1.142028892889664603e-02 -3.969508884046679675e-03
-1.067496781316733777e-03 -1.179588702141043388e-02
-1.094926261760037663e-03 6.030324459008055190e-05
-9.782441811569567852e-03 -1.121088008156542401e-02
1.923062140554482238e-03 -7.360923879281657586e-04
-3.112554467930603677e-04 -7.180668818723684845e-04
3.685427378688493991e-03 -1.280673665075211017e-03
6.934953420271759011e-03 1.380732073451811440e-03
7.031371561724514795e-03 1.265825406984232709e-03
-3.935980446682739789e-03 5.313008368460196522e-03
9.707433904082554601e-04 2.576850261458455901e-03
3.738306494231833244e-03 -5.544146873521568243e-03
8.400576220248538034e-03 1.500939428425169652e-03
2.348362100648722535e-03 -1.554089908672008115e-03
4.172227985994363987e-03 9.962681046430187093e-03
6.341005524998269936e-03 4.733302117119826853e-03
-1.088187049342063603e-02 -2.277585248553460305e-03
-1.114209890050588819e-02 8.328457788359631964e-04
6.553783274550624947e-03 -7.032632849098396227e-03
-3.404123987086501730e-03 3.279015077815307724e-03
-3.166822640353522070e-03 3.151782728004513551e-03
-3.249063022624239672e-03 -4.684398517954230061e-03
-4.525425921866556636e-03 -2.074131762948147259e-04
-8.613226200295658400e-03 -1.091940668053249016e-03
8.724731731180367447e-04 1.078372804563372186e-02
1.418334961262919178e-02 4.721503337488540744e-03
-2.996785648295835491e-03 -5.451768133200139352e-03
6.864447932879423966e-03 7.065363018047480896e-03
1.796356694454365795e-03 -8.674854617011734312e-03
4.574393405784924057e-04 -8.562997428997020776e-04
-3.400675374418755254e-03 9.808945254094139296e-03
-5.506435439829289805e-03 9.673761871526498010e-03
3.872036935169386081e-03 4.097539502271759643e-03
-2.312981587447999511e-03 -1.264516176947269935e-02
-2.579436720958442307e-03 -3.926704241800468148e-03
2.755109650975127479e-03 3.095055865586053990e-03
5.094594680948951772e-03 7.930012927911974860e-03
-8.206015631008867217e-03 1.534212326778748667e-03
-7.546399917888437642e-03 -7.963940499481465818e-03
-1.229119721657975870e-03 -7.558390351777181937e-03
-2.962458942518399543e-03 -4.248098046644130030e-03
8.310720054674192864e-03 5.341763021029715536e-03
6.706529144215038485e-03 -4.881082547734181057e-03
9.980451013482558812e-04 2.077596201304705674e-03
4.143329738226011853e-03 -4.159966187402120048e-03
5.038266952737294885e-03 5.663555960080180092e-03
8.106484126343516117e-03 1.384707589830234779e-03
-1.962689534837126944e-03 1.094463242801012098e-03
-7.046682838775091343e-03 -9.959631567969353880e-03
-3.145955135788628364e-03 -1.243032446413296771e-02
1.261209635106903468e-02 1.771306193561132669e-03
-1.205041560578503507e-02 6.271362190773014517e-03
-3.595906462569299113e-03 -1.189409335394957072e-02
4.125112577912099367e-04 1.064112053401319261e-03
-1.278550224535501562e-03 3.235013032947546292e-03
7.401317890589217095e-04 -4.926936668440085217e-03
-5.358399470205823731e-03 7.424129046060528453e-06
4.013846178369591400e-03 3.922826007459086217e-05
1.542690263247524247e-03 -1.838506663485344741e-03
-2.073157665966685829e-03 -2.196478384151388623e-03
-6.833697609273609551e-03 -1.034686901922860554e-03
-6.788306507526730739e-03 -4.978091477651769292e-03
-1.208911696214826775e-02 2.583747486792587096e-03
1.685760793820931637e-03 -6.088600381166912488e-04
1.430892154085941156e-02 -3.984628506840476314e-03
4.050487978944876735e-03 -8.872065550503153639e-03
-8.518532365175128518e-03 -4.471812422659442524e-03
-9.145417909347617474e-03 -8.391890803827916495e-03
2.095956956815083275e-03 1.057021591242020275e-02
2.154599779823227357e-03 2.721708983117103117e-03
-8.448362127234567559e-04 -1.949038679366555792e-03
1.110061943038714166e-02 7.617496193745713559e-03
-1.505250194258063706e-03 2.381634999006297920e-04
3.124081882858281613e-03 1.060137700973685405e-05
-8.780612848099774576e-03 6.730589722437207642e-03
-1.029587363090456523e-02 -3.287093880077281063e-03
-8.366584763926824403e-03 -9.631212768288717474e-03
-4.439146138463832131e-03 7.787692606692514941e-04
-5.675418624463118150e-03 2.874390968029754551e-03
-7.403329387315029167e-03 -6.734293874112813084e-03
1.040680478099315076e-02 4.555042727602474396e-03
1.151578103243056095e-02 7.900587776431693826e-03
-7.454611966030017141e-03 1.215108062831960281e-02
-1.031648559645977938e-02 -1.041885909963422875e-02
7.192531483105371951e-03 -9.486784832229535128e-04
-2.148037803944817612e-03 1.004207943019863603e-03
3.063251734557523222e-03 6.617135997600288519e-03
-1.493096941548650511e-02 5.255019636685323917e-04
-2.791160663088083135e-04 -7.563691040282280974e-04
1.752099110576593906e-04 1.191344403212793879e-03
-5.811591929698882615e-04 1.470460469522173134e-03
9.945964886805098385e-04 -4.452333974974126765e-03
-2.265530929913743639e-03 -3.989657830642758321e-03
7.113404464045318051e-03 -1.158887297932356328e-02
-7.594904382847340180e-03 -1.216522673611833243e-03
-1.156243342155064031e-02 -9.245141068268606169e-03
-5.372849176066823301e-04 1.495297043792004690e-02
2.006563810199761717e-03 1.238804672559754190e-02
-1.317251580898163524e-03 -4.526016710335604358e-04
-4.724361161692025059e-03 -5.726509548923151144e-03
-1.048294620634584312e-02 -6.642314267998186000e-03
-1.127629236040382683e-02 -6.785847817531298967e-03
4.656298538600623857e-03 -1.006075960946420031e-02
-3.187434605914530195e-04 -3.979982491553817037e-04
7.727038286956540436e-03 -3.763692244580897541e-03
-8.830841619391476341e-03 1.021304246016890502e-02
1.066173249957512448e-02 3.006652641642368427e-03
2.711650335513902596e-04 3.099430516172422320e-03
9.729307157014394081e-04 3.818822570170324511e-03
-7.593546977362683470e-04 -8.273806889396660355e-03
7.762163261148152457e-03 4.750928488968140032e-03
-1.324832198487680898e-02 2.720655175694386765e-03
1.061062574941627062e-03 -3.286966110573296719e-03
-3.114406543767276117e-03 9.113022989858251491e-04
-6.519328799268524210e-03 -3.120633270191215582e-03
-1.017042947217958182e-02 -6.362895185599961104e-04
-3.718365027586921848e-03 -5.991974759761958813e-03
-5.648915181939797442e-03 -4.935813739116805786e-03
-5.340437848902117399e-04 7.920209819311979692e-04
-8.221917696523133035e-03 6.220335151066455799e-03
2.444541110762209896e-04 -9.781244408948017513e-03
1.098809174346827323e-02 -8.272353947766000748e-03
-1.831018649686952252e-03 -1.862758895964511082e-03
-7.025144835301254907e-03 -6.873851907267502712e-03
-5.183189559148164774e-03 1.198768532258853974e-03
-4.048172884146456624e-03 -1.242898346631280196e-03
-1.804179957707908576e-03 -3.390201766915153583e-04
1.274953094368287340e-02 -4.770949666059773331e-03
1.296735384273053904e-02 4.614946837985071937e-03
-4.885521083072882215e-03 -3.512005658715964488e-03
3.949104398441491762e-03 2.138825483814197920e-03
2.619527134194098942e-04 1.545340607496527123e-04
3.213938048425206098e-05 -3.830222215585963322e-05
8.884519003350924149e-03 -7.165565021621773424e-03
-1.425069367774723381e-03 -4.524563768699477878e-03
3.855799620199970405e-03 -5.502810998607692971e-04
5.246079263238231406e-03 4.793605361709907080e-03
3.663218876295841649e-04 -2.303434017862120674e-03
1.470460469521601976e-03 5.811591929705687068e-04
-1.623206339186015080e-03 -2.732709494334784311e-03
-1.046060993445647319e-02 3.754416039697835734e-03
4.300913277435247477e-03 -1.547464048040694817e-03
-7.011094845624452239e-03 -3.468003613847523044e-03
-3.572644152760514995e-03 -5.543348605106822313e-03
-4.082834839379044164e-03 -1.178051185960752451e-02
-2.926407930407375936e-03 2.205371280516348672e-04
2.620453172119524381e-03 -2.500644951352858688e-03
-2.496605550222103388e-03 -9.470451981114092269e-03
1.023378219522867380e-02 4.605670633101549560e-03
-2.744971292925096201e-03 -4.196144969017699157e-03
-3.213938048425206098e-05 3.830222215585963322e-05
-3.143432561040863764e-03 -1.854408729000181066e-03
-5.329708702389318424e-03 -6.560808269388632499e-03
6.967891069170187301e-03 8.653380498288979969e-03
-8.768159395253256536e-03 -4.485463278129333230e-03
9.031038146592076932e-03 5.940117800257126157e-04
-3.803718773063869416e-04 -1.102414275557859428e-03
-1.035392566544980977e-02 -8.818515936048831189e-03
9.953867860505689197e-03 -3.461649117919708089e-03
2.630591530170126383e-03 -3.601734054785184300e-03
2.235706644225979485e-03 -6.087003844336277662e-03
-6.820445888011553680e-03 -4.939789255495229126e-03
8.214461334115886158e-04 6.955230136373072303e-03
-4.520125233361348312e-03 -1.769454117723670387e-03
1.289949869958734044e-03 9.518557311866302720e-04
3.843010917897729181e-03 1.331828474286214864e-03
2.704673399733511369e-03 -1.411337102894878563e-02
-1.676883723145462454e-03 -5.780186932881917206e-03
-4.050232439941779585e-04 -1.384180686119447978e-03
6.229739125451460831e-04 -5.868590156824704182e-04
3.098663899146233795e-04 6.787045220152849306e-03
-4.435106737333185251e-03 -6.071229548326567346e-03
-3.188951432291047342e-03 1.344593205257549329e-02
-2.128224106803209680e-03 8.250225155831003186e-04
1.172578066822547137e-02 8.272609486775111751e-03
3.020431266610801649e-04 -2.226829573550401231e-03
-9.960463603098020438e-03 8.316977467711384950e-03
6.312244202949790495e-03 6.194625364018609137e-03
8.886746090781745891e-03 -9.302195624476287603e-03
-6.197322334942278674e-03 -7.336122788357208983e-03
-9.220969885914332212e-03 5.424268730198167875e-03
-7.028846890426828677e-03 8.239700885098569932e-03
1.295629850338569228e-02 1.267582158016666112e-03
1.835164037900104735e-03 -6.151689047748621145e-03
5.718811143371469504e-04 1.120778675403192974e-02
-4.747585444819093364e-03 5.544973960304780923e-03
-6.718734866721337573e-03 -8.938034501423858247e-03
1.051095575812569004e-03 1.473843030190901890e-02
-1.229982930629889898e-03 -1.124966638069339886e-02
9.182844998566381395e-03 -5.381939192100669653e-04
-7.384869241381020709e-03 7.288909503766040701e-03
1.229794723449051733e-03 -7.477338444814021594e-03
2.662613703956242129e-03 -5.758990543601188658e-03
5.460333068934376810e-03 1.454144812631391094e-03
9.299098326714040803e-04 1.116853254659928157e-02
4.445797064079615342e-03 -2.113230426847889296e-03
9.396788647888124762e-03 4.013574272797302764e-03
6.355697525124554513e-03 -2.196363455271359896e-03
8.088735314585886529e-03 6.111615186036486493e-03
-6.795983250357665387e-03 1.268478660334937044e-02
-7.823995401901890495e-03 -2.735777062028812209e-03
1.242339062985272323e-02 3.901358064313689960e-03
7.936045946313741856e-03 -3.796163653834446622e-03
4.051788088293752370e-04 5.015594271100466033e-04
8.355640302455839136e-03 7.802409453588835496e-03
6.519460700124077128e-03 -1.205410458292760327e-02
-5.652795585029671797e-03 -1.089100721928157496e-02
-8.572748845088209307e-03 3.715428185768805940e-03
-6.989079498883929431e-03 -9.892922420683380666e-03
1.027539263619216790e-02 -2.444979868648196244e-03
-1.238550683898094994e-02 -1.924709865408159772e-03
-1.140069703151631690e-02 9.249981011126364588e-03
-1.178408555135151449e-02 5.172444872229208998e-03
-1.036708327859583653e-02 -3.266616887299474744e-03
1.905270594829259340e-03 -3.498996097884644278e-03
-4.517518528632860891e-04 -3.985412880129023290e-03
-5.276970206667921243e-03 -1.668592504343584899e-03
-1.865664489312744408e-05 7.002858095872590942e-03
-2.739213892453313832e-03 -9.767932659968085393e-03
4.832242240838116425e-03 5.867660004495724342e-03
-6.210124935739835469e-03 4.855753380515507103e-03
-2.898292809895177628e-03 8.588995231274107814e-03
-1.817412020246531468e-03 -2.821182996842333708e-03
-1.292827378488326656e-02 5.552347611455637870e-03
1.464219524856351720e-02 -2.466490470664663929e-03
8.527180262313799677e-03 -1.035363850963831253e-02
8.222691807169217604e-03 8.868507947754015325e-03
