4.443057770090603521e-03 3.728168136182373558e-03
2.026393915009645774e-04 -1.066484586278772066e-02
-8.840389188978607649e-03 -2.065797421674099577e-03
6.094156608679519860e-03 -7.418305414911244289e-03
-5.903044632107024361e-03 3.923526993835649290e-03
5.384439893771481717e-03 -5.794636056764271813e-03
-5.018916274554712301e-03 -3.819748608089736531e-03
-7.651822899521327180e-03 9.896949343830343040e-03
-4.009934546742820009e-03 4.467709136777034407e-03
-1.041820442641831421e-02 -8.741911491737112613e-03
-1.462637206268629485e-03 8.432715600733362710e-03
9.145082659892467616e-03 -9.420526225923202268e-04
-5.458266224326326424e-03 -6.407599380765193614e-03
-4.655244731177909240e-03 -5.342162155235837331e-03
8.499516936449630009e-03 1.196194849708969582e-02
1.694174845538165206e-03 -4.974914229686270423e-03
9.438376485382742737e-03 -8.136771430989734460e-03
-1.135878828168558619e-02 8.091843348203241887e-03
-4.053138323196515090e-03 9.653086021217812188e-03
-3.349520565207642336e-03 2.280506957509168160e-03
-2.336164186809383016e-03 1.305190931979967502e-02
1.198082207654140897e-04 -5.121098123472273347e-03
-8.994396346016791596e-03 -9.505305590603457117e-03
-4.409529332727915238e-03 -9.835448696618712475e-03
-2.324636771887279992e-04 5.881841878086845705e-04
-3.979854722047307045e-03 -8.169501599938819997e-03
-7.008907520331840099e-03 -2.226031305134973555e-03
-8.263604646593725525e-03 -6.020202508618868048e-03
-7.927234814155781004e-03 -7.043361995612579078e-03
-1.945605892396708170e-04 -3.035151755203918320e-03
5.441821429402428009e-04 -1.893110085362843028e-03
2.226829573549720786e-03 3.020431266605092240e-04
-1.060679382824190366e-02 5.328782664469906838e-03
7.901657409549938532e-03 1.080758114390540509e-02
-8.329735483406277684e-04 2.148373053397332642e-04
-3.566880445296280889e-03 -9.128382325962884278e-03
-5.407366954123753351e-03 8.777834734342900708e-03
2.339485029971892678e-03 4.834957062325459000e-03
3.018579190778780327e-03 -1.417632461779175582e-02
2.946221627548983868e-03 -3.997225554883984764e-04
-3.406048678173967999e-03 -9.409898740755356233e-03
3.921462849744880054e-03 4.920536578401854717e-03
2.614037147356844653e-03 2.831008730591290032e-04
2.347610184876710269e-03 -1.320514874019119945e-03
-2.423880719886081737e-04 -1.059181631903425777e-02
3.081381227925678989e-03 2.799676917743827622e-03
-1.454992061918051636e-03 9.087854206038165072e-03
6.909665324161784819e-03 -5.394024903716111360e-03
1.424527911370840165e-02 1.610523240492113626e-03
-9.891622662135980681e-03 3.898746918251826815e-03
-9.913344411438829173e-05 -1.218169686267277056e-02
3.090637757920943699e-03 1.145223571444576455e-02
-5.458020430391421996e-04 8.621357242513063082e-03
1.058376333152697378e-02 -6.463035261348646504e-03
9.680864329133058443e-03 8.628816356919873087e-03
-9.412140830402199523e-03 -9.221351676717726153e-03
1.234807864041866446e-02 -1.828777334441801039e-03
-9.150040152040397542e-03 1.020071092112746595e-02
-4.431434259796101019e-03 -6.658241374040222912e-03
-6.846120428025055313e-03 -3.553863489302796184e-03
7.786299637584808732e-03 1.423391490832977323e-03
-5.925889387643689006e-03 -1.199951049335688628e-02
7.043751839168842059e-03 -1.168578705639087244e-02
-5.996565863107409036e-03 -1.139960697130493195e-02
-1.187204021943486475e-02 -4.486371112943168121e-03
-6.099287897993352532e-03 1.011679885844833475e-02
4.069923033058924985e-03 -9.897741901906832035e-03
2.766498769570102136e-03 8.659128543814139864e-03
-3.967892262034362731e-03 -1.181001520593739050e-02
4.896756820567592546e-03 -1.219757753255362905e-02
-2.460728590685062629e-03 6.161326805799925872e-03
-1.065654158987479859e-02 1.264743239561529281e-03
1.222543277219876115e-02 -8.539646385489374492e-03
-2.748218048085118975e-03 1.326367893503624211e-02
5.461089832519946778e-03 -8.639771071484203188e-03
-1.476699114410065170e-02 -6.512038189176686410e-04
8.599396406146478031e-03 1.110725803794387380e-02
1.210461792185150119e-02 -7.097202874413499445e-03
-9.139669623641247589e-03 1.306541261691625874e-03
1.230444937724413899e-02 -4.487847292007321638e-03
5.146045720131114595e-03 1.607140336616871270e-03
4.703471012050839360e-03 5.353892277501163394e-03
1.919200860367335565e-03 -7.988483310767378193e-03
2.801828654121509693e-03 7.188068322779809539e-03
-1.670755232669331397e-03 -4.830962435471757889e-03
2.118316836599289273e-03 1.424219298146961118e-02
1.191448382417051310e-02 -4.125650191257489684e-03
-1.040601996313723909e-02 -1.587721887852369803e-03
1.697429510695574887e-03 1.126074934441986808e-02
-9.593290123652604626e-03 -8.732114101299554270e-04
1.221503408360186810e-02 -1.946739226231219370e-03
