7.683834510502274631e-03 1.421684639860560685e-03
5.733933677967388912e-03 6.340383085145888387e-04
9.223746659992926311e-03 1.172113465293617846e-02
-2.478308679464739060e-03 7.776277135576607075e-03
9.418562788241706396e-03 -7.957586003553651297e-03
-1.050796447387720295e-03 -9.171059198705793641e-03
3.766997262050271033e-03 -1.211237927195579767e-02
5.943470294803844707e-03 3.029052798284533055e-03
6.546295260752803616e-03 -6.712564216382090054e-03
-4.404356413726009944e-03 -4.055343220080512290e-05
-4.270498203285153643e-03 -1.755803262254240684e-03
1.196712141608967037e-02 1.295378327967817642e-03
-2.421390162797337395e-04 -3.337194881868775953e-04
-2.602954569774975670e-03 1.243642342105167123e-02
-5.223615221844985120e-03 -5.753811259861328804e-03
-8.702954596364768924e-03 -8.608053281295005577e-03
2.967424381572320805e-04 -6.647886321204039047e-04
-6.466114434269462641e-03 1.949836947781983468e-03
-1.378879997613668279e-03 -1.157017697435357715e-03
6.894399988068341395e-04 5.785088487176788573e-04
-3.086051025414217417e-04 -1.499087352587026925e-03
-5.967323393075528795e-03 4.000131438147368733e-03
6.885139608887834439e-04 4.624494407572093957e-03
2.391773357052902685e-03 1.395141283915307326e-02
-7.633940988663440695e-04 -1.423808080401521743e-03
7.737639663965597929e-03 -6.887774127439749879e-03
-3.500877377994979396e-03 -5.940021682136669388e-03
-6.095753145507872006e-03 -7.203595879074814815e-03
3.697705002907454683e-05 4.226496158413505563e-04
-8.183551589615620930e-03 5.740064286273265093e-04
2.143200134399995092e-03 -1.465159781017073663e-03
1.408959822309972278e-03 -1.148019303927867371e-02
3.916437532225846771e-05 1.664621924553218949e-03
-1.452834097673178209e-03 -2.002316929119200492e-03
-1.012205277672534320e-02 3.973228861415992880e-03
-3.481989718771993318e-03 -2.073221550718337778e-03
2.142401865985247861e-03 -8.776110428009423203e-03
-8.632113859517854745e-03 -4.958740799469758299e-03
5.627377178464600983e-03 1.850034078413812953e-03
7.660907450148642106e-03 4.404883317438048132e-03
2.178788127550632461e-03 5.026468173104757173e-03
-4.028822205965806522e-03 6.009090053587023625e-04
-6.401372654345445024e-04 -1.497602759610496687e-05
-5.725982645210541365e-03 -2.977099720658103049e-03
-4.743041340962374577e-03 1.109756995192734061e-02
-2.571150438745873745e-04 3.064177772475574569e-04
3.753745540787644004e-03 -8.207276918382749517e-03
4.230870809002509371e-03 2.114174117127087457e-03
-1.315581547505025387e-02 -1.901188887625496378e-03
-9.426386051493889154e-03 -1.056288790148456926e-03
-7.790854028964658631e-03 1.817303909466550828e-03
-4.618139911648604101e-04 -1.627644874524035142e-03
6.209127159898751407e-03 -1.300035537638186828e-02
1.192142671627540677e-03 7.135740735934689716e-03
6.531654482611168495e-03 3.261516475472119904e-03
-4.358965311980492023e-03 -3.983958007930855742e-03
-6.656300372923336719e-03 1.398629810002482380e-03
-9.390670288830289163e-04 -5.921597041871081270e-04
2.180512433884220121e-03 8.291433261244512964e-03
-5.859505606197606964e-03 8.072093535814428220e-03
-3.683575302849670385e-03 -6.811297452631335202e-03
-4.124314309499150719e-03 -3.330169887026991366e-03
-5.940756647773645649e-04 1.470950624951545931e-02
6.113044267900573890e-03 -3.551505283493373247e-03
-6.535103095278915405e-03 -9.791446651750950608e-03
4.855393199326685748e-04 5.955396843939577030e-03
1.822732367475744363e-03 -5.128123118310389320e-03
8.198495965818755789e-04 -7.666671157614127381e-03
5.950495289641850524e-03 4.731976944993612592e-03
2.607201450857468510e-03 1.404457402219510317e-03
-4.670683777732577251e-03 -2.679032110376016948e-03
1.152995879161260000e-02 -5.050013599462895020e-05
-3.537056159609877626e-03 9.482793490150091733e-04
7.102212298572000565e-03 4.915137888808799108e-03
-2.549484665767373821e-03 -5.206978772668196045e-03
1.086550540894541499e-02 8.986700852267914472e-03
-6.131931927122770236e-03 -3.152948479231360360e-04
1.140013998230045809e-02 -5.185249114937473883e-03
-3.860174270787127600e-03 -1.933663517564790249e-03
8.078591626938112953e-04 1.526389063525885464e-03
-6.154395968517377413e-03 6.449110502271438068e-04
4.787378635285967181e-03 3.619472370444674382e-04
3.210585553879404322e-04 -9.716965647979513079e-03
-5.917892890198002236e-03 -6.793271946577359929e-03
4.269236915910020608e-03 -3.532154605312042700e-03
2.103109721158325039e-03 9.162038532829800633e-04
3.889200288058784500e-03 4.699374545550335028e-03
8.924146397629486834e-04 -7.523935876498045409e-04
-4.456772510312255464e-03 2.199926996817883496e-03
2.370826142041968822e-03 -2.514295806823429839e-03
-3.310228420382079970e-03 -7.411807323784376338e-03
-7.348311005537129514e-04 3.364895727011230422e-03
-2.297670310397995422e-03 -3.951355608486898166e-03
0.000000000000000000e+00 0.000000000000000000e+00
-2.446504548435637135e-03 -1.595968512999488935e-03
2.128224106803209680e-03 -8.250225155831003186e-04
-2.619527134194098942e-04 -1.545340607496527123e-04
8.372811490350084290e-03 4.023186268005446604e-03
8.769420682626457089e-03 9.773421145695154744e-03
5.163248092503252076e-03 1.033735310102467178e-02
6.418871256685121547e-03 1.008553874565461424e-02
-1.469199182148400555e-03 4.706798674595252807e-03
-2.966035324688660185e-03 5.789079829256230884e-04
-8.227218385028912950e-03 7.782376092495992340e-03
-1.637847117327079476e-03 7.241371197518746070e-03
3.994495500187009683e-03 -1.804579091915853133e-03
-1.087438247959713342e-04 -2.597653881264448873e-05
9.728764427611480067e-03 8.163402643019434732e-03
7.652461747043775089e-04 -6.668163037306846369e-03
-1.030647500791533446e-03 -1.630119972163878231e-05
1.151889439564258641e-02 5.096574526290969555e-03
-2.074770610471475540e-04 1.020389402478936829e-02
-1.966728935967202233e-03 7.944462051796150059e-03
-1.746926191578771718e-03 -2.118548767713455353e-03
1.722737843851367048e-03 -1.862104222741989192e-04
-3.345481164076995889e-03 -4.569491851486650463e-03
-1.359194069977296727e-03 1.002073308097418090e-02
9.091149736919608643e-04 1.872434235054836350e-03
4.536490317835210201e-03 -4.939661485991925227e-03
-4.735760807115828482e-03 -9.913378313056647045e-03
9.078536863181883940e-04 -3.415523632510305153e-03
1.213345425647014818e-03 8.875769702181261636e-04
-2.293295659812198684e-03 -1.467410991062480718e-03
-1.070215816227194569e-02 -9.959232433762552072e-03
2.609851795109106865e-03 6.234369315048518762e-04
-1.088452083767227699e-02 -1.496564777838801756e-03
6.605417510384820057e-04 -1.354413838511462839e-02
-8.637414548023063937e-03 -3.396699858040902638e-03
2.068862725828860428e-04 3.176034960484141328e-03
-8.567036830134603514e-03 2.275605403210871364e-03
-2.399852159315556902e-03 -2.514152211625761586e-04
2.855902443014251592e-03 5.464093816542212913e-03
2.870670990662263673e-04 -1.586692308115966125e-03
3.095518884545650495e-03 -4.778102430403015528e-03
4.325564644121677495e-03 -1.265697637480248149e-03
-4.321988261950056830e-03 -3.561308392088363521e-03
3.645799984405849285e-03 -9.223028102023648946e-04
-5.293529920774419327e-03 -1.344910930054031215e-02
9.530755225704063208e-03 -1.401679288463316894e-03
-7.977208046437801259e-04 -2.627478166957531065e-03
-5.980447344832919010e-03 -3.451702414125883828e-03
5.120970353968970316e-03 1.147674442661217667e-02
2.154136760864202010e-03 4.744701762544310288e-03
1.288014802140782962e-02 7.674749959874958838e-03
1.747852229496822630e-03 -1.927436791140959638e-03
-7.598816014472750680e-03 -5.723460070462317063e-03
4.945760442911310492e-03 1.028540002339938322e-02
9.069276483987768079e-04 6.304619263429678483e-04
1.546266645419145346e-03 -6.665512693053956411e-03
-1.337204183726899490e-02 3.334815902315035711e-03
1.597421454630257830e-03 -1.419395098963892841e-02
1.440508414330533924e-03 1.861433723838297038e-03
5.956722016070772766e-04 -8.760495552825875443e-05
4.867894711224458014e-03 4.933163394864596707e-03
-9.993063887214575190e-04 -7.365554068870527188e-03
-2.953709641345444743e-03 7.197911882058467478e-04
1.166036838938707201e-02 -8.295680142325755069e-03
-1.377155691281441510e-03 2.107947390703256846e-03
-6.949929447867973266e-03 -7.405948080185182150e-04
1.695436132911937351e-03 3.130436378788708628e-04
8.426488874302726995e-04 7.070663706546870741e-04
8.079773203868347714e-03 -1.149596733529020462e-02
8.183423820110386285e-03 1.078292977721897680e-02
-1.310121205317275536e-02 -2.899697007932779125e-03
-1.400418001088863653e-03 -4.242797358138350981e-03
-5.161188536713943835e-03 2.261555413534639854e-03
-4.282696117123134007e-03 -1.325362267338076744e-02
-6.031602154041092005e-04 4.076735882463874711e-04
4.054271841066412613e-03 6.991808052194774074e-03
1.003080755427255936e-02 5.936573069469033501e-03
8.030214931486947399e-03 1.065437225528196794e-02
7.481195119001311788e-03 1.208653050264828048e-02
-3.546268479740497317e-03 -1.996617106406618335e-03
1.015208454235722686e-03 2.679431244582819623e-03
-2.294556947185400538e-03 -6.755368858628302449e-03
-1.312321307560697717e-02 -3.962483889208564571e-03
5.286632695440288132e-03 3.892489479837878477e-04
1.100373826997400051e-02 9.755395639639357144e-03
-6.198861032344844639e-03 5.423300671027805192e-04
-1.361253625766605403e-03 -2.578175433585131598e-03
5.278218643722483623e-03 4.755303139554046925e-03
-2.222790172418503182e-03 -7.152041935657008943e-03
3.677141096475924995e-03 -8.271555679351253951e-03
2.404689828860379422e-03 7.123670591597864362e-04
6.427876096850412195e-05 -7.660444431171926645e-05
-1.318046684173668215e-02 -2.182955298185944130e-03
1.224842480769109017e-02 3.293719740708594794e-03
3.662500318334861466e-03 1.702525012502276430e-03
-5.288708658902387116e-04 1.058691624634864464e-02
3.740366050021142787e-03 7.054761641037743392e-03
2.140422020642549633e-03 1.067279689554456734e-02
9.052240900610762642e-03 -5.654151985692672938e-03
-9.689264802832709550e-03 2.835162707955164122e-03
8.993933327057767116e-03 1.152829837003066515e-02
5.724849127340643842e-03 -1.366779435275448235e-02
-2.282694282801781167e-03 -4.591492873920191391e-03
6.783005819021521547e-03 6.540132419080624954e-03
-5.611938131908789790e-03 -4.513164123274994444e-03
-1.042973184134177731e-03 -1.571844050025425076e-04
2.052880949866623707e-03 4.398656591014678957e-03
-8.012971868154011162e-04 2.199527862611081255e-03
-5.977797000581280655e-03 -4.232722884840542377e-03
1.086908179111703565e-02 4.159694822699303018e-03
-1.232568334321514449e-05 -1.408832052802233884e-04
1.251614122857473352e-02 -1.367799193978148919e-04
-9.250170392075869217e-04 2.813688589231729768e-03
3.109568874222453164e-03 -1.372254136983035427e-03
1.288688582585532840e-03 -4.336102136379191459e-03
7.073521530755493524e-03 1.148337028724349083e-02
1.682312181154546268e-03 -7.138790214394381481e-03
-1.082137559457796872e-03 -1.821806329556903501e-03
-8.845226858524001326e-03 -2.526749259670629192e-03
-5.187101190774937032e-03 -3.308168864592770861e-03
-8.600102248536906427e-03 6.359893184221145426e-03
1.773301864598789829e-03 5.665280266413658464e-03
-1.254251690159475380e-02 -3.409951579302387785e-03
2.308271687407052481e-03 8.272737256280457202e-04
-5.659388789444977710e-03 -1.316866806210539691e-02
-7.625782475957030085e-03 4.109737416110989874e-03
-1.713988542678412247e-03 5.154099657124175914e-03
1.356288186716547370e-03 1.347415980143422398e-02
2.592688442221068902e-03 2.160188822741826442e-05
-1.599017991459181134e-03 -4.279503043464497015e-04
2.186739160307479574e-03 2.683406760961243396e-03
3.555816049327627758e-03 1.427545698824962510e-02
2.592225423260683097e-03 2.044594667653483553e-03
2.999899011507070785e-03 2.647754883057593187e-03
1.968788491756511341e-03 4.654446462763161575e-03
-6.139292171417287669e-03 -1.135216242105359374e-02
1.995754953240790747e-03 -5.178751023810144495e-03
2.421390162797337395e-04 3.337194881868775953e-04
6.507702938325079720e-05 7.234346202680630097e-03
-3.007850044263917465e-03 -3.046934709140794104e-04
-7.346666409648221555e-03 4.866106520139218405e-03
-5.119836836099072794e-03 5.168149646800407858e-03
-7.196906133692530447e-03 -1.535266134202605600e-03
-7.329790247162502360e-04 -4.727075390696456811e-03
-2.619527134194098942e-04 -1.545340607496527123e-04
4.398129687306395253e-04 5.648579932482495876e-04
-6.324432960574492835e-03 9.248461911431115831e-03
-7.512999250030412413e-03 -2.714284854072184471e-03
2.266999697239228170e-04 2.996849533048058598e-03
4.857293334215400521e-03 8.057245277723449478e-03
1.580465581696218077e-04 5.895093599353602677e-04
-8.335036171905473024e-03 3.710413994830074735e-03
-1.424464277989090713e-02 3.908024062528757739e-03
-4.743376590418096027e-03 1.763626525507784116e-03
2.189852523520075325e-03 -1.206064891801611038e-04
-2.303434017862229961e-03 -3.663218876308354426e-04
9.876672627729709761e-03 9.854001106385297526e-03
1.707298797296127012e-03 2.476919622586301693e-03
6.281692203079823102e-03 -6.086077806417546088e-03
6.446172967624551678e-03 9.586284685501544889e-03
-1.396817705783430855e-02 5.445413637272324830e-03
-1.201987276212913500e-02 -8.388841325368904742e-03
-5.458729243285351772e-03 -4.384606601337985576e-03
4.203106079104053892e-03 4.636420956707364843e-03
9.052033420665499307e-04 -2.634503161795647037e-03
-2.841389434378423142e-03 -4.081238302549440415e-03
-7.064899999087775537e-03 4.841455153452787520e-03
-1.157017697435928655e-03 1.378879997614348724e-03
-1.687612869658394136e-03 8.700831155824380325e-03
-8.111784814848725308e-03 1.773333515986208822e-04
-2.325898059255476248e-03 5.938840105205863903e-04
1.388004519859354843e-02 1.660375043471977279e-03
1.844605620404729789e-03 7.291599968811698571e-03
1.177294413535990777e-03 -3.581058204477639492e-03
1.323350537818119080e-03 6.201511376597053718e-03
-1.040322839882539376e-03 -9.382048757172008939e-04
5.200352912037563627e-03 -5.969334889802785891e-04
-1.306688534739589014e-02 -1.696026921376088924e-03
1.166785640318410144e-02 -8.615748775043882701e-03
-2.792086701006133830e-03 -3.517705481427866199e-03
-2.939196632709616293e-03 2.102646702198619245e-03
-1.063224346334387151e-02 -2.263934393084711914e-03
-9.646859294794552300e-03 -9.661164823479784225e-03
-2.202513456318440626e-03 -9.354220142520297543e-03
-6.404821267007748155e-03 -6.679690452235314581e-03
-3.878598911047795935e-04 -7.823456428408725929e-04
-2.629202473291118291e-03 -2.467244283495976208e-03
3.561835295795529955e-04 -1.202344914430475073e-03
2.805003172813039410e-03 -9.721340298564739094e-03
3.522878400427839011e-03 7.002808563411313386e-03
-3.501803415913030092e-03 -1.894036123282254831e-03
1.357677243594983870e-03 7.405181463153743052e-03
-7.544340362100488556e-03 4.634968015076705236e-03
-4.444782076422831157e-03 -6.993133224320988335e-03
4.296873876305171321e-03 5.302534760954444662e-03
-1.700146032952884814e-03 -1.213093168172352590e-02
-5.506307670325414315e-03 -1.683174334320945015e-03
-9.465550426814215140e-04 -2.720910714701214005e-04
-1.076517563586724784e-02 -4.594670121885010249e-03
-5.566674799667147358e-03 2.900367506842399263e-03
5.154498791331658600e-03 5.369463866175837319e-03
-2.822501775156227230e-03 -2.144381711329306980e-04
3.083991469616611560e-03 2.391965011309791014e-03
6.357242839968257203e-03 9.381122719251674263e-03
8.858015560826239948e-03 6.446396855236454643e-04
-1.436432323115165513e-02 -2.327814019844591346e-03
-8.275132061522194604e-03 1.149864933093257182e-03
1.225671108990229827e-03 1.028460175498349498e-03
2.419665856455233219e-03 7.222979372535132982e-05
8.154062553383007936e-03 -1.316724677186125337e-03
-1.596367647206971838e-03 -1.208970775061788587e-03
5.959372360318110524e-03 -1.657070026003174077e-03
1.670784766226078057e-03 3.127722731774374917e-05
-7.163377696329841296e-03 -7.642546694638945384e-03
-3.681850996516872893e-03 -3.546332364493400870e-03
7.903605603506234749e-04 -8.409389406171783460e-03
-1.044769346264956718e-02 -9.484629740294769559e-03
7.951032757418053862e-06 -2.343061412144194222e-03
5.092072106200617315e-03 -2.645902807220130472e-03
1.396969388421117611e-03 -2.287132818140481458e-03
-1.954275483120683325e-03 -3.271590948770389078e-03
4.436032775251235946e-03 2.025243989472153006e-03
-5.952091826466910382e-04 -1.935387823897806968e-03
8.008804697516986454e-03 -3.788343611267327559e-03
1.020972161700527733e-03 -9.056024762739234377e-04
-8.122258422354478036e-03 -8.055520971389290227e-03
1.836319338192160793e-03 3.007179545356556370e-04
-4.450210534431914104e-03 5.925843922955311219e-03
-5.182694888798211955e-04 7.462834363490933320e-03
1.020475617795701777e-02 1.839959605116004565e-03
3.828833158717051457e-03 9.282916386713678872e-03
-8.107745413718078428e-03 -6.672665457397198609e-03
3.512867811882472956e-03 -3.253038539002663446e-03
5.400677208740107225e-03 -1.146815454633564983e-03
-1.102553181245773464e-02 9.872697111350714830e-03
-7.835191323288252102e-03 -9.642213279505255918e-03
-4.425431398242179321e-03 -5.149325872331005777e-03
-2.851064773469428638e-03 -5.003141978545002852e-03
2.116233672915716121e-03 8.368037705556233274e-03
3.059675352385902991e-03 1.144414202716889997e-02
1.261567273324008635e-02 -3.055699836006798772e-03
-3.034225717283935576e-03 -3.851424969614282087e-03
8.870341244170246858e-03 7.855228908056916676e-04
1.027294657055229272e-02 6.270292557655911259e-03
-1.101488237638447625e-03 -3.665613681546885626e-03
6.822633213304166687e-03 6.181761564207778614e-03
1.431296094199914449e-03 -1.083462731583330904e-03
7.227321207843194137e-03 -1.768001176093010347e-03
-5.917605699803057777e-04 4.594542352379884023e-03
6.471622602725509701e-04 1.717900174305183637e-03
1.743812828366176184e-03 4.922562017854859202e-03
-1.573903605812364877e-03 -2.169176673212068647e-03
3.537056159609877626e-03 -9.482793490150091733e-04
2.795663083177183338e-03 -1.309300548140065242e-03
-7.832077960079520014e-04 -1.244622652964758351e-03
-7.011430095079602964e-03 -1.280194704026775890e-02
-2.516882266324096257e-03 -7.268273774251263371e-03
8.265791971886338532e-03 7.262174817331416669e-03
3.551106149286680294e-03 2.457568944404970711e-03
3.416784919884867031e-03 6.195811553885152007e-03
3.213938048425206098e-05 -3.830222215585963322e-05
3.603857495326716082e-03 9.551031941805376499e-03
9.117653179449602182e-04 1.091413764341319899e-03
8.223514233352055905e-03 8.401566142918922425e-03
9.562431587229289209e-03 5.830112688080309885e-04
3.031703142536171843e-03 -6.724490765518503256e-03
2.654316858936574090e-03 7.260179146292157059e-04
3.604448283789616920e-03 -3.828897043469274564e-03
1.252972819929659308e-03 5.292061153452797158e-04
7.008907520331268508e-03 2.226031305135654000e-03
-2.976636701699077268e-03 3.702989865783333761e-03
1.877543269303728370e-03 1.456424839364818882e-02
2.941846976963186696e-03 -2.883667172912815924e-03
-1.296251617318571608e-02 -4.153994999987862743e-03
5.167750512592925172e-03 1.464361512601646638e-03
-6.180771641537395091e-03 -2.901820448473059304e-03
1.925249465847095245e-03 5.058799207843831880e-04
-7.232957145802192296e-03 -6.003901308897229699e-03
-4.178119462964185863e-04 4.979288880275359666e-04
-7.881843712408331468e-03 -1.098676657134217000e-02
2.439910921171960755e-04 -7.758251629520810343e-03
-7.635457815048036015e-03 3.187833740115427871e-03
1.681258373731259192e-03 8.264131550306336171e-03
-4.562275202392327041e-03 -1.198699899798292938e-02
2.854641155640479447e-03 1.761359489770711936e-04
-3.129797531272189137e-04 -3.983031970011444156e-03
-9.475225765908514008e-03 -3.642814390698380193e-03
-2.870415451651440065e-03 -6.846949330536126858e-03
5.218458710514418605e-04 -1.228984039305954651e-02
1.363903970018814915e-03 1.797154962869792821e-03
4.701897120297417881e-03 6.686715447073430553e-03
4.687511881166825378e-03 -6.053076272765644389e-03
-1.041555408216474424e-02 -9.522931962451309726e-03
-1.371855002775662028e-03 5.459064492737210643e-04
1.299684287896258131e-02 5.357665086544552077e-03
4.151153001478193744e-03 4.853908606299988174e-03
1.137191223344240741e-02 -6.400094959293084473e-04
1.146866562435088464e-02 8.579027264022667798e-03
2.169575807419442046e-03 2.081571717683809893e-03
5.039192990655345580e-03 1.617570401225765534e-03
-6.232261700202298277e-03 -4.707325578307181707e-03
-1.484687695737696433e-02 2.697120919207297851e-04
-7.140578405481443416e-03 7.311908336298687458e-04
5.590304010317931338e-04 8.823688855049485746e-03
-1.000317059387934027e-02 2.898116296796991991e-03
-8.187000202282006950e-03 -5.955923747650363614e-03
2.464130920284060902e-03 1.748107768508569328e-04
-2.503295295606319370e-03 -1.839432701404076099e-03
6.338355180746631581e-03 5.514322587834484535e-03
1.322632096244258718e-02 -3.783442056970173079e-03
3.110031893181478945e-03 -3.395246916410242597e-03
-3.286040072654674866e-03 -5.107048133796722282e-03
-6.569557570560225976e-03 3.618194675404830946e-04
1.342698050860221572e-02 5.000619403797238252e-03
-1.236246932099227015e-02 -1.757655338092383411e-03
3.953479049031722453e-04 4.622770101238858121e-04
-1.473110813773811489e-03 1.998612777447701791e-04
3.328317811189529518e-03 3.967656808208536515e-03
-1.034096113459279705e-03 -6.546231376000471655e-03
-8.190113565494032410e-03 -3.151910497509640210e-03
-1.165766998607522783e-03 -3.589009237234486172e-03
1.087173213537060562e-02 3.378674351985105472e-03
3.086051025414217417e-04 1.499087352587026925e-03
1.253456586883790538e-02 5.753012991445901128e-03
5.133040498297631628e-04 3.433150004358158196e-03
2.645902807220130472e-03 5.092072106200617315e-03
1.060599555982601498e-03 -1.263973331146089549e-03
4.584403994329852745e-03 1.692849673411950945e-03
1.101804379865991418e-02 -9.552628478634410392e-03
5.345147748944558026e-03 3.897678224528131237e-03
-4.814217327265010206e-03 -1.885685956317463378e-03
1.656143988085013660e-03 1.000535791917127326e-02
7.180205799762156074e-03 -1.089561688503177389e-03
1.060599555982601498e-03 -1.263973331146089549e-03
-1.955201521038734021e-03 7.743946100840254799e-04
-2.387526475970981003e-03 -1.105320158812110511e-04
-1.714786811094519718e-03 -2.156850989869315074e-03
-2.938733613750590945e-03 7.965392277141164143e-05
-2.792677489469033800e-03 9.862223503846785297e-03
-5.059134457301618301e-03 9.918551232056619857e-03
-3.130308609282112658e-03 5.597425123274213377e-03
9.958577760546637528e-03 8.356238925924946298e-03
7.403329387315029167e-03 6.734293874112813084e-03
3.383256482522177880e-03 1.230309211432149136e-02
-1.870646043969596741e-03 -1.504388041091664525e-03
-9.325465489951461143e-03 -1.004418704503906232e-02
-9.111745294754745872e-05 -1.447134274961276498e-03
-5.427052881760125770e-03 -2.399916044066638127e-03
7.307837283781684970e-03 2.803214981727118488e-03
-8.052088184421726151e-04 -2.307409534240544013e-03
7.135277716975664368e-03 8.308501077996664937e-04
-1.023735857740029620e-02 2.213353964670627602e-04
9.850296954709692951e-03 6.307269607685093982e-03
7.111552388207855770e-03 -3.496901861615875177e-03
-1.300399564330446261e-02 4.296346972593814012e-03
-4.820907072649227056e-03 5.745333323392553225e-03
5.528643942214786847e-03 1.207990464201696632e-02
-2.167851501085854386e-03 1.183393370455946766e-03
5.240778574734383972e-03 6.355646303139904189e-03
-1.883338628150509064e-04 -8.643178255486046874e-03
-9.434209314747431935e-03 -1.007016358385170660e-02
4.636357071955712027e-03 1.475362023819327614e-03
1.813855296799485447e-03 1.260923852686397133e-03
-1.030647500791533446e-03 -1.630119972163878231e-05
-4.465394041978614295e-03 -1.412489844387725471e-02
-4.548688231673978996e-03 -6.558157925136421686e-03
1.677218972592666845e-04 1.511413035929780498e-03
-1.067578248925192715e-02 -6.412500935062347661e-03
3.460451715295218261e-04 -1.012558109988299330e-04
-4.546037887422340641e-03 -7.339178395851081102e-03
-1.492924510914848263e-03 3.790467051808531261e-04
4.221530719366654166e-03 1.052621386755176261e-02
3.090681215004472521e-04 -5.239054268401804621e-04
-5.451704248447916679e-03 -2.681682454628226894e-03
-6.991153378978399611e-04 -1.500412524713241186e-03
8.496068323781882231e-03 5.432018320810863381e-03
-9.390670288830289163e-04 -5.921597041871081270e-04
4.204032117023465479e-03 5.904353978540915170e-04
-6.421186351481610044e-03 2.942515148028103378e-05
4.049897190480615874e-03 4.507863434770355976e-03
-8.996248421854254745e-03 -1.413334472895769450e-03
9.384571331919420306e-03 1.726873363105761033e-04
-1.618831688600218342e-03 -2.487648769103667544e-04
-7.211163603320609001e-04 -2.563199405989026632e-03
-2.538085020342210375e-03 -1.020110008533557829e-03
5.306446392581895197e-03 2.100635205470242385e-04
3.196311676584203884e-03 -2.409064479446176594e-03
-2.763858952148082280e-03 -8.062945100436031201e-03
1.019369178198700418e-02 6.987034267401603070e-03
2.748212425641566575e-03 -9.964804486971148151e-03
-4.533712204079125632e-03 -7.198295190570857226e-03
7.877932080781559210e-03 6.479829174490544727e-03
6.546502740703728437e-04 1.397831541588877248e-03
-3.761568804039826762e-03 -8.065978753193587050e-04
-1.369078529785908681e-02 2.936817653160796703e-03
-2.821016600161674673e-04 -9.309292059733124958e-03
-1.380781540486762660e-02 -4.080040899927891811e-03
-3.341234282996435098e-03 9.271388971784068345e-03
-3.031240123577146495e-03 4.701497986091296086e-03
-9.629232922946127232e-03 -1.108232255962841861e-02
3.147040594594458993e-04 7.247997058150059367e-03
-2.594412748553866829e-03 -3.286566976365352163e-03
1.180907485791947605e-02 7.058689680331381444e-04
1.153904334223332905e-03 1.425133252527055559e-03
1.032662395451038051e-02 9.317769996201902272e-03
-2.294780834813676257e-04 9.141107143513581973e-03
-1.773972363502723977e-04 -2.433316711925342934e-03
-9.016269598949288320e-04 -2.192502867772965283e-03
4.192504702094426543e-03 7.760502839566897626e-03
-6.705140087336601551e-03 -1.187895790546299006e-03
1.111513243902354127e-02 9.000351707737804310e-03
7.807554362895031269e-03 8.075239132392312939e-04
3.645336965446823937e-03 1.100689969224842709e-03
6.027099733953570834e-03 4.796255705962116159e-03
1.499151237338678874e-03 -5.987073205464803899e-03
-2.427281639758290498e-03 1.160477504483725664e-02
-6.179510354162262055e-03 2.386137419093224514e-03
8.226164577605625874e-03 7.620545672204725313e-03
-6.502628465339511596e-03 -4.958054474865749087e-04
2.345248737436126784e-03 1.249923341469396168e-03
1.762637184842387548e-05 -1.421157736148632002e-03
9.681313770075292147e-03 -4.921012958109694663e-04
-1.670321747265691818e-03 -2.054270006743809038e-03
-3.278679828360156999e-03 5.929819439333734558e-03
-3.205060977755797794e-03 -2.558824755402658302e-03
-1.440173164874812041e-03 7.472509702581259239e-03
-3.355156503168572977e-03 -5.491395527481532021e-03
-2.884002422367856928e-03 -1.227579040338217312e-02
-1.168880361819547593e-03 -7.849959870937623339e-04
1.967064185422923682e-03 1.389481374623405350e-03
1.279811511908702766e-03 2.052944834618275656e-03
7.409300574730975659e-04 2.384013978552943468e-03
-3.876874604715569057e-03 -4.558491340270111152e-03
3.252767174301096718e-03 -1.149954371746068557e-02
2.310794262155386504e-03 1.140318946076014986e-02
4.508597818432880100e-03 8.939521559435795184e-03
6.561975878980903093e-06 3.725916926136286274e-03
2.571150438745873745e-04 -3.064177772475574569e-04
-1.260599739414908042e-02 3.977603512002360342e-03
-1.448459447087381037e-03 4.816276883052169559e-04
-2.448228854769224794e-03 -4.860933601139245594e-03
-8.802023082069733786e-03 -7.712126144112087418e-03
-5.459192262244377987e-03 -2.361613821910778406e-03
-8.336297459280035335e-03 -1.577543872736888661e-03
5.452630286365967374e-03 -1.364303104226188314e-03
-2.487057980636332970e-03 2.808387900727772613e-03
1.748778267416234433e-03 -5.973422349994232314e-03
-1.263052099133163755e-02 -7.661099104405530436e-03
-2.862927437853047576e-03 -7.167017963253113910e-03
-6.824357519638325938e-03 -9.446726652346854394e-03
1.237996792333444836e-03 1.169343380778572940e-03
2.389713801264954900e-03 1.352504324594901771e-03
1.396506369462092046e-03 -2.641400387132742875e-04
-8.589500871527849801e-03 3.235811301362293523e-03
5.107814750814287062e-04 -7.142765730773947136e-03
-1.049072141054133503e-03 -5.906094110566036115e-03
1.063409553918190538e-02 -5.828036724623657933e-03
-3.560909257881560847e-03 7.977463585446912045e-03
-7.495500647685863702e-03 7.221493615626628504e-03
1.571716280519751437e-03 9.272043644995195920e-04
4.228811253213199395e-03 -1.048473439743222504e-02
-1.954738502079708673e-03 -1.248598169343182124e-03
-2.696594597470857151e-03 4.133734109582891825e-04
-5.003477227999472698e-03 -6.482878652950236492e-03
-2.646030576729800805e-04 6.264864099645441834e-04
1.650971069084470125e-03 2.104626547545071415e-04
1.175442337698528279e-03 4.510912913230048608e-03
-5.758585044660403940e-04 -9.158047190782424686e-05
-5.362774120791621336e-03 -2.476520488378357570e-03
2.463667901323675097e-03 2.197803556276922438e-03
3.067754154647195450e-03 -2.255855590822738142e-03
-5.692581977352517003e-03 2.272555924751179166e-03
-4.103239324984341366e-03 1.778602553102066972e-03
1.417581353978262073e-03 4.844632401416926366e-03
-1.713988542678412247e-03 5.154099657124175914e-03
-9.466348695231684152e-03 -1.003186136169584644e-02
-1.281633227939971316e-02 -5.728361624760612558e-03
-4.579103305824644421e-03 -3.254890614840806173e-03
1.443621777542558517e-03 -9.425795263024271250e-04
-1.153075706002677607e-02 -7.260450510998399734e-03
1.129934719026133398e-02 -7.554287065893632372e-03
4.109147209622864699e-04 -1.355778924058405853e-02
-1.411482397058306734e-03 9.042773041465674037e-04
1.670321747265691818e-03 2.054270006743809038e-03
4.979879668736900480e-03 -9.201809522311607190e-03
-1.150703173125896747e-02 -2.932698541582858497e-03
1.206791420812822202e-02 3.664416278924656142e-03
1.880321383060602671e-03 2.426291717087226962e-03
-6.453916520430123122e-03 1.344765635890964907e-02
6.693149653447176377e-03 1.038095601168517040e-02
-1.058412230689988491e-03 2.505945639858638604e-03
-4.745065753482703014e-05 -8.655503938829261015e-03
1.961635727413840735e-03 1.430845852189970360e-02
1.171402936567881616e-03 1.136091172222586723e-02
-1.329242014786228242e-03 8.740458550106453006e-03
6.153134681142244378e-03 -5.932868917793427191e-03
-1.801753501077174233e-04 9.704639964636298938e-03
-3.245614409957854087e-03 1.845531658323460930e-03
4.338353346425278742e-03 -3.147807211626090645e-03
-4.690369705368949670e-03 -1.385678288878555708e-02
-1.847846753121199729e-03 6.869349487177150472e-03
8.362943915108647566e-05 1.767202907678724769e-03
-3.308168864592770861e-03 5.187101190774937032e-03
-9.787535020124860097e-03 1.104204049212996822e-02
1.387348322271514042e-02 -2.065541882664989441e-03
-1.978000811887131033e-03 -7.599342918184788867e-03
5.789718676767045304e-04 -2.712432778234041744e-03
4.222919776245091100e-03 4.457235529271281679e-03
1.519300183934866374e-03 3.167684793519349659e-03
-5.444344004153399245e-03 8.355185118502229946e-03
5.583247364092284483e-03 1.108139652170968617e-02
-2.936546288457977938e-03 1.321626231483960480e-03
4.235836248052566970e-03 -8.781810250722004926e-03
3.823833740420777214e-05 5.710607483407633723e-03
-2.459293250737877926e-03 2.861410611474950096e-04
-5.891054198217599187e-03 -5.269533227303222107e-03
1.113350902022637503e-03 5.829489666254317540e-03
-1.543951550621296609e-03 -3.449451204079796978e-03
-4.698320738126367940e-03 -1.151372147664136286e-02
9.133219995509637978e-03 -3.105928607298608958e-03
2.493156937555717368e-03 2.940521804836401711e-03
-1.775414135229882312e-05 1.277809394199607568e-02
-5.519421034175936436e-05 1.437843710558079149e-02
1.780326859436225789e-03 7.368204413123417146e-03
-1.981369714103690970e-05 1.791854274360830284e-04
6.295358884241270946e-04 3.139057910453815856e-03
1.472647794814786141e-03 1.823131501682437317e-03
1.131869786844391657e-02 -5.710479713903188377e-03
-4.057049954823286481e-03 5.146148624366186919e-03
-6.952116773161156997e-03 -1.982567116730386825e-03
3.634735588436406421e-03 4.224771852082553382e-03
7.638571178253695257e-04 -5.991846990256856440e-04
-2.506408658818344397e-03 9.645805487366478472e-04
1.333951914824016232e-04 3.077429493730912723e-04
5.122359410847407250e-03 5.407766088331697474e-03
-1.835058050818959372e-03 4.987239913030166311e-03
4.949799844041385781e-03 3.435401214404245045e-03
-9.189882973174514844e-03 -8.494471786952961095e-03
-6.599509625755813850e-04 1.642093998399780344e-04
-7.617831443199612682e-03 1.766676003966796086e-03
1.985999903703172635e-04 -3.814847053791901171e-03
-1.178555700911124030e-03 -1.706899663088644109e-03
4.421855016070558655e-03 9.976331901899617230e-03
3.922137936957783948e-03 1.197202297038682355e-02
-1.411482397058306734e-03 9.042773041465674037e-04
-5.634992961766298672e-03 9.826970760149936895e-03
4.778038545650111976e-03 8.773986987469142157e-03
-7.322048114223831186e-03 -8.020047278449843678e-03
-1.046444454402510431e-02 -9.564974532754530120e-03
-8.213877102764485794e-03 1.768172565337779124e-03
-8.061389836103095147e-03 -1.135955100038353593e-02
-6.836658256974929848e-03 6.821036842030796590e-03
-9.607985631741280258e-03 -3.841176372471923929e-03
1.272904254987974187e-02 -1.231326970494347247e-03
8.277974976459661835e-03 7.031577907044963237e-03
1.280383904682178301e-03 5.080018430820015460e-03
-4.115583014926722100e-03 6.316581738987252399e-03
1.166944190908097805e-02 2.421758717571887744e-03
9.217339763538082327e-04 -1.205310715573912859e-03
8.123284491994717249e-03 8.638737995988505711e-03
5.583274322192794195e-03 -5.525936464815489439e-03
3.468674733872889257e-03 9.113306225284369122e-03
9.086403333431239057e-03 -4.421015694202505737e-03
1.060314996252165361e-02 5.698361945186775947e-03
5.355634253378750015e-03 -8.498192717630017809e-03
-1.239002011823236082e-03 7.111137021626579881e-03
-8.098035982566810856e-03 -5.197340685253733911e-03
1.280489029479665690e-02 5.139443544883290013e-03
-1.092308469355307045e-02 -4.403236931610813817e-04
-1.330594372750894434e-03 -1.081894515559724684e-02
1.245345120067634787e-02 -3.408083145819900545e-03
-2.648080056915762173e-03 1.272033425879799846e-02
-1.452123068256712390e-02 -2.424143782226722329e-03
-3.780291339461659163e-03 8.475948746839212511e-03
-3.267642741484623557e-03 -9.114708692078666089e-03
6.142995069383962170e-03 -2.111343383400856102e-03
-7.624595664461675422e-03 -1.137771230985591426e-03
-1.131051695112832156e-02 8.777905255897732600e-03
-9.380096163498928899e-03 1.064358054762741534e-02
1.146997457969806036e-03 -1.431634480920888387e-02
-7.636653623550954118e-03 -1.106874525825221438e-02
8.306825282572245436e-03 8.263974243849248622e-04
-5.022387017257025138e-04 1.480467344022119366e-02
-6.656361393867134615e-03 8.119306197971624950e-03
-3.827448182171267008e-03 -4.467734930250937160e-03
5.788209750146347705e-03 4.081479857822300876e-03
-1.205960619845938744e-03 3.490464182003239716e-03
-1.070062158578148973e-02 -9.316822986984713353e-03
-5.364736759059894741e-04 1.020568087642093925e-02
-5.365001178596605922e-04 -1.035547091920516194e-02
1.323919454221282772e-02 4.757484223894517701e-03
8.130689277114171859e-03 7.050435357253677024e-03
-2.382871055444066820e-03 1.628910644021183077e-03
3.744058297268918877e-03 -8.169360910123189129e-03
9.907187970470078889e-03 -1.004564141955164094e-02
-6.107855674474233333e-04 1.084664520732865449e-02
1.076076465866031111e-02 -3.261258170153487606e-03
-1.256921443206915519e-02 3.599173837255115714e-03
