-1.122480230173756449e-02 -4.980342687696035116e-03
-3.060729159809189200e-03 3.958779737531816813e-03
-1.130796872192905284e-02 -8.770538374802646850e-03
-3.788998284483131949e-03 1.104959239068115627e-02
1.195719053798590835e-03 2.308734706366758274e-03
2.409990517365587746e-03 -8.496738822690691169e-04
-3.177296247857343617e-03 -5.081071594982935688e-03
-6.916273241000180875e-04 -1.820481157429547575e-03
-1.058875249649014272e-03 4.528938419285846208e-03
-3.924788281209420568e-03 -1.119100249967216673e-02
2.158639180955234695e-03 -4.128289825877574058e-03
-3.865011940331950120e-03 -2.394615355562000093e-03
7.095315073237869370e-03 -8.144722463747722588e-03
7.148896339088011212e-04 8.171225906272297501e-03
1.241408714916298131e-02 -7.793775737920475774e-03
6.771143154636190221e-04 4.376256434374554689e-04
1.289339974267045795e-02 3.769647606301909822e-03
3.635198607396792226e-03 2.201779072656488093e-03
4.648347505843206454e-03 -7.717698197320005220e-03
-3.913053386330467287e-03 2.329809690881567193e-03
-3.774948294807118146e-03 1.445544068409931188e-02
3.193996581787716255e-03 7.705899417688718243e-03
4.055197878985824199e-03 2.945822493341501182e-03
-9.131032670216454247e-03 4.347900916010477568e-03
2.764657220565988009e-04 1.537389574743566875e-03
-8.179975207444132972e-04 -4.252999600935599605e-04
1.075676158414944419e-02 8.960724313455268458e-03
-6.919625735551685961e-04 -1.115442458384978408e-02
1.215512002945035898e-02 6.046131570354492529e-04
1.339715622291409811e-03 -5.076042271178613429e-04
1.113553692462747845e-02 -4.558762704972929916e-03
-1.062820406221243533e-02 -9.113933202078707344e-03
-1.180066080620360315e-02 -5.071923159603858658e-03
-7.310024609074297977e-03 -4.045187290439667543e-03
3.348131508330566292e-03 3.788471380772454218e-03
-1.628507027691223838e-03 -1.170668552905928866e-03
-8.387787517944937654e-03 -3.383049002571011498e-03
-7.142893500277931046e-03 1.084615473076476488e-02
-6.936805496109221293e-03 6.711239044255875794e-03
3.731153729889162638e-03 4.109865185614974652e-03
-1.001987092780778216e-02 2.732884740916704386e-04
1.831609438150775529e-04 -1.151717008931400343e-03
6.797183578203559728e-03 -1.410955493345697823e-03
3.108179817344016230e-03 4.696724201297445070e-03
-4.165202991154996412e-03 -8.259756899719966974e-03
-8.358298481714255407e-03 -2.640330754012674540e-03
1.194028272411062561e-02 -2.283603913051787324e-04
8.760208362495837398e-03 6.828524690273526584e-03
-1.280539565293414492e-02 4.814999188019128407e-04
6.294816154837215051e-03 1.365756045855706473e-03
1.865936143928648844e-03 -1.031350000275298856e-02
-2.475195316252143309e-03 4.972263885435202792e-03
7.910071461265811427e-03 6.441526952334685439e-03
-1.230636548040287860e-03 9.867524192350742018e-03
-3.640036276941614746e-03 -2.662730910653697720e-03
1.000695445599894453e-03 1.296575730590047342e-03
-6.053475406967222076e-04 -8.342987204661615839e-04
7.369465700496619434e-03 3.507631008129597026e-03
-1.089753342760064851e-03 9.855198509007526142e-03
6.675778820609224069e-03 -1.091175866385880183e-02
-4.731513926033906366e-03 3.927502510215214945e-03
-1.305502268301170048e-02 4.678490633313421229e-04
-1.131074683568649916e-02 3.367418301758994155e-03
-2.206010128045382025e-04 2.752060172516115292e-03
2.420591894374644806e-03 -3.973755765127921780e-03
7.395410005950982160e-05 8.452992316838428858e-04
-8.030214931489886672e-04 -1.065437225528675404e-03
-2.508595984111528128e-03 -2.773917599752206541e-04
-1.718490962769445365e-03 1.402709124554606113e-02
1.277901997991412637e-02 -4.028231417502116385e-03
-4.568038909856561580e-03 -8.401965277126867415e-03
5.432225800762030196e-03 1.219481130848454678e-02
6.625087030357135198e-03 -5.406313146701037867e-03
5.450905980033169014e-03 -4.629268192364121778e-03
-8.265791971886338532e-03 -7.262174817331416669e-03
2.534508638171160434e-03 5.847116038101490137e-03
2.345839525900388078e-03 -1.213000564380411345e-02
-4.583940975370827398e-03 -3.715842452839158115e-03
1.417241298616498529e-02 -1.488358206072843207e-03
-1.734137489275170470e-03 -4.000658341859297633e-03
-8.342524185703293488e-03 4.030482627546381341e-03
8.769755932077088643e-04 1.910736457210696071e-03
1.087438247959713342e-04 2.597653881264448873e-05
1.296424047951794285e-02 7.418960088126476220e-03
-1.159297626520596966e-02 5.415062447872631343e-03
2.614896944603844380e-04 2.177526840176860316e-03
-2.113248079208355883e-03 1.848852501486652122e-04
7.256219455610975547e-03 1.235464605773997811e-02
-1.146521701168313860e-02 -2.049097087743836226e-03
4.671609815652559561e-03 -1.366953448477935956e-03
-1.041248877800590071e-03 3.107780683137213989e-03
5.335807659311861753e-04 1.230971797496009310e-03
1.116595199877950390e-02 -7.862030015267402680e-03
2.077532316552483001e-03 4.680423001575806721e-03
-7.671636596662935112e-03 1.007613477126710622e-02
-5.467015525497919901e-03 -1.137548861561402808e-02
4.660545419682546840e-03 3.780121213807662115e-03
-4.757426580094898695e-03 -1.642221767912195769e-03
-4.038034526096426213e-03 -2.343987450062925797e-03
1.143526495649207185e-02 3.329371618611564124e-03
8.180438226403026480e-03 2.230006821514077774e-03
-1.999203565907175899e-03 -1.351179152467545629e-03
-2.927669217781148081e-03 -5.067420739513506418e-03
1.182595102041199752e-03 -5.143099145906494286e-03
-2.265993948872768986e-03 -1.966665051215550283e-03
3.262314743886866701e-03 7.792961643811801772e-04
8.337686516158472269e-03 -4.491434465543590535e-03
3.579333898144161120e-03 -2.087670674602514279e-03
-4.821242322104377781e-03 -3.588610103027683497e-03
2.530756427439411448e-04 6.543581031748261709e-03
1.186266438418987802e-05 2.163875984707431047e-03
-3.879524948967778136e-03 -3.777470869554772591e-03
1.580928600651732019e-03 3.872100819922288766e-03
1.130642024415910545e-03 -4.925611496314551835e-03
6.288717197918619953e-03 -4.383153659706645090e-03
6.356907590513105610e-03 4.717929283143840885e-05
-3.090681215004472521e-04 5.239054268401804621e-04
1.013484147903495917e-03 -5.855338435557948295e-04
-2.897509682639593659e-03 1.434318436188462310e-02
2.803614115934602042e-03 -3.652361960284259464e-03
1.259071776853697535e-04 6.278115820912198806e-04
-1.716335288939841927e-05 -6.018350432785753851e-04
-1.388555336704674209e-03 -2.078921373430919935e-03
7.510684155236998930e-04 1.282924875120618072e-03
4.375330396454353912e-03 -2.725157595784739439e-03
-2.187202179267865813e-03 -6.604139815351778905e-04
-8.906855275240866537e-03 -3.231165286073568732e-03
7.176677476689678737e-05 -3.966730770287060608e-04
7.479933831626748610e-03 6.798572635081317518e-03
-3.351580120996951444e-03 -1.031840155705014347e-02
-7.123878071551070779e-03 3.356018656335651735e-03
-2.274408000589212605e-03 2.399389140355850675e-03
2.690032621592447406e-03 -4.139290337095255685e-03
7.272584540084837436e-03 5.645530454024383360e-03
4.918586501475185127e-03 -5.722821222943095740e-04
7.755138266308785749e-03 3.048004342257920780e-03
4.952913207253981098e-03 6.313879642628411962e-04
-1.356534113913410340e-02 5.587622014678081221e-03
-1.603616529661094914e-04 9.525454537199534027e-03
9.663687398224585050e-04 9.290564403403839917e-05
-5.697084397442188364e-03 1.114554751317420669e-02
-8.527872454816647595e-04 3.940227327758162113e-04
-1.007262227384781751e-02 -6.820174523308735783e-03
-7.852673517953290619e-04 -1.384353116752360877e-02
7.688225568754274500e-04 -1.149516906687477781e-02
3.613564485808861554e-04 8.592550349988114025e-03
-4.143329738226011853e-03 4.159966187402120048e-03
-2.465136668585937523e-05 -2.817664105611271679e-04
-1.036095066028724573e-02 -1.052144008275859161e-02
8.087852006132229899e-04 -2.519596495327387428e-03
5.718494631413509333e-03 3.297168353376231115e-03
1.905435768706058471e-03 6.850653482204662435e-04
1.030554896999557116e-02 4.208997556072843066e-03
4.415293040192148910e-03 6.250414975762650510e-03
-3.581058204478319504e-03 -1.177294413536561935e-03
1.356521336962886702e-02 5.769314191168220356e-03
3.281665422068877694e-03 2.623103516372304617e-03
3.150920574837325072e-03 1.534340096282733011e-03
-1.053376576610180748e-02 1.022006745500702272e-02
3.337657900825384289e-03 -4.444382942216137770e-03
3.850920281713427623e-03 4.383580063227102142e-03
-2.855859987764292323e-03 8.839542919870161091e-04
-4.472083100485307536e-03 -1.424502320541704350e-02
-8.375235206484815328e-04 -3.067216894056336123e-03
1.108043647631649226e-02 -7.631199897300384137e-03
1.831227445034231413e-03 1.427962245470877981e-02
-4.845165788634404652e-04 1.481622864260182144e-02
-8.056789127140315601e-03 -7.470881099927940072e-05
9.488813307020300264e-03 2.516244422953688945e-03
-3.577455982511888472e-03 1.170322131715757948e-02
1.375623757754233442e-02 5.562501237622883253e-03
-7.897362622652058170e-03 6.102860199557936897e-03
-3.051952870702230071e-03 2.960720085450867321e-03
-1.356816871434206144e-02 -1.894973156041154056e-03
1.197904839737579455e-03 -4.338404174429003925e-03
4.460973889106413515e-03 -7.332183404543304167e-03
-2.497647050745209658e-03 -5.275787505007816479e-03
-1.501042794897917195e-03 1.886433010731562634e-03
-6.857597306441561361e-03 6.148257007610586494e-03
1.396925294462368801e-02 -5.260862016579003625e-03
3.597941640190413602e-03 -1.452499547530055691e-03
-7.532673008105118286e-03 7.989585615398598836e-03
1.185394651285863639e-02 -3.866220170687356683e-03
-1.190978618730959872e-02 -4.404998040584857770e-03
5.159402258138550031e-03 -7.127417301510125501e-03
-1.302973770449836546e-02 6.705189710804275970e-03
-6.241512256157303110e-03 -1.288108509138983365e-02
7.974231789165944426e-03 1.039875953532089572e-02
5.413400654886721744e-04 1.230266247699477247e-02
-7.642410832491338540e-03 -1.073812278716618392e-02
-5.435881056551705205e-03 -2.978359778064847377e-05
-1.178088192189506028e-02 -9.152013152595488837e-03
-1.371976827760217369e-03 8.466590242320375104e-03
-1.053362456386008547e-02 5.720192844917702454e-03
5.996263199947096147e-03 1.301175785231980207e-02
-4.896322415762665225e-04 6.843549734924371346e-03
1.013586758339144953e-02 1.094641094030197534e-02
8.155273541557735498e-03 3.152857329458570029e-03
7.948960137506951712e-03 1.249283822952982487e-02
-4.533367367344289488e-03 5.153048230288316545e-03
1.126364476345117181e-02 8.210781463097215419e-03
7.849317779099501680e-03 3.441293810640055732e-03
5.824952937381683987e-03 -2.402449008490073739e-03
-9.587910583638833278e-03 1.941709962808764803e-03
-1.111912900180818398e-02 -4.442154443103368475e-03
1.450057107790832765e-02 -1.404604198044926864e-03
-1.281935259906697225e-02 2.700227540755146313e-03
4.359400563346883285e-05 -1.517957602380090804e-03
8.120589813709864352e-03 1.038547660848493457e-03
-8.818214737250449492e-03 -8.898944837636075730e-03
-6.887503577053410812e-03 3.633628719479685323e-03
