2.468042551908901112e-03 4.681748173702020982e-03
-2.012918306128257118e-03 4.576915980532030546e-03
4.937937179657766844e-03 1.271525229696134204e-03
-1.179018719869785042e-02 3.160931163384052452e-03
3.364368823298621511e-03 8.436291982903840192e-03
2.322912465548116444e-03 -9.146806966225483684e-03
1.219878682486364926e-02 -6.603756506833216577e-03
-7.872759161781586398e-03 3.315066089926902056e-03
2.703156573351198945e-03 3.312543515179139191e-03
-1.264423573155328689e-02 -1.733003971405273382e-03
5.485567935266108053e-04 5.908345320608939747e-04
5.014541623969486286e-03 1.335803990664638204e-03
3.485103081984589068e-03 -7.307916994230667217e-04
3.027072952941264536e-03 1.350543702875082672e-02
1.225671108990229827e-03 1.028460175498349498e-03
1.198912243852389044e-02 2.358165209243603087e-03
1.703850184628952127e-03 -4.053010553693211192e-03
3.902452009320840371e-03 7.942721919779655894e-04
-4.702280428807328709e-04 2.738409317046686022e-03
9.676013081571444713e-03 1.069939645619027643e-03
2.822057481067222727e-03 1.391297095388647868e-02
-3.190818622686613856e-03 1.070483913359074161e-02
-4.915226708175232835e-03 -9.142682557944908223e-03
5.147496131344358019e-04 2.458258532411708962e-03
-8.141924243935434388e-03 1.253609187710783002e-02
1.033358306228005820e-02 -1.663949578369236905e-03
3.220368427012815660e-03 1.031525339804935035e-02
-7.101731226172804459e-03 -7.782884001058940591e-03
-2.653316380710570347e-04 7.562704704927114031e-03
-3.249935540790060539e-03 -2.343875380523581867e-03
4.326568081623959582e-03 -1.353803937168508026e-02
9.473377494653514169e-03 2.435849470533196087e-03
1.636421869400432822e-03 1.003569231434486148e-02
-2.588556100466888818e-03 2.997484312688037267e-03
3.690849354931833443e-03 -4.131944358485556586e-03
-4.770691664097887440e-03 1.411177963394000950e-02
-3.405385844202267042e-03 6.156257870217392118e-03
-1.048331540594237346e-02 1.711681833478623412e-03
1.135127936088020130e-02 1.993779208188059884e-03
-1.289073640029265132e-02 -5.258488321897167306e-03
-1.156347240941042569e-02 -7.749623127716561907e-03
-1.330098581164511351e-02 -6.816706154074342328e-03
-1.191054817256603261e-02 7.347246120759298380e-03
-7.116943807995363032e-03 3.345308821480818661e-03
1.011671453047340193e-02 -1.021959255687721231e-02
-1.390296577779449351e-02 -2.952149706670512738e-03
-4.536542038418532423e-03 1.403883223909375283e-03
5.060195809414126840e-03 1.298066397716309689e-02
9.293454024083262766e-03 -7.321684931672309792e-03
-2.918386485120057217e-03 -1.379897776004326317e-02
5.836320346045141202e-03 -1.286945671171793072e-02
-2.487206041877026638e-03 9.281712030690281168e-03
7.511259079791868590e-03 1.100697493400033117e-02
1.997188040791008160e-03 2.788301025413621702e-03
-9.905008273701599447e-03 -3.480135450032317921e-03
1.145676793448191337e-02 -3.314035181130635128e-03
-9.713583200822098127e-03 -8.515269031107372544e-03
4.955779363248417023e-03 -1.352379468792681318e-02
-8.374307256241081410e-03 -5.212894283323216268e-04
3.646640170841155063e-03 -6.417317420997501257e-03
3.736996468163735884e-03 1.007552361871902336e-02
2.747887080733590025e-03 -7.609890725293091442e-03
-1.327259972790158227e-02 -5.932740271565756576e-03
2.692574525179053119e-03 6.027036665718308109e-03
4.498539479676899946e-03 1.783210390244052105e-04
6.769317687309538666e-03 1.142609156149663671e-03
8.442431022713239516e-04 5.176431525267652725e-03
-1.027278457692569827e-02 6.545040499290121633e-03
-5.191553678134032228e-03 -1.200243831345957322e-02
-7.261984935988386597e-03 8.113002626986477728e-03
-9.844185881949757237e-04 -5.493616609096633151e-03
