3.257684554288885464e-04 2.100922395865140874e-03
1.103212543972605791e-03 6.930578769685962273e-03
-2.014894659675865729e-05 -9.154757998983473546e-03
2.867765107398440819e-03 7.627969801249643092e-03
-3.381196926732868771e-03 2.958164002378204944e-04
2.938733613750590945e-03 -7.965392277141164143e-05
-4.591892008128245668e-03 -1.372781040694964110e-03
3.942542422563081149e-03 -1.587091442322768799e-03
1.007257421478875790e-03 5.022492656726332966e-03
7.604116702977959871e-03 4.161419129033461402e-03
6.162841671686564507e-05 7.044160264029391064e-04
-4.971002598061430647e-03 2.812762551312998627e-03
-4.560215646603018799e-03 6.119095165763835560e-04
-3.283852747362061859e-03 -3.865075825084173227e-03
-7.761364992733405660e-03 2.560022158024207774e-03
4.035511951348091757e-03 -8.231928285069179535e-03
-2.273481962671161909e-03 -1.646596418498563665e-03
-4.728400562822671072e-03 1.123489260072668564e-03
9.292990860011486609e-03 7.485458407753657617e-04
2.866966838983694456e-03 3.170191542572944193e-04
1.276674924320329516e-02 3.946679204971556033e-03
5.024422704246757874e-03 9.355416142481651556e-03
-1.024679100773185324e-02 -4.627927697811249318e-03
-1.323651430903565991e-03 -6.756422359677403087e-03
-1.311819276881189683e-02 -6.907228590407898418e-03
2.043650165875638899e-03 -1.101866588659273886e-02
-1.152870687521205528e-02 7.557770003238610014e-03
-7.370511007265567217e-03 -1.041479587388660817e-02
1.786194647318285842e-03 -9.773867500680441869e-03
-6.958092721040694088e-03 -1.803351737200097754e-03
-7.831946880426002289e-03 -1.238061065011680957e-02
6.921783654568055069e-03 1.141640567504276053e-02
7.629422543270384695e-03 8.252140707678335893e-03
2.563052249307912981e-03 -6.107338149732676261e-03
-2.946211732960424571e-04 6.787133395416652427e-03
1.245108936167953033e-02 -7.989969103127086275e-03
-2.178544937861645256e-03 1.309929871246004462e-02
6.625130507419100569e-03 3.678642485372856253e-03
-2.185152790405586135e-03 1.356026477559371321e-02
-1.160891997821811641e-02 -7.892598791188318655e-03
5.173592938988999697e-03 9.953697211271154283e-03
9.460200631593598808e-03 -3.782267729694975197e-03
-5.309968188897095862e-03 8.534756870308255264e-03
1.039276624306128584e-02 -6.716198786384321856e-03
-1.031496215087171139e-02 7.640844745291470834e-03
-4.249125929397392677e-03 -7.050456411359172504e-03
1.062145245491125621e-02 3.962782433509413026e-03
6.621334836862897109e-03 3.468970402141761770e-03
7.943623949917218152e-03 3.748485102448728288e-04
-5.881346096870625206e-03 -1.328025114320443949e-02
7.848357799681582054e-04 -6.025758300714381330e-03
-5.423795782311692341e-03 7.612109989928537296e-03
-2.171520830610335420e-03 3.070895197629998005e-03
-5.107931289097204092e-03 -1.179923949137744177e-02
3.920185519459506301e-03 1.171748286423662799e-02
3.830415806952922227e-03 -3.330415062721052075e-03
1.584356097879537680e-03 1.047478121653180883e-02
-1.406280656916661462e-03 1.382384184877254001e-02
-1.276813919436722497e-02 -2.749458079295269766e-03
-4.196144673613212694e-03 1.322744258921309916e-02
1.006378894638635009e-02 -2.955885010697641233e-03
-1.255671472692591537e-02 -1.355930959987762009e-03
1.941346147348890728e-03 -7.782932898308352401e-03
-8.836407015776719456e-03 -1.153262575110766165e-02
-1.287196460076597306e-02 2.634381589019810991e-04
-4.889671211087343733e-03 -5.497847480755576992e-03
-1.176668118870690533e-02 9.083946021005944241e-03
4.162177421422163202e-03 -6.335291490764918126e-03
-1.287346779686696476e-03 -2.492405084342032544e-03
-2.012551372742165702e-03 -1.147871012577537236e-02
7.828976844058062670e-03 2.563634637744341242e-03
