-3.891052363896247215e-03 3.392596572157352639e-03
-3.951291723734675493e-03 -3.380797792526066530e-03
-1.235889293882122021e-02 -6.584661367660315720e-03
-3.302405157128537189e-03 1.602067469918873333e-03
-4.264734495820348380e-03 -5.340836983110984829e-03
-6.350217845130248784e-03 -7.678198572542595593e-03
1.421620755108338012e-03 -2.005366407578212679e-03
-1.297437883756797500e-02 -6.317870984694830619e-03
1.035842808553948287e-02 -5.447565237419373790e-05
-6.060755940820134607e-03 1.266796106032166795e-02
2.544646996223779703e-04 4.746026934677813206e-04
-6.328679841655054060e-03 -4.592418911839602977e-03
4.898309785375122571e-03 1.629896084568980543e-03
-2.368638816749355815e-03 3.756268115535979328e-03
-8.465605190570444152e-04 -5.214003767506312018e-03
-5.148735083867424928e-03 -8.954497587031901018e-03
4.494883078216450759e-04 1.486761669243811699e-03
8.703417615323795140e-03 6.585060501867797539e-03
-5.861565161986916940e-03 -4.526814978744884282e-03
6.555507580883423308e-03 -3.767667760960462763e-03
2.330272709841273420e-03 1.890060606903831058e-03
-5.680591543465023444e-03 -6.920504296388153669e-03
2.517345285283122038e-03 5.245280994824055333e-03
-1.076782598011888706e-02 -3.813649651170351266e-03
-5.667467591706271471e-03 5.313295558862407737e-04
-4.579023595380888028e-04 2.879292522327589910e-03
6.511377766511105940e-03 5.463694682335410238e-03
9.513927122276048158e-04 7.330429094684734513e-04
7.017656821500493653e-04 7.193920539979021915e-04
-2.829191520540443646e-03 7.416581108577085905e-03
-1.282116994894453438e-02 -6.189313462757823486e-03
-1.006837539276589713e-02 7.020706299963127076e-03
-7.070663706552580150e-04 8.426488874309531448e-04
-3.624597230385803552e-03 -5.325860955514878994e-03
7.625654706453155462e-03 7.247198789736454018e-03
8.538936850780998178e-03 -9.087301990050830267e-03
3.216923642139987889e-03 4.722700740110089349e-03
-8.009602965931164262e-03 -3.522607035725701559e-03
-1.920411796302272725e-03 -4.492808278717301887e-05
-7.610343429401790483e-03 1.446607371250489479e-03
-4.147576619307143803e-03 -9.680914635867919615e-03
-1.599017991459181134e-03 -4.279503043464497015e-04
-1.250785494637046517e-03 7.127661933672692308e-04
4.036773238723223925e-03 -2.943970417502896585e-03
-7.501934854060969549e-03 -7.861359516357102964e-03
9.100952845520151116e-03 8.289309820703551906e-03
1.728964570275197442e-03 -5.794236922558149150e-03
-3.044699324789687869e-03 -1.208427929260219406e-02
2.650277457805927644e-03 7.576016723625034546e-03
-6.097221912825193796e-04 -3.318243337890579032e-03
3.664687643627474040e-03 2.944497321214825051e-03
-1.294787539503556564e-03 -1.412807569183840550e-03
1.484638228702280134e-03 -7.369928719456895518e-03
-1.197195908563585334e-02 -1.756330165966170018e-03
-8.865168325168912289e-03 9.009372373612897431e-03
-3.433948272773124219e-04 -6.797646597165088716e-04
3.786475709741601728e-04 -2.162550812580754916e-03
-6.746156538496321867e-03 5.239453402608169712e-03
-1.525526910358126044e-03 2.440341706763920343e-03
-7.006847964542530990e-03 1.037287720942433808e-02
6.772995230476726650e-03 -3.715714683334032323e-03
6.300116843342423376e-03 -1.962848955731491887e-04
1.342828985504005562e-03 -3.311617477259265734e-03
-2.711650335513902596e-04 -3.099430516172422320e-03
1.176587108146714099e-02 5.891245852475056506e-03
4.973525172809765971e-03 7.763153183819106705e-03
3.180537380575174013e-03 -9.079877861004771039e-03
-1.400881020047889218e-03 -2.219804578711143377e-03
5.442028909356910749e-03 1.759778778632664241e-03
-3.793835954029314925e-03 1.058864055268280389e-02
8.103833782091306170e-03 2.165728060545574207e-03
4.437757081585395197e-03 5.290209077611228786e-03
1.273584785485443096e-03 7.660971334901545658e-03
-1.052313273770032719e-03 8.254855345422132049e-03
-3.054039414425543074e-03 -3.672239542177518912e-03
1.174433307799194713e-02 2.805466191772064757e-03
-3.213938048425206098e-05 3.830222215585963322e-05
-5.776211416502242263e-03 5.053530170735964951e-04
-2.180304953934305776e-03 1.239944637102202707e-02
-7.735324569169460714e-04 -3.227189769691961850e-04
3.231101401322026070e-03 -3.228387172316232994e-03
-1.035889110449986911e-02 2.077468431800259460e-03
-2.123386437258387160e-03 1.285974353580310271e-03
-9.641814145275617615e-05 1.149066664675789064e-04
-9.214534339862304885e-03 -8.776238197514550296e-03
9.497226788342734080e-03 4.705601271974165639e-03
8.052806742385430067e-03 -1.662769848715756667e-03
-2.282694282801781167e-03 -4.591492873920191391e-03
-6.378445593987730478e-03 -3.132958953535111904e-03
-8.520384441014524149e-03 3.620158695047783707e-03
-7.956388600932673416e-03 1.547863182248177937e-03
-4.705601271974274927e-03 9.497226788341483344e-03
2.337888493143540532e-03 -9.786944231660599236e-03
-2.007873156635014283e-04 2.572874745080032128e-03
2.287994971306989925e-03 3.029451932491335729e-03
1.423311536496186733e-02 3.262043379184048804e-03
2.987573328163855343e-03 2.506871677777369745e-03
-6.120867531154117538e-03 -5.462369510209875989e-03
4.151616020442091821e-04 2.830915826878028108e-04
-6.315428120394359079e-03 -8.497521265413114297e-03
-1.093773520267269858e-02 -6.567034995813143122e-03
2.062556288957629203e-03 5.320560267010241394e-03
-3.214401067391653433e-03 5.853214995022015983e-03
6.106817541477314870e-03 2.056521216789896321e-03
-7.209231817035744588e-03 -1.676149339482829476e-03
4.983328281404645656e-03 -2.671879346032774750e-03
-1.178787210390136453e-02 -6.954032733750841952e-03
-1.015776853938121782e-02 8.838537113140464488e-03
6.090580226507328471e-03 -2.591299385341951957e-03
-2.619862383655834244e-03 -1.087928403391997048e-02
-5.961224436156143530e-03 9.749041143711542623e-03
-6.235710312870044320e-03 -1.123725575458601328e-02
-3.958109238621977015e-04 1.560715769303321412e-03
-1.335803990664638204e-03 5.014541623969486286e-03
-2.303434017862229961e-03 -3.663218876308354426e-04
-1.262972272291745975e-02 -3.501484574125008839e-04
-5.248857376995676866e-03 7.344351314851733925e-03
-1.001848187092934522e-02 -5.795689864188809624e-03
5.504583363991255932e-03 -1.581790753818130765e-03
4.800311514756138570e-04 -1.317344184689856618e-02
-2.891953455125274765e-03 -9.932728991237977159e-03
1.312078661892176210e-04 -9.342293593387773374e-04
3.634735588436406421e-03 4.224771852082553382e-03
-2.117159710835127707e-03 -4.322052146702959514e-03
6.170170264526406850e-03 6.025902331331449771e-03
-2.908909328062826791e-03 1.015631559775044719e-02
-2.709383299774458399e-03 2.295482985104131679e-03
-4.597527946087243828e-03 -9.144683525685204373e-03
-2.611576101443265248e-03 -3.888402019643927982e-03
-2.798776446388418632e-03 4.113313798282611407e-03
1.780789878395250703e-03 5.345211633696209975e-03
-1.148940535941054414e-02 -4.353856277731490282e-03
-7.321807563015037641e-04 2.583875256295891428e-03
-3.721478390798156708e-03 -3.187961509619412648e-03
3.796358528777078224e-03 -1.272481755001768355e-05
5.315993962167665614e-03 1.248890340238888869e-02
-1.264835484313849186e-03 -2.693082100052710329e-03
-6.233650757080735211e-03 1.361652759973298356e-03
-7.930938965830705567e-03 9.140580239802794521e-03
7.055559909451919465e-03 3.570584596971886331e-03
-3.544081154447313586e-03 -7.546447976947499425e-04
-8.706993997495415805e-03 -1.758054472299186519e-03
-9.221224085244590987e-03 -1.145218917804071389e-03
5.592587453728139688e-03 2.669356771285011452e-03
-2.827004195247259915e-03 8.658553417288954515e-03
1.030336164470238743e-02 2.967025247360974890e-03
2.276260076419738378e-04 -1.049136025806356176e-03
7.094724284774968533e-03 5.235206521526927607e-03
-1.192842005972643595e-02 2.392236376012608912e-03
3.847720817938676645e-03 1.314971651813086860e-02
4.229274272173585633e-03 -1.250772717685829163e-02
-2.255855590822738142e-03 -3.067754154647195450e-03
1.772375826678806651e-03 9.711265825267611368e-03
-2.340283298388000366e-03 -1.214590770931894999e-02
-3.049664763839746336e-03 -1.188294924753101681e-03
-4.914674869849773760e-03 5.079219519144792527e-03
5.437191239817883940e-04 1.298826940636838598e-04
8.743252489554993517e-04 2.691756927926034632e-03
1.441306682744710431e-03 9.172384370831326156e-03
1.948639545159753118e-03 -4.500311536220311104e-03
-8.097112385318447347e-04 6.565582054182482648e-03
-7.398954736729232429e-03 -4.250349256688394986e-03
4.569763216181061674e-04 1.166693036526363428e-03
-4.970076560142019061e-03 -1.233223007540274700e-03
-5.145749490160064256e-03 -4.015746313270028567e-04
4.777240277235935903e-03 1.463036340476112822e-03
3.604448283789616920e-03 -3.828897043469274564e-03
-1.425027871785126618e-02 -3.863878422462625056e-03
8.811826190665976097e-03 -2.722906385738652589e-03
-3.037674329946676074e-04 -1.038135514589355211e-03
-8.677632730770892810e-04 1.034159998210931655e-03
9.955225265999216415e-04 -8.498319533827399658e-03
1.559853616136922666e-03 -1.236671620206769356e-03
7.143563999188232497e-03 7.821732122075708560e-03
3.516316424548858108e-03 3.276891637275027112e-03
3.564693120003097158e-03 7.886410017251016535e-03
-3.056817528182417809e-03 8.465717134383441214e-03
5.236403924148587234e-03 3.871701685715486525e-03
-1.188694058961155091e-03 -6.058105596569989416e-04
6.382820244573527216e-03 5.616903570959529135e-03
-7.268209889499039830e-03 -3.161585836599965695e-03
-6.944964008817914800e-03 -1.163657917586760973e-02
1.045160509427361679e-03 1.399156713714411280e-03
3.761233554585465769e-03 -8.527345551099055690e-03
-9.679652766513809417e-04 -1.471480693801941603e-02
1.039229177235732188e-02 3.172187213609702332e-03
6.653187009710741402e-03 1.405383440138921903e-03
-1.356037570008404580e-02 -5.308362353171010295e-03
-2.529670968625766323e-03 -5.386164200104959221e-03
2.873864064317825651e-03 1.337687950681381785e-02
6.709977756881422770e-03 1.648847628543509067e-03
3.735991399435345615e-03 4.570817023613327028e-03
-6.445502468713679503e-03 9.081602167338250278e-03
-8.869878225209858885e-03 -2.808515670231756522e-03
8.944630593684116046e-03 1.096476554890794819e-02
8.140347813161355126e-03 4.611370455814132151e-03
6.983330115725997628e-03 5.990250453427800430e-03
-9.086439836883751509e-03 -6.906454306711460288e-03
1.116456294190049624e-02 -1.793051676986243473e-03
-4.082371820420017949e-03 -1.380350463903473254e-02
-5.755934700401608983e-03 -1.696825189790374501e-03
-8.524168303136060026e-03 -1.224371490765014357e-02
-1.167269407273028616e-02 8.154796937045532060e-03
2.137436426935189829e-03 2.119873939839669180e-03
-4.780353640448532088e-03 1.340976909665291678e-03
3.963154388118864287e-03 5.544673777233497143e-03
1.455980985831073840e-02 1.316980216195235906e-03
-4.473009825284612363e-04 -2.447893605319431437e-04
5.570921680749069474e-03 1.094051331642946143e-02
1.035060482228730011e-02 -9.068350446076301960e-03
1.598219723045005494e-03 -6.883000342646579742e-03
-9.579594940118688062e-03 -1.184846312086606374e-03
-1.092759684462130468e-02 -7.668124099243644673e-03
1.264835484313849186e-03 2.693082100052710329e-03
-4.957623107293568539e-03 -1.244927600810635457e-02
2.534173388716799008e-03 -3.486827388316925125e-03
9.281000426123994784e-03 9.941606061914697728e-03
-1.497602759570528658e-04 6.401372654340682124e-03
1.227698780600372172e-02 8.082423548121346960e-03
-1.062117906737442864e-02 -7.411009055369628673e-03
-3.591068793023115269e-03 -1.143314151595122008e-02
-2.579564490462316929e-03 7.430231964046976612e-03
-5.497223119698670113e-03 1.261865832694812617e-02
2.225568286175948207e-03 -4.985914740904632061e-03
-9.435135352666844388e-03 -6.024178024998433703e-03
8.915141557452863075e-03 1.022204730035029298e-02
1.230349124852897491e-02 2.722188409752480595e-04
-3.221426062231020574e-03 4.150290848311794997e-03
6.515417167641752820e-03 -1.386304126660409253e-03
8.576249150264871708e-04 6.692910522139390367e-05
-2.216691215499118784e-03 -1.403132230092834620e-03
-5.454354592699554166e-03 -1.900661983913568345e-03
7.373968120587651685e-03 -5.365360580292288621e-03
-3.993569462268958120e-03 -2.241406466938561642e-03
-7.735324569169460714e-04 -3.227189769691961850e-04
-1.601333086255669197e-03 9.687013592788444594e-03
-4.845893688790236208e-03 -3.870376513588811261e-03
1.017060530073756342e-03 -5.412539873125548490e-03
5.653752851484619528e-03 5.396765577114015847e-03
1.265046245797654678e-02 -3.875022528877997488e-03
1.877798808312838939e-03 -8.149624018045559248e-03
9.707433904082554601e-04 2.576850261458455901e-03
-2.454455581193055406e-03 7.470928991447052872e-04
-1.220522103123739509e-02 -8.479096625149371708e-03
-1.082899137787536603e-02 -6.541058456999356528e-03
7.492163396856654778e-04 9.374895992828986835e-03
4.711540807910568913e-05 -6.784394875902946109e-04
1.404339244526837949e-02 6.878434619784828605e-04
-1.477485464359608661e-03 -2.284083339679647377e-03
5.372114210427475674e-03 -5.935519262046317149e-03
1.277405454086542880e-02 6.867752950348117447e-03
-3.976406109379560135e-03 -1.639571423659986040e-03
6.233187738121709863e-03 6.613400194539088145e-04
9.783958637953239432e-03 -6.215034462561356762e-03
-3.774357506343428009e-03 1.075511698826483791e-03
-7.969049533731037416e-03 -7.926963449452283095e-03
-4.178119462964185863e-04 4.979288880275359666e-04
1.341213225051066452e-02 -5.716179536615089221e-03
-9.691324358622018659e-03 -9.763745806604148814e-03
5.938632625257660863e-03 2.568100960286181546e-03
7.941077323880737712e-03 -1.024166934323444099e-02
-3.758583210332466958e-03 7.746325080385539456e-03
-5.697084397442188364e-03 1.114554751317420669e-02
1.158582350086330079e-02 4.238949611263911552e-03
-2.242731639065347060e-03 4.384079697626056676e-03
-1.134726086675654638e-02 9.217759064904362115e-04
-9.466476464735558774e-03 1.325074844151597452e-03
-8.098197844130947121e-03 5.606174424445807720e-03
9.904102108173013647e-03 -2.002189159615215715e-03
-3.243793985504513956e-04 -8.169900734145620069e-03
-9.311159961261819117e-04 -2.935221116330622229e-03
1.069917256856458415e-02 1.406309478057653044e-03
5.515519990456034007e-03 4.628070789742573174e-03
7.746053715682040680e-03 -1.125382831901115127e-02
7.512073212111000826e-03 6.760270412925457363e-03
2.919047686110488871e-04 -1.125740470118755847e-03
4.172691004953389335e-03 7.939688267002980790e-03
8.001651933174315848e-03 5.865668447869215769e-03
-1.154495122687594633e-03 1.195479573274645449e-02
-2.933895944204407968e-03 5.406057607697635839e-04
-2.307010400033851060e-03 4.460684141937776119e-03
-8.864577536706011451e-03 -4.370556611661754499e-03
3.253437673210036411e-03 7.168343135378647292e-03
9.818157574225440734e-03 6.345571829840954137e-03
-3.499616090620417085e-03 -6.520638145697057759e-04
-1.473110813773811489e-03 1.998612777447701791e-04
-1.171450879230554430e-02 7.271195483205829778e-03
-7.593546977362683470e-04 -8.273806889396660355e-03
-2.296073773567711661e-03 1.067054568549962237e-02
-9.860546674594016479e-05 -1.127065642244289663e-03
-2.647882652562828266e-03 1.435683521735337323e-02
-1.427719712028293567e-03 -3.743543297985280766e-03
1.058592632367758198e-02 1.025332452766689224e-02
3.208972609382569618e-03 7.065762152254283571e-03
-1.681849162196529500e-04 5.115797434962850079e-04
-6.925405850685988594e-03 1.089810780839005171e-02
-7.580854393170537511e-03 2.189325619808146859e-03
5.988526147094212770e-03 -1.024829520386575342e-02
2.261747067790847304e-03 -1.187421577205631171e-02
-1.243760499797678942e-03 2.415690340077489458e-03
-4.638209147793174308e-03 6.616609093888359619e-03
-2.674928824492357662e-03 -7.857783134185482299e-03
2.592225423260683097e-03 2.044594667653483553e-03
9.161399685307571733e-04 3.575358381765737347e-03
-3.355747291632833838e-03 7.888533457791977593e-03
-2.923677875714351254e-04 3.148733249544821353e-03
-2.825950387823973273e-03 -6.744368347411763137e-03
6.306215800261808641e-03 5.552624809991024701e-03
-6.621382878687653330e-04 -1.077762908871890413e-03
2.983198677578058171e-03 2.292706035295229670e-05
-1.211111798458191710e-02 1.520960605516120771e-03
9.988657585241580636e-03 -4.280971810790225492e-03
-5.062790549917566951e-04 -1.730225857649079092e-03
-3.604911302750002725e-03 5.851889822895340286e-03
-6.714352407467221243e-03 -4.132792245967926298e-03
1.097046537161984990e-02 -6.851196211617368095e-03
1.692658019155063483e-03 1.245100031443983207e-02
5.884156972884037849e-03 -7.790327125253981334e-03
-2.213992812187138420e-04 -4.558890474476913826e-03
-1.460322111471570915e-03 -1.682248296402213874e-03
-3.273608865854942332e-03 -4.770472644913833701e-03
-3.565966084216774454e-03 -6.151276425917626481e-03
3.683122266155486584e-03 -1.023241022622201415e-02
-1.274081667756738270e-02 -6.936127577921086251e-03
2.702903825803873190e-03 4.092363268227812260e-03
-1.017064388789125926e-03 -1.113645183620958802e-02
-4.993933225969981321e-03 2.872333074691189240e-04
7.637752569767057576e-03 -5.265995648117793686e-03
-2.970036176759029839e-03 -8.386194831062888239e-03
1.171521425970906485e-02 6.494211369563820252e-03
-8.224917684023185308e-03 -1.146220965865507417e-02
3.638531144255678553e-03 1.283660286923293987e-02
-8.208810217386584840e-03 3.066228186818506680e-03
1.363312318491079374e-02 -2.876905405926911356e-03
7.324578320066670208e-03 9.666901591383780801e-03
1.347819510064105289e-02 2.057179111326797732e-03
5.566640344269929708e-03 3.667953733896411471e-04
-4.218661260213548911e-03 -3.649840981455302995e-03
-6.671303696622813209e-03 9.768050434865270873e-03
6.408637094645038348e-03 -1.031664877827641845e-02
-1.275586266579614540e-02 7.445052945982700773e-03
1.401266630569370994e-03 3.615509690616980094e-03
3.145862466376806235e-03 1.296925574952284034e-02
2.933456663716377949e-03 4.873231254769264283e-03
-6.349610461090264384e-03 4.495523395721556618e-03
-1.022289403324356909e-02 -1.377163367448115813e-03
-1.263796678472429991e-02 2.311545782069977708e-03
1.455170708916262573e-02 -3.236932239510329629e-03
1.390162204208837508e-02 -6.153234000353449955e-04
-2.168163704678934857e-03 -1.461695794217375728e-02
7.914181691936762394e-03 2.136480774954139985e-03
4.325112679484579593e-03 1.111314345873386233e-02
-5.468710686654732096e-03 1.222631569139554820e-02
-9.355397898450100447e-03 2.889125663716028952e-03
-6.444777078156366419e-03 1.318596753549356425e-02
-1.113181749666991745e-02 7.835186055997487090e-03
6.064905848466089697e-03 5.595154155193325825e-03
5.613920769740384821e-03 8.114536211160205958e-03
3.958959666074473964e-03 -1.330538721852877852e-02
9.251686931260143503e-04 4.315205800160779558e-03
-7.606649209126988345e-03 -6.576610621991591139e-03
-2.160030624626378681e-03 1.448703908248359130e-02
-1.301632574998092678e-02 1.421393054969650105e-03
1.088792357317182671e-03 7.010414409874710095e-03
-4.335999369185872948e-03 8.243997399100510756e-03
-9.422853037363450573e-04 -1.164199597687482282e-02
6.897270799289267201e-03 -3.632511485883425668e-03
1.036443697229872708e-02 -8.465523871370009973e-03
-1.227907777888413016e-02 -1.505536712730090902e-03
-8.520817506574613828e-03 -1.186858265860103734e-02
7.806404737330833402e-04 1.783499797132277959e-03
