7.880454655527743043e-04 1.705574490961968628e-03
-1.038215341430729147e-02 -4.273276317041347500e-03
1.337687950681381785e-02 -2.873864064317825651e-03
-4.753387178964252682e-03 -8.492220576908014393e-03
-8.109725259064068294e-04 1.277624186615518818e-03
-4.033532106006753118e-03 -1.121697903848595246e-02
1.510550882763272247e-03 -1.800204441329485020e-03
-8.245978274746663950e-03 -7.441360244768642149e-03
-4.339279384343330305e-03 7.193792770480504986e-03
1.730225857644754426e-04 -5.062790549907478449e-05
-5.536259725517053525e-03 -4.028998034525362384e-04
-4.133191380175980575e-03 3.058877083970475315e-03
8.571076231265250395e-03 -9.125604212206690422e-03
-5.716307306119536302e-03 -2.055196044662540612e-03
-5.097835813664850987e-03 6.230936528076193304e-03
1.439116192313205991e-02 3.851552739118727434e-03
2.001390891199788906e-03 2.593151461180094684e-03
3.080542856950797131e-03 -4.137965164968579988e-03
5.833465182632740012e-03 -2.284881608094394174e-03
1.057843830988111980e-02 1.057339316038434160e-02
-1.475483346650943370e-02 -2.329139191971946188e-03
-3.761568804039826762e-03 -8.065978753193587050e-04
1.247799900928325822e-03 -9.265689149073309816e-03
5.565078262834580267e-04 -1.752226880082619585e-03
-3.197572963959336920e-03 -2.878893388120106790e-03
1.665484077720869299e-03 1.593318168746599194e-03
-8.276393348897327640e-03 -4.138092934473025335e-03
2.226829573549149628e-03 3.020431266611895609e-04
-9.640888107378470934e-03 7.444681087931151811e-03
3.195385638666153189e-03 1.636921079408238397e-03
-4.068784849702239761e-03 -8.374663566187545705e-03
4.981476205567183374e-03 5.420091771674913350e-03
-2.547760359433215872e-03 -1.942013684529120049e-03
-8.944295344228966188e-03 -1.630822122487712335e-03
-4.550412538008137379e-03 -9.823123013275498333e-03
-4.695335144419008136e-03 -2.960798520936463833e-03
-5.789463137764868858e-03 4.410455370646645945e-03
1.010568769225069115e-02 2.735886742297780842e-03
-7.230897590014244078e-03 6.595007205660941355e-03
1.260460833726691340e-03 2.091374826271511075e-04
-5.914316508026953162e-03 -1.162027797614529137e-02
-3.331095924945042495e-03 8.170299868353565059e-03
-1.601205316751794358e-03 -1.669922613058998865e-03
6.188259655333856399e-03 2.581751815755610815e-03
8.682677880264706369e-03 1.081023148815829504e-02
2.235866065118984405e-04 5.800862783188782436e-03
-5.908345320608939747e-04 5.485567935266108053e-04
9.736715460368897471e-03 5.820341230875240510e-03
-4.358502293020104917e-03 -6.006950787356921465e-03
-5.032167995817909620e-03 8.535374548399336445e-05
2.213992812187138420e-04 4.558890474476913826e-03
-7.713451316237621234e-04 9.192533317426723706e-04
1.129252967537473611e-03 1.143366841965928445e-03
3.104858974181505700e-03 -1.319014218082768808e-02
-1.053052463338590566e-02 -3.940882000981145439e-03
-1.238930801297131318e-02 -3.281394057365378918e-03
-1.177629662991141503e-03 -5.752885221942597230e-03
-4.659284132307984529e-03 1.507836653759301497e-03
1.754286435871928694e-03 1.315541634084277031e-02
-8.330996770774826143e-03 -3.139584814165744323e-03
-5.010166973383689548e-03 1.148140626759779244e-03
5.138261476361672200e-03 7.216432640439894748e-04
5.184913865482323157e-03 2.066196555880221372e-03
8.008341678563757685e-04 -1.765350831838735429e-04
2.469766858243059929e-03 7.946713261841095027e-03
2.577712414624854648e-03 6.617391536607114891e-04
-8.669650046623429175e-04 8.345110645203280761e-03
6.627609605105470522e-03 5.169602588431067465e-03
-2.466414363694064554e-04 8.539272100236148036e-03
-8.635354992233754828e-03 9.202208656518408997e-03
-4.563201240310378604e-03 -7.941013439128513304e-03
-8.092434136666713448e-03 2.021140703589744889e-03
6.231000412829096856e-03 -5.806322892586398068e-04
-2.524035030666768164e-03 2.385738284885279958e-03
5.582449095678108410e-03 3.770445874716657052e-03
2.636227468129124542e-03 4.170168430205054878e-03
9.523602461362181901e-03 8.252332770675049195e-03
7.400343793607669363e-03 -1.818629081592085077e-03
-6.027898002367745173e-03 -1.210720635295514658e-02
-2.848877448176244907e-03 -3.761169669833133809e-03
1.728964570275197442e-03 -5.794236922558149150e-03
8.372811490350084290e-03 4.023186268005446604e-03
2.799574714803955162e-03 3.197636848711560027e-03
-3.759972267205898781e-04 1.381530341866558237e-03
-6.097221912825193796e-04 -3.318243337890579032e-03
5.879191533835341141e-03 3.105657242596252497e-03
2.387063457011955655e-03 2.133524795308418438e-03
-6.548817835500567348e-03 -3.863351518750695289e-03
-8.853050121777544107e-03 -1.154062405337387930e-02
1.336602259079385218e-03 2.296409023022862386e-03
-3.511015736045010240e-03 -4.838932578705024655e-03
-2.266792217286945060e-03 -9.277615698208580702e-03
2.196749748851266164e-04 1.293925386337157601e-03
6.669759574135878527e-04 1.538714746869100690e-03
1.373451539604584465e-03 1.407599484471165618e-02
6.463001071056867324e-03 8.541763023594212481e-04
1.381530341867238465e-03 3.759972267211608189e-04
-4.452414267397232853e-04 1.235411915402805094e-02
1.050541024773908941e-02 5.682108369846764276e-03
5.098634082079027061e-03 1.080014118916836031e-03
1.005499590199939418e-02 8.241332259457367568e-03
-2.409527498405201942e-03 -1.173318897156996497e-03
1.098173724753977870e-02 8.692608758363570831e-03
-4.900960129628692541e-03 -8.488756138547836477e-04
-3.766869492545035520e-03 7.554430661094969565e-04
5.489479566891167922e-03 1.041528271746260635e-02
7.297698925731082968e-03 3.904304085159444535e-03
3.264039050220454360e-03 4.044261252520936836e-03
9.241037782386198052e-03 9.660334903673073459e-04
6.035050766710417514e-03 2.453194293818602816e-03
3.746081698421527273e-04 4.687447996413921826e-03
1.116548897981911766e-02 -5.839037235841338692e-03
1.219832380590326476e-02 -4.580763727407149988e-03
1.137330129032141507e-02 -6.708987834210469389e-03
6.164119366667357956e-04 -4.312775941819437138e-03
8.259485535012605186e-04 -1.917761452049953925e-03
3.324996968027018121e-03 -1.391920957391659663e-02
-6.481090461864316872e-03 2.589974213216418141e-03
-3.015673307517461113e-03 -9.318568264617330815e-03
-4.226368388912837143e-03 -1.098716570555011499e-02
2.958675080395502775e-03 -1.161577555605493826e-02
3.640499295900640093e-03 6.397381312264905501e-04
-2.218080272377555718e-03 4.665846108187645877e-03
1.381841678187804498e-02 9.559590170701804876e-04
1.279939281412578039e-03 -9.303991371229169971e-03
8.030805719951208260e-03 -2.725556729991542113e-03
1.285575219372936872e-03 -1.532088886237787393e-03
-5.284780619601464960e-03 -8.481220065690332766e-03
-6.198270243880582911e-03 -1.283759891817072910e-02
8.318671087431610267e-03 2.998701608885521314e-03
-2.052880949866623707e-03 -4.398656591014678957e-03
3.224874674897406160e-03 2.379639327965895126e-03
8.278117655230916166e-03 7.403058022612781994e-03
7.317975641831715380e-03 1.702125878295474189e-03
-1.107251945103252672e-03 -8.057996069014289071e-05
-6.213374040980672655e-03 -8.405254468899919784e-04
4.177656444003447801e-03 -2.956296100846111594e-03
-7.652956417391223835e-03 -6.747944729582242354e-03
6.228350068575526019e-03 2.003881814555573057e-04
6.538344227995385345e-03 -4.369502804237896700e-03
5.987472339670925695e-03 5.154626560834963366e-03
1.139689884958398729e-02 8.975700341051374292e-03
1.140140126967502041e-02 1.027087526294899467e-04
-1.950954639958172795e-03 1.461527543335474494e-02
2.647164094593902617e-03 1.038002997376575795e-02
-9.575683308491917539e-03 3.322091084765018028e-03
5.037005665362732573e-03 3.755980925132162626e-04
5.454817611658580381e-03 -1.223307955136392587e-04
-1.099428681851070348e-03 8.933294833011966307e-03
5.146212509119089604e-03 -1.621418148100204530e-03
2.223253191381259161e-04 5.129049156236409335e-04
-2.290310066103477989e-03 7.085511964643558674e-03
1.450394514905810686e-02 -2.972469531063766032e-03
8.183423820110386285e-03 1.078292977721897680e-02
-1.063754415184828966e-02 -7.018934516540330584e-04
-1.537389574742315489e-03 2.764657220564894049e-04
1.156348722897392912e-02 -6.157780696432110616e-03
3.890589344937221000e-03 -1.369603792730145252e-03
-1.252972819929659308e-03 -5.292061153452797158e-04
4.120402677872379328e-03 -1.176767509824633035e-03
6.281101414615562241e-03 7.293851178855963527e-03
3.861898577119354369e-03 5.198628605703405244e-03
-1.655345719666536774e-04 -2.694407272172316052e-04
-1.098374874427783705e-03 -6.469626931688751345e-03
5.056819362503769781e-03 1.964126650771335324e-04
-2.598452149685874166e-03 3.563431832629325013e-03
-6.154395968517377413e-03 6.449110502271438068e-04
-1.319809321358510722e-02 -7.617975620373114778e-04
-3.261851724927840920e-03 -2.802288943808387781e-03
-5.304259067287351442e-03 1.031908788165986253e-03
3.662500318334861466e-03 1.702525012502276430e-03
-1.642732845928817492e-04 5.018517140347910493e-03
-5.386164200104279209e-03 2.529670968626337481e-03
1.762637184842387548e-05 -1.421157736148632002e-03
-9.641814145275617615e-05 1.149066664675789064e-04
-2.873193565406954343e-03 5.291007346025975583e-03
5.439506334608576292e-03 -8.816136956499440874e-03
2.953374391890294017e-03 -1.005373461462608260e-02
-2.315759701205444970e-03 -5.072050929110588852e-04
-1.689800194951577867e-03 7.458858847112510848e-03
4.443983808008655084e-03 -3.178174226720412165e-04
1.033689008206564730e-02 -3.140255313076045773e-03
4.913748831930362174e-03 -1.033233960291520068e-03
-6.764118159799896793e-03 -2.673332287663435225e-03
-9.867923326558116284e-03 -4.886111871536462196e-03
4.054399610570287235e-03 -4.365128153652669818e-03
-1.143884133866312006e-02 1.497634410956366451e-03
-4.130078016963385258e-03 2.548638338290712489e-04
3.129047321908339646e-03 -1.088538299083935575e-02
4.237560554386155497e-03 -5.516845162582248267e-03
-1.943338856654544360e-03 2.938270594791456310e-03
-1.105527638769094505e-03 3.184385127448932998e-03
-2.476919622586301693e-03 1.707298797296127012e-03
-6.136769596668954080e-03 -7.762466859214879784e-04
6.133320984001207170e-03 -5.753683490357344027e-03
4.141014643428163333e-03 5.954997709731632040e-03
-7.421418778122478715e-03 -3.290143358536973695e-03
-8.688441587728941776e-03 -7.225197767302233079e-03
1.958650133706480497e-03 5.755535566194807176e-03
-1.351578286675599472e-03 -1.656271757589569595e-03
8.947297345607979624e-04 -1.086735748478355815e-02
1.003875858702997850e-02 3.593511657324838411e-03
-2.421390162797337395e-04 -3.337194881868775953e-04
2.362412090325525203e-03 1.851758384747971553e-03
8.602289573830090158e-03 -5.117920875509277684e-03
8.543183731862920294e-03 4.753578833221030857e-03
4.881146432487084609e-03 1.028061041291547040e-03
4.349289972889486093e-03 3.062054331935293739e-03
-5.216127208047163788e-03 -6.073879892577635844e-03
8.759873113040687539e-03 -2.505418736146709704e-03
-9.925975361103359096e-03 -1.041753392750801276e-02
-2.588649041089632723e-03 -6.871600697221414561e-03
1.356302604433625401e-02 4.527341882455670867e-03
7.781178689875012724e-03 -2.739207585460971383e-03
-6.416348681936787091e-03 4.903769894774910945e-04
7.010759596169301514e-03 -5.865939812572713678e-03
-3.096780171920212807e-03 -5.098554371639487347e-04
-2.498457626060926126e-03 -1.378480863407546267e-03
9.192533317433527074e-04 7.713451316243330642e-04
-9.707433904082554601e-04 -2.576850261458455901e-03
-9.480063435453336962e-03 -4.103766228695590254e-03
1.127065642244289663e-03 -9.860546674594016479e-05
-1.878134057767989664e-03 -1.184319408374677907e-03
-5.366350502963242869e-03 2.350485541190254317e-03
-5.200815930996588107e-03 2.619926268407486193e-03
-9.752458104992879281e-04 6.296141326963428445e-03
-7.069737668632598490e-03 4.380503315455577459e-03
8.801687832614583928e-03 -1.621817282308148870e-03
1.201019742304370534e-03 7.466937649372223842e-04
-7.512999250030412413e-03 -2.714284854072184471e-03
1.515979340772355410e-03 -1.471918158860578349e-02
5.506307670325414315e-03 1.683174334320945015e-03
9.517168254987646778e-03 -6.830520361309361417e-03
4.914547100345108971e-03 6.277716686700829038e-03
-5.387760736934562103e-03 -1.209223032536018219e-02
-2.303434017862229961e-03 -3.663218876308354426e-04
-3.618035254507393807e-03 -1.599944029377912708e-03
-9.159930917983446358e-03 -9.774746317820687258e-03
-1.112619683499162238e-02 -3.853277045451744803e-03
2.705471668147687442e-03 -6.802420381955756080e-03
-4.204622905480571039e-04 1.278949358742194516e-03
2.280969976467622784e-03 1.326527785781115394e-03
-4.115101989367170136e-03 -3.852734316042224095e-04
1.378879997613668279e-03 1.157017697435357715e-03
-9.297269392485344938e-04 -9.004199454612924619e-03
2.583348352585214131e-03 8.433641638652091682e-03
8.452992316838428858e-04 -7.395410005950982160e-05
-1.398230675795679922e-03 -3.000825049426482372e-03
1.926638522725532396e-03 -5.563098417496097417e-03
-7.303925652154912712e-03 1.703722415124506347e-03
-1.960502209543942779e-03 2.336435551512880925e-03
-3.632085244189201911e-04 -5.005792322797454792e-04
1.591992996621174666e-03 -1.274973842362629077e-03
9.102804921357612530e-03 1.973387029958646732e-04
-1.574829643731776464e-03 1.876808885641204462e-03
1.219554569214718019e-02 7.557192949155631598e-03
-2.352736751234519273e-03 -9.298547087524093330e-04
-6.299989073845133330e-04 -1.116065131027750134e-03
-5.709745330240554965e-03 1.670720881473745662e-03
8.731917310861730952e-04 -1.395313714548723077e-02
1.927309021636403920e-03 1.310478843534369602e-02
1.204027724773500292e-02 -5.170273087341368048e-03
-8.533045373812889883e-03 -5.854667936652676458e-03
8.510581332418283573e-03 6.814873834802955867e-03
2.416217243788847634e-03 -6.457700382552339011e-03
-1.322089250442986044e-03 -9.135535090307705507e-04
3.825256776545431225e-03 1.410992241628229033e-02
7.280870822297405565e-03 1.263641246830042586e-02
6.209925428312926612e-03 -5.689404729388840461e-03
6.555044561924397092e-03 -1.744674981533255592e-03
-7.481195119001311788e-03 -1.208653050264828048e-02
4.685659805328002206e-03 2.038894844940902264e-03
-5.688335096266731441e-04 1.611343674802396360e-03
5.945194601136071476e-03 6.294017886423147398e-03
1.075331297148305817e-02 2.430794137177579202e-03
-1.905435768706058471e-03 -6.850653482204662435e-04
4.600896848307018099e-04 -1.637320213615040855e-03
-2.321523408669679076e-03 3.077828627945004055e-03
-3.927103376007270823e-03 -1.076038602538412258e-03
4.257246482022527048e-03 5.660905615827291001e-03
-7.435804017253070785e-04 -1.602993507837604907e-03
-2.143200134399995092e-03 1.465159781017073663e-03
7.088625327855584135e-03 -5.137031840372458490e-04
6.400781865877671999e-03 1.352968926123045319e-02
-6.525555525691784098e-03 2.487393230092054420e-03
5.784034679755785911e-03 8.508521776629654476e-03
1.020972161700527733e-03 -9.056024762739234377e-04
2.533247350797387422e-03 5.591581705363478762e-04
8.902017605694111102e-03 2.770213448075896801e-03
-4.901423148587717889e-03 1.174117165572423739e-03
1.057141331504175309e-02 8.870469013674121481e-03
3.772042411545008765e-03 9.039452198307949826e-03
7.859172191065169968e-03 -8.743907162772946579e-03
-4.535436510411923125e-03 -1.046326027870879069e-02
3.536130121690466040e-03 3.097706209838263936e-03
-6.992542435857978210e-03 -8.935146908850569170e-03
-3.976869128339946373e-03 3.834213557660794656e-04
-5.312545349499920438e-03 -5.958973226110057114e-03
1.551902583378143938e-03 1.106389791936282984e-03
-5.225595067187683782e-03 1.369509606369266261e-02
4.040221851389609944e-03 3.585959758774793973e-03
1.431720782307198056e-02 3.006253507435565318e-03
1.370138667486950346e-02 -6.060899536018507158e-03
-5.952219595975439051e-03 -7.996942033133367517e-03
2.769159640652500871e-03 6.500904159005354080e-03
9.650100427510452383e-03 -4.499784632508383071e-03
-3.031703142536171843e-03 6.724490765518503256e-03
-1.670321747265691818e-03 -2.054270006743809038e-03
8.326622120189027670e-03 6.556401967413266578e-04
1.156382247842907898e-02 3.176162729988125672e-03
8.353796061623222288e-03 1.151332234243455932e-02
-4.686921092702564517e-03 -7.326852712507866093e-03
1.290665146393308454e-02 -1.354547472711400621e-04
6.670350362598779365e-03 2.007218483416355406e-03
8.167362333706411522e-04 -4.862657907471581650e-03
-2.433252827173010106e-03 -5.501070866572537951e-03
1.769853251931043569e-03 -8.646499098651739754e-04
-3.749115351192736263e-03 -1.202265087588657785e-02
-9.515685407955479583e-05 5.402864534033401112e-03
-6.867098277131633913e-03 -6.284342547332142336e-03
5.471517945588953019e-03 2.502497027192143730e-03
-4.478310513786091032e-03 -8.858526638839674550e-04
4.791051135575631614e-04 -9.127456288044153571e-03
5.917094621783827030e-03 -5.176787004156696223e-04
2.795663083177183338e-03 -1.309300548140065242e-03
-6.053475406967222076e-04 -8.342987204661615839e-04
4.146778350892397005e-03 2.369963988875570075e-03
6.930578769685962273e-03 -1.103212543972605791e-03
8.606105087338466499e-04 8.619852060926292553e-03
7.163377696329841296e-03 7.642546694638945384e-03
3.444086630822935837e-03 5.696557493730941210e-03
3.266689394472663439e-03 3.263240781805597842e-03
-7.823791677863086921e-03 -5.455344515370618569e-03
-1.039859820923513811e-03 -2.961197655144408390e-03
-8.347697104703268034e-03 -5.764412636871066309e-03
2.187325293183947986e-06 1.241972308711868610e-03
5.477744672012212906e-03 -3.105529473091127139e-03
-9.735454172993766170e-03 -5.323833633089566919e-04
-9.153959730568726749e-03 7.331099593589106463e-03
-6.431659958986790313e-03 -8.203429171508310955e-03
3.535667102731440692e-03 5.120698989265471540e-03
-4.387991329252718779e-03 -6.749669035915719859e-03
-1.259997814767665775e-03 -2.232130262054358386e-03
4.279503043464497015e-04 -1.599017991459181134e-03
-4.213707456114471409e-03 -1.512339073849653954e-03
9.646651814842704606e-03 -1.102971480878721551e-02
7.616697925327565186e-04 -1.841157007738234482e-03
-1.214948409148999993e-02 7.167289327955931807e-03
3.124417132313432339e-03 9.344544803429973359e-03
-3.620222579800007248e-03 -2.841916338090461763e-03
8.706658748040264212e-03 -7.575888954121050636e-03
-5.410687797282182077e-04 -9.109031647778808097e-04
-3.642558851689950070e-03 -1.323864664578580305e-02
5.948307964348666793e-03 3.490004636281743549e-03
-2.919047686110488871e-04 1.125740470118755847e-03
-7.635457815048036015e-03 3.187833740115427871e-03
-9.334470330131594898e-03 7.701796131805168678e-03
-4.146906120397633386e-03 8.986972216970732369e-03
3.501468166457880234e-03 -7.439907303137982542e-03
-1.220370420485021286e-03 -2.590501116927204726e-03
-5.910867895359206252e-03 -5.090347799866458932e-03
-2.729995265330242837e-03 -4.836282234452134697e-03
-9.271788105992013335e-03 -6.996709606491928121e-03
-8.395610781198480435e-03 -1.239692379627426247e-02
4.865707385931845007e-03 3.691191086152047218e-03
-1.613866249550160309e-03 -1.114474924475945816e-02
3.721478390798156708e-03 3.187961509619412648e-03
1.215326795361289583e-02 8.696584274743136486e-03
-1.068121094726101096e-02 6.506476212213951893e-03
1.489012879288076872e-03 -4.885984102032477419e-03
1.418116228733657877e-02 3.479531028775991255e-03
1.359864568888167601e-03 8.647153771865610794e-03
1.200317242820069311e-02 5.764013502663582755e-03
-2.964311018356432983e-03 3.843873071064238083e-03
4.485622699022333813e-04 5.532747228097084809e-03
6.101852102429054011e-04 1.295250558464513526e-03
3.074906918989867358e-03 -1.190986764995928190e-02
-1.356037570008404580e-02 -5.308362353171010295e-03
2.182699759177403852e-03 9.533405569956382442e-03
-7.950704603915707217e-04 -3.408498637672869626e-03
4.590502951249807867e-03 7.441759378975444823e-03
1.643483055286648360e-03 5.305312874708135312e-04
-7.909608442306785211e-03 -8.464519731761892610e-03
8.140347813161355126e-03 4.611370455814132151e-03
2.730123034834117460e-03 -6.520653971395310063e-03
-1.057982736675819671e-02 -4.504414822102719221e-03
6.043800067882010990e-03 7.421083528667438145e-03
4.423707091908592529e-03 1.884360784191249118e-03
-1.373836372489915109e-02 5.638249920177837264e-03
-1.769853251931043569e-03 8.646499098651739754e-04
-4.019098807815824244e-04 -4.188193936260852478e-03
3.188360643827356771e-03 -6.600306730266260018e-05
-1.140317363506916691e-03 4.003707820318989398e-03
6.116620650072195423e-03 -8.378511313061986002e-03
4.067523562329039208e-03 3.086705698621724191e-03
2.884130191873092875e-03 9.188541975358698044e-04
-3.440973267612272134e-03 -8.500570743872806062e-03
9.120431293206037598e-03 -1.223819033152767112e-03
-9.577742864279863155e-03 -9.276817429793152159e-03
9.059601144904708483e-03 5.382715587438464781e-03
-5.823789843541734949e-03 3.206785284089956178e-03
9.531681263623473926e-03 -5.447664847316589787e-03
1.683110449568722342e-03 1.721604325986474202e-04
1.335222814012795856e-02 -3.155630474878952547e-03
-1.357409044030569861e-02 6.197327798292467591e-04
-1.348907194427753468e-02 -3.682042650773651934e-03
-1.445106603351476587e-02 -1.291003677382591627e-03
-2.544646996222551735e-03 -4.746026934670985985e-03
-6.543517146995358157e-03 -5.425392460179550951e-03
-1.103289205675089119e-02 -1.164170461778600563e-03
-3.058541834516576192e-03 5.200752046244365434e-03
-2.189054255105899252e-03 7.431557136173190872e-03
1.782977203688434868e-03 6.587183942408078585e-03
1.079512769105888705e-02 3.314395591016601039e-03
6.047376450053632523e-03 2.594077499098826692e-03
-4.219471163577345058e-03 2.072694647007550760e-03
2.149762110278404838e-03 2.260757145119893056e-03
-6.327418554281852639e-03 6.955389557262189708e-04
-1.714786811094519718e-03 -2.156850989869315074e-03
-1.126005504543441116e-02 -2.138027215398770678e-03
-1.419832564022597762e-02 -4.081366072054565773e-03
6.009010343146121286e-03 8.240406221537956849e-03
2.502497027191572573e-03 -5.471517945588273008e-03
-2.368175797789759743e-03 1.733275336108091279e-03
-8.219139582766259167e-03 -5.917621525494504327e-03
5.422550461670453542e-03 1.127290763248966349e-02
3.296800870556601537e-04 6.607859792716766142e-03
-5.427052881760125770e-03 -2.399916044066638127e-03
2.248495346529581166e-03 -7.969113418482120376e-03
1.417943798100241952e-02 2.145659406369154754e-04
-1.075377599044208266e-02 -4.078013577503720316e-04
7.967947667243684313e-04 6.673463725810803958e-03
-2.866040801072009653e-04 -4.363004713112413166e-04
-3.299754812876327242e-03 8.210469992035347719e-04
-9.747827915389021235e-04 4.273148547537363590e-03
1.258618369700804235e-02 -3.798418084566277178e-03
-1.458597805137983256e-03 1.582716791737542351e-03
2.222454922963352890e-03 -2.181901490763227779e-03
-4.970667348597763296e-04 1.214670597773690299e-03
-1.853482691081559212e-03 -9.025529978142310221e-04
-1.251376283099375764e-03 1.409269517864123952e-02
3.351244871541801153e-03 9.844581306299076198e-04
-9.448387073928109225e-03 -2.119075671424241938e-03
6.836220184021944007e-03 1.161060263705496545e-02
5.981373382752330596e-03 -5.942831447273886313e-04
-2.718595619905078090e-03 -6.494134703174964801e-04
3.758120191373441610e-03 -5.723332300958332286e-03
-1.469821622001789979e-04 -5.736584022220278870e-03
-3.139057910455067026e-03 6.295358884242365990e-04
-1.193452018063887420e-04 3.098105344045066177e-03
-9.376779720111769927e-05 -6.661138042470794935e-04
-9.359456946273176509e-03 -1.913913705175514495e-03
-3.165433583474513979e-03 -2.917195610276646957e-03
2.560421292231582040e-03 1.141684031622958000e-02
-6.335272304909263068e-05 -3.969381114541553450e-03
-2.388915532849417937e-03 5.958446322399269662e-03
1.212642926163249105e-02 7.172845555469000399e-03
2.617339808907499787e-03 3.033682987878651496e-04
-3.090090426536566681e-03 -8.140874716873284025e-03
7.373968120587651685e-03 -5.365360580292288621e-03
4.521514290239786113e-03 -4.299524220556809675e-03
-7.162786907858775982e-04 -2.102247567990674689e-03
6.695799997700747214e-03 9.599935540970973291e-03
5.651565526191435797e-03 4.154793268402147237e-03
2.646030576729800805e-04 -6.264864099645441834e-04
4.045522539894818269e-03 2.023918817345938745e-03
-8.394812512784304362e-03 -5.085973149281232050e-03
4.299524220556809675e-03 4.521514290239786113e-03
1.504307748665650174e-04 1.226651419849796899e-02
-9.035875816136899885e-03 -1.054963618022923110e-03
8.871139512591005990e-04 8.096473537801926771e-04
5.377287129428809376e-03 3.859376002372271516e-03
-4.503424899432336564e-03 8.553737049809705031e-04
3.801659217281497249e-03 -1.574765758980695238e-03
9.064901833409126641e-03 3.820674646007787226e-03
4.309790348112077334e-03 -7.936511019038161932e-03
-3.653958497115333609e-04 -1.742551540992294534e-03
2.986439810293957386e-03 -1.413802239563521565e-02
6.793607196032510655e-03 3.416050536222233619e-03
1.203670086556008888e-03 -3.432670577743605640e-05
3.266817163976538929e-03 -8.093695424041846484e-03
6.611835309094508603e-03 -1.501210793127987983e-03
1.044362241013185606e-03 -5.911793933278618705e-03
3.745666738524990654e-03 5.492720699607746282e-03
7.941412573335887570e-03 -9.077259168142042672e-04
-2.271294637377977745e-03 -4.046241097866950555e-04
-4.186740994630192003e-03 -1.134553656042296133e-02
2.406414135193967081e-03 3.977332147299542445e-03
9.000160053481027003e-03 5.920271869747394285e-03
6.765842466133483585e-03 5.938297375803191017e-03
-3.566082176881534092e-03 -1.817431678970535605e-03
4.757889599053924043e-03 -3.807710115150114011e-04
1.359171681215412195e-02 -2.040890515977878544e-03
7.285501011892313306e-03 -7.593515325968903246e-03
-1.368985925994103611e-02 -1.109167905693618505e-03
-3.854075313867172479e-03 3.815246187998703412e-03
4.588778644915649484e-03 4.176794290836368176e-03
-1.093521262792493398e-02 4.008880739319643088e-03
-4.652626038306748382e-04 -8.157575050802405928e-03
4.473935863200293427e-03 -1.598091953540449993e-03
-1.183418924356629404e-02 1.035357400832481560e-03
-8.644104293405348305e-03 4.234319421669574535e-03
-5.088495724028995783e-03 -2.181103222348480981e-03
5.700069991150909926e-03 -2.592624557468166217e-03
-1.350316999301037595e-03 3.631686109977394234e-03
-2.716408294612465083e-03 5.925588383950525749e-04
-7.537650616716842430e-03 -2.996051264632630922e-03
-1.057486192770576688e-03 -1.540039918994634506e-03
-1.233954226063863763e-02 -4.740854015669871725e-03
-1.345209489424709776e-02 -3.259393034931158846e-03
3.061064409264339491e-03 5.375163688888419909e-03
8.352997793209046215e-03 4.202371695441529768e-03
4.768826225519492285e-03 5.829090532047513998e-03
-4.341338940132067822e-03 -5.405115744079487528e-03
9.858247987467110354e-03 3.964208195540900627e-03
-6.611707539590633981e-03 -9.855725412719455042e-03
1.012558109984084331e-03 3.460451715297478172e-03
-9.125635863597072323e-04 -8.402364411333667488e-03
1.840693988778528689e-03 2.784662571959392856e-03
-8.018082648334010770e-05 4.762727268600107887e-03
-1.904046711828981560e-03 -6.754043686502089056e-03
1.069399964956461307e-02 -8.388585786359793739e-03
-6.517732262439601340e-03 1.150126802379416134e-02
-8.152194069869682716e-04 -1.256325663665520086e-02
-8.577175188184635660e-03 3.376694506642516965e-03
4.845893688790236208e-03 3.870376513588811261e-03
-1.047475604225210199e-03 8.715807183419341242e-03
-1.805105995627320162e-03 3.706965382161757534e-03
8.163274873514987651e-03 1.628171778236644270e-03
3.905102353573620608e-03 1.325172126194636667e-05
-6.282027452534973827e-03 -3.247865620002690634e-03
-2.773917599752206541e-04 2.508595984111528128e-03
-1.326455929984622466e-02 -1.927165426438141524e-03
8.744769315940597795e-03 9.491654735134026979e-03
-1.041711896760976527e-03 5.130773462563279277e-03
4.384079697625947389e-03 2.242731639064095457e-03
-5.472316214003699816e-03 -9.813447674184492403e-03
-1.506974500591650931e-03 -3.026801588239126650e-03
2.489245305928945544e-03 -1.566415592015223558e-03
4.977564573940411984e-03 9.131543748232876477e-04
-5.736711791728564460e-04 1.150391836804044417e-03
-2.248367577024345219e-03 -3.387822787364182502e-03
-1.076501621497437822e-03 5.950096155434477993e-03
5.520357660002217851e-03 5.089022627740924683e-03
-1.596239877701736108e-03 -1.256590698090809081e-02
-1.146879339385326654e-03 2.777908941820232203e-04
-6.246982188793047917e-04 -2.678106072456605362e-03
5.287430963850029818e-04 7.700199594976573671e-04
-6.944165740403738726e-03 -4.325628528874581047e-03
-1.399028944210426936e-03 -1.031177569641883104e-02
-5.115797434975362856e-04 -1.681849162195434998e-04
8.646626868153683629e-03 6.341596313462529930e-03
-1.051289826153748233e-02 -5.362039737129778091e-03
4.445245095383787252e-03 4.970140444894242601e-03
-7.078822219259343559e-03 -9.921329345813495459e-03
2.456179887526643065e-03 2.517872188995051372e-03
-9.466348695231684152e-03 -1.003186136169584644e-02
-1.191470531950478487e-02 -3.535858756987648142e-03
6.573006183225820311e-04 6.168110708735384702e-04
-4.418869422363769575e-03 -1.423408946194038840e-03
8.409245811011194542e-05 -2.557898717484826724e-04
-6.750994208042504843e-03 4.778501564609817336e-03
4.816404652558194804e-03 3.127658265029331988e-03
-1.583706714408605887e-03 8.265855856638672228e-03
-7.317177373411174173e-04 5.608824768698259227e-04
-6.561606537802807705e-03 -1.981241944603711561e-03
6.807784955213187945e-03 -4.535037376205230605e-03
3.193996581787716255e-03 7.705899417688718243e-03
-5.484306647891193376e-03 -6.203874530451595690e-04
-7.973887203275860369e-03 -8.387915287449492288e-03
-3.079153800071789040e-03 -1.931013173312580520e-03
-1.279811511908702766e-03 -2.052944834618275656e-03
1.699810783497734089e-03 2.796988255303288311e-03
-1.184191638869771016e-04 -9.478802148082066071e-04
-8.250017675877309095e-03 -5.913614357728230915e-04
-7.962152308396907088e-03 5.132896903104240335e-03
-8.553449859416827061e-03 7.704446476058058636e-03
1.409315819760105504e-02 -7.716164963260090798e-04
2.294349467235485759e-03 -1.393551077363823672e-02
-5.381661780014606981e-03 -6.343320619796689180e-03
1.457208748264066361e-04 4.486261546551368793e-04
8.893140535019213727e-03 9.159260419073826653e-03
-9.139526432381441662e-04 -2.333386073053188292e-03
-1.312022748189825561e-02 4.590439066497475906e-03
-2.729532246371217490e-03 -6.859275013879341867e-03
-1.055782634432533666e-02 -3.441627940828076090e-03
-1.395446231761265574e-02 -4.826814957279322235e-04
1.581391619610757367e-03 1.849108040495081595e-03
4.135378705469164307e-03 -1.816904775258606705e-03
3.953479049031722453e-04 4.622770101238858121e-04
-3.664687643627474040e-03 -2.944497321214825051e-03
4.007763629122560595e-04 -1.245670013715241206e-02
-8.895918648774727572e-03 2.978696257488276655e-03
-4.763269998006886431e-04 -3.010500388516807423e-03
6.563793863095991436e-03 3.223214253315579737e-03
8.609314568668887876e-03 -3.414996728798376253e-03
4.896585479042895803e-03 -1.635069003569634017e-03
-4.987910411939348214e-04 -2.050294490365385698e-03
3.517114692963604905e-03 1.058784228426737709e-02
1.334877952746587292e-03 -9.685560651150715121e-04
-1.061461709149544817e-02 -3.685092129233343266e-03
1.173777110211353739e-02 -9.204507343649019624e-04
3.533016758479231613e-03 5.901719459980810101e-03
4.291700957304627785e-03 -4.492360503462322109e-03
-1.359781576907350548e-02 -3.708019189586294478e-03
-3.021708961663156778e-04 1.358376577939670281e-02
-1.088843246929904751e-02 -6.003502174690426157e-03
2.866966838983694456e-03 3.170191542572944193e-04
1.028124926043198772e-03 -1.055961453541046612e-02
2.319671332832216361e-03 5.014142489762683612e-03
-5.568862124960331089e-03 1.658395198130530653e-03
-3.157147301262516574e-03 4.073686404000075555e-03
7.654808493230618599e-03 -1.344026388124983443e-03
8.204754343634306640e-03 -6.822170194345712063e-03
1.748746616025090989e-04 -8.142599023207443276e-03
2.629202473291118291e-03 2.467244283495976208e-03
1.669858728306666470e-03 4.077262786171017075e-03
-1.396506369462092046e-03 2.641400387132742875e-04
6.965703743877574294e-03 7.411408189576432215e-03
-1.948974794615474567e-03 -4.833631890199244739e-03
-7.086438002562400404e-03 1.755675492749114892e-03
-1.303163260369904347e-02 -4.538342393673353362e-03
-1.645207361620236236e-03 -3.795496375610569757e-03
4.982402243485234070e-03 1.374106212820497925e-03
1.893110085362843028e-03 5.441821429402428009e-04
9.113022989859346536e-04 3.114406543768527286e-03
-6.572207914813225221e-03 1.142839938253999328e-03
5.046217985494713155e-03 3.320494547935985870e-03
-5.509421033538010500e-03 1.120838915820459268e-03
-6.685789409154589691e-03 6.559115614448254340e-04
6.767790660084684051e-04 -8.896317782982780115e-03
-3.911010238212501294e-04 1.337860381314797537e-02
9.776933643113872724e-03 -7.917958609271578616e-03
6.293890116919163488e-03 5.411741604710121681e-03
-7.268209889499039830e-03 -3.161585836599965695e-03
-5.454226823196251135e-03 -1.325759818976033136e-02
-3.766534243089885228e-03 1.008938649252973455e-02
9.269137761739803388e-03 7.777730077207267549e-03
-4.075011576125500516e-03 -2.766637065904276136e-03
1.304316001862751082e-02 -2.631725048038771435e-03
1.117578665622108100e-02 9.766918053449352016e-03
1.048914158882021871e-02 -1.019035966851352358e-02
8.438090573959115132e-03 -2.389160871539019754e-03
1.362500628816760116e-02 -1.377103455564692488e-03
-5.384933472757291381e-03 -4.214067707747846383e-04
9.206096959379940492e-03 8.189906618916711553e-03
-1.236858862797182712e-02 -2.994063513505433420e-03
3.586528423903630365e-03 -4.218889167219905430e-03
1.064532662218810322e-02 3.507180382056696109e-03
5.152074984655035869e-03 -1.044574527110820120e-02
8.524527574757698525e-03 8.126467318988018357e-03
3.068017514385759821e-03 6.154433176971546744e-03
-1.196745836238562351e-02 1.631162436955003233e-03
7.399585234962529658e-03 -4.559808915363035633e-03
1.172204830016700464e-02 3.548931602828079082e-03
4.639720987823840910e-03 9.295129962048532049e-03
8.643518858796305979e-03 9.238134741279942219e-03
7.205944398128877673e-03 -8.526439702120688219e-03
-5.183874117774388973e-03 -3.433792779632964271e-03
6.244740293593730417e-03 1.239094333354830157e-02
2.240625296864904616e-03 1.404564635822564030e-02
6.770169284913163735e-03 -6.237085150216677490e-03
3.327875634189251999e-03 1.287109192816667143e-02
-1.266006771254855846e-03 5.829242843356460292e-03
3.834662269850820909e-03 -3.609279673300240607e-03
1.960792209169368288e-03 1.126116147931295434e-02
2.819795005242080907e-04 -5.875173724271132679e-03
-5.775480718295986429e-03 -2.219949323758457684e-03
1.223900596159236201e-02 -4.713100800890423982e-04
4.088493048590319603e-03 -8.047726760564619802e-03
-6.024257992753529432e-03 -7.579105465489178713e-04
3.571722001497365756e-04 -3.570106384658666872e-03
-8.174176128372036970e-03 5.761179737584138684e-03
9.012514299806642301e-03 8.930824732340388386e-03
6.970458352511164912e-03 5.595499241424143136e-03
1.317916763749287694e-03 -8.847703457400504790e-03
-5.238188513389570831e-03 -7.870893410162173656e-03
-3.105881277554376624e-03 1.273281374243421908e-02
-2.474005657887092067e-03 1.302950310476040478e-03
-1.696387092905097128e-04 6.638501774141763491e-03
-4.354491898031036083e-03 -8.661445598739734696e-04
1.203109886757702980e-02 -7.433512521791798330e-04
9.847972630945142029e-04 -3.639480986316290419e-03
7.513996137622027706e-03 4.940820908349252867e-03
5.127583733748350067e-03 1.050903266474322549e-02
1.001561942408214084e-02 4.252089848577380801e-03
4.765607977212430704e-04 1.354684898699263888e-02
-6.000627656374564640e-03 -7.170168941791523441e-03
-4.857551044037379203e-04 -5.133030687592474509e-03
-6.619116158376950852e-03 -6.572920634433312634e-03
5.169141746359993267e-03 -9.021263761632194664e-03
