-5.785886755592677469e-03 -4.165506589226463871e-04
-4.017757809996363658e-03 -4.546165656926216131e-03
-3.522878400427839011e-03 -7.002808563411313386e-03
-8.212577606887847687e-03 -2.191704599357537607e-03
5.264631673006067193e-03 -6.735379332919980318e-04
-4.757842704006297677e-05 2.701432267017040562e-03
-5.408292992043164070e-03 1.282382029319617187e-02
3.944857517359569646e-03 -1.170205533945766277e-02
1.153441315264878281e-03 3.448126031953582717e-03
-7.504712967818414140e-03 4.276597160204538041e-03
-2.415163436365560991e-03 -8.945221382148378642e-03
4.255522175688368665e-03 2.395940527688214354e-03
-9.953150466535196778e-05 2.918919916608983013e-03
-3.037674329946676074e-04 -1.038135514589355211e-03
-2.446967567394091759e-03 4.270242664270382238e-04
-2.214503890206505343e-03 -1.611599213802857814e-04
-7.339976664265366463e-03 -2.764912759571939212e-03
-1.170141649193319738e-03 -6.072953854658903403e-03
-7.078646390694339798e-04 -6.468301759562075648e-03
7.915835168730617558e-03 2.856493231477942162e-03
1.286705630237839487e-02 7.652708340400177049e-03
1.599290916381425830e-04 -7.216461791619836925e-03
-9.815791544687922296e-03 -4.482973071177172135e-03
2.523606010814239981e-03 -1.164254246623254961e-02
-1.297842174783650319e-02 7.066108624664986168e-03
-3.442388197454262361e-03 -2.156496199509258440e-03
6.427602721238330485e-03 2.599923381626937161e-03
6.340126419335673572e-03 9.525815432234316024e-03
-7.763962952125097634e-03 7.828905937290788972e-03
9.878935960245608869e-03 -9.895038669656269770e-03
-7.336884380336560103e-03 -1.304359103806801597e-02
-2.005026823653650089e-03 -8.152632125546351027e-03
-3.401278545136673850e-03 8.000132485257483578e-03
-5.151918459835049501e-03 8.675419357997002021e-03
1.545687981345493598e-03 -8.104829405099250178e-03
-1.239843298570661619e-02 5.446884411368811338e-03
-3.624355321744696535e-03 8.546522343389748033e-03
4.581672957924224493e-03 -2.161451616731644484e-03
1.135097765519051290e-02 -2.604962042646929120e-03
-3.343097081052589722e-04 -1.172892874949512006e-02
2.978781766876326988e-03 -7.112307721359613540e-03
-6.007808905840126765e-03 -2.313100325004695691e-03
-3.084779002722650397e-03 5.795745530678851273e-03
3.961474791954649848e-03 8.502702764188888387e-03
1.057554139949139389e-02 -2.143488255980521753e-03
2.109649201875897408e-03 -7.392104091267799777e-03
-1.705689183526349966e-04 -1.392552271628524560e-02
-3.488842643402032418e-03 1.132871072293567836e-04
-9.387737511386357037e-03 -1.496262644717945203e-03
-2.571002976023480102e-03 4.751937137140097370e-03
-1.344233801730144963e-03 8.988654033205388527e-03
1.063878222713622590e-02 3.202225952277730145e-03
-2.530384508870984085e-03 1.178298126949110271e-02
2.530881808240571275e-03 -6.084378839777140717e-03
1.253398521564717469e-02 -6.803682307592796201e-04
4.218832080595339915e-03 9.119264710869566526e-03
6.463686602079889154e-03 1.228088677277559999e-02
-9.237574497618042391e-03 -1.142909520217219241e-02
4.086283583156002236e-03 4.123288881749512941e-03
-4.959265887657937633e-03 4.888298491580875087e-03
3.483171067808778307e-03 1.502294255558744678e-03
-5.106238221861733768e-03 -9.549982612381794841e-03
4.022933919596167682e-03 8.552456365258859564e-04
-3.313597659209002646e-03 -7.358811964264340075e-03
-4.987609086759804689e-03 2.571855836293634231e-04
2.890407841887154827e-03 3.947710286270763279e-03
-9.209019371805272913e-03 1.094617267339674863e-02
-8.135941273747225241e-03 -4.999593604364504715e-03
-5.140213873857044265e-03 1.372007409267906285e-02
9.231495641820084211e-03 2.280671285928608655e-03
5.376511691847854664e-03 9.948957923312169369e-03
