3.997225554883984764e-04 2.946221627548983868e-03
-2.988371596578602140e-03 -9.817822324769718417e-03
-1.209769043475393720e-03 -5.714582999786737942e-03
-3.922728725422043941e-03 1.407906014886685419e-03
-2.967296612063792353e-03 -4.709049884640660079e-03
3.840823592604545450e-03 8.985616557434603774e-05
1.267054460995461519e-04 7.938762229084250083e-03
-5.334338891983656308e-03 1.366911952488001659e-02
5.356084375408764510e-03 1.010753976808951432e-02
6.198605493325505490e-04 2.217154234458933865e-03
-5.107814750819998639e-04 7.142765730774627148e-03
7.872471971380272902e-04 -5.605376156030380044e-03
4.519789983905626862e-03 -7.564489308695886323e-03
1.107714964062278236e-03 -1.942412818737064605e-03
-7.627842031746340061e-03 -8.489171098448322628e-03
-1.192484367755538600e-02 -2.434769653555322530e-03
-1.070354721915038262e-02 -3.890254095482070709e-03
2.947019895963730231e-03 6.911228091503950413e-03
-2.969020918396809722e-03 -7.974014972781096749e-03
-4.496735154048690439e-03 -6.775645574728365005e-03
-9.202336426022392907e-03 2.721581213612438762e-03
2.518143553697869269e-03 1.255623164181640487e-02
-2.936546288457977938e-03 1.321626231483960480e-03
2.449617911646301271e-03 -1.208044737142376784e-03
-4.490636197129306041e-03 -1.026735869164190898e-03
-4.428081742493817675e-03 -4.368305401616347228e-03
5.726908683129952951e-03 -1.068885838195170277e-03
1.173718031364940836e-03 1.245947825090292166e-03
2.453992562234029624e-03 1.275899880282502317e-03
6.624160992439084503e-03 -1.360327587846622225e-03
-4.833519946386951108e-04 -4.713424535225886960e-03
-1.034795447803373014e-02 8.287329975362104847e-03
5.424578366072262993e-04 -5.158075173503280132e-03
1.215995769899224114e-03 1.065564995027872778e-04
-8.425818375399230648e-03 1.159722314628789178e-02
8.372013221935337493e-03 -3.287764378986902068e-03
3.049201744880150264e-03 3.211287704180989296e-03
-3.189957180655709351e-03 -1.455589822668339542e-02
-1.364957777442101124e-03 1.360576680183092461e-02
2.936418518952171267e-03 1.003530997436302176e-02
3.884825637472987328e-03 2.215429928125916929e-03
8.264530684513137979e-03 1.974216949765595589e-03
-6.433049015865228114e-03 -2.134450833227830458e-03
-1.259930764876679606e-02 -3.653415767708116831e-03
2.791160663082373726e-04 7.563691040289085427e-04
8.877070676259132820e-06 -6.389046970996787103e-03
-1.319901925149801879e-03 3.284187996810979506e-04
-7.014080439331812911e-03 -1.202092656955242034e-02
5.054296787756006049e-03 -1.037950307005565224e-02
-7.146214343440442443e-03 -7.040711651360369999e-03
-2.505945639857958158e-03 -1.058412230689417550e-03
-1.194167178098849355e-02 6.297338729584978784e-03
-3.167956158222848435e-03 -1.349311134540875229e-02
-5.592124434769114340e-03 -4.692349550712219056e-03
-3.622409905093190979e-03 -4.083888646802330373e-03
7.348725965436959939e-03 7.732801994420774108e-03
4.177321194548297076e-03 -1.229023952726634832e-02
-4.227773853428316939e-05 1.139391325587504888e-03
3.079153800072359764e-03 1.931013173311900075e-03
-2.822774885805155037e-05 4.545239619008165435e-03
8.672332042262828264e-03 -8.779559040677059958e-03
-2.592225423260683097e-03 -2.044594667653483553e-03
1.340050871746560103e-03 8.826339199302375704e-03
2.193397254294056006e-04 -8.040018040082398676e-03
6.058776095478226112e-03 6.780946263234144053e-03
-3.381196926732868771e-03 2.958164002378204944e-04
-7.009705788745443714e-03 -9.536981952128684853e-03
8.951448108572209253e-03 -8.023189936649511439e-03
4.191243414719864231e-03 2.472544971999933797e-03
7.397965396037714178e-04 -1.426088009486032107e-02
-7.851556407762113124e-03 -2.933097675789661171e-03
-3.640164046445489368e-03 8.694205295193746172e-03
3.169808234060310717e-03 5.401140227701064188e-03
-1.638645385741254899e-03 -6.957944947428369893e-05
1.422920373333509680e-02 -1.244894017667576465e-03
-1.054835848518938333e-03 -2.321060389709292838e-03
1.621146783396705537e-03 -9.866199020224527758e-03
-2.772639904707746572e-04 -8.848340221736595776e-03
1.018229213656377148e-02 2.800165503267426723e-03
-4.396405380968591674e-03 -2.383614844344999345e-03
-1.116109238769071726e-02 8.324566207007571064e-03
-4.982130322619156629e-03 3.742577905261668114e-03
8.170891971613813282e-03 5.018858261755821185e-03
-9.226922369879186556e-03 1.649684011602471157e-03
-1.203091555532579369e-02 6.012315796927895917e-03
-1.069632237177071434e-02 -3.693989989649348969e-03
1.542524913956958271e-03 1.331969864844729026e-02
-1.044747226829711474e-02 -1.251936985128694591e-04
-7.009086210344979591e-03 8.059724024665539674e-04
5.170446976585988709e-03 7.186243187594617068e-04
-2.858648801664637109e-03 1.092784497764956496e-03
-1.257702521862017440e-02 -1.257470247828326336e-03
-1.321668721216500385e-02 -5.435670126467824145e-03
6.329178506216467590e-03 7.114214656285759025e-04
-5.105402721905874693e-03 -3.340224208424813143e-03
2.589560854339349131e-03 1.432607611288665541e-03
-2.531975902683445898e-03 -3.228922452148651808e-03
7.436300313946266408e-03 -9.591880432549500235e-03
-6.905698673205766351e-03 -1.517110103946264039e-03
-1.176727563496874837e-02 4.925625566223320283e-03
-1.310257079347373378e-02 1.364110675914860949e-03
5.817370920699936089e-03 3.901836896320110253e-03
1.823273870923601721e-03 -5.751014563565581827e-03
-8.625025638383443036e-03 2.585817298893067651e-03
-9.755985473487333330e-04 -1.010548327436791224e-02
-3.852671302098241175e-03 1.377335431569770216e-02
-2.296679856109547224e-03 -1.379596879806941484e-02
-1.144113522404127149e-02 -6.468088429065024271e-03
-6.088155072344721835e-03 -1.221438338261863175e-02
3.903684327520462721e-03 -1.369960132552728487e-03
2.755390222241563183e-03 -1.110949194773200657e-02
-8.902703588478047200e-03 3.337516116768919194e-03
-1.014834556181182972e-03 1.948644025763086787e-03
9.681099514412696769e-03 1.080435425994016700e-02
-9.659958216224633423e-03 -3.645668596679046795e-03
3.165444293474130202e-04 6.104650311937860618e-03
-2.825630239981260540e-03 -1.243883144523174646e-02
-6.479667531762855689e-03 8.173342779059034405e-03
2.726173161663793167e-03 -2.057592091608049720e-03
6.150357148057708848e-03 2.230158029049315351e-03
5.021935427242798372e-03 1.259599177359982738e-02
-5.650829631033364026e-03 1.384922439552730214e-02
-2.924869837976996074e-05 -1.889493558314585655e-03
-1.100277425791930733e-02 -9.627949669338027941e-03
1.335256803576120171e-02 -4.250757999409127477e-03
5.120346709089871468e-03 -3.085982637394266842e-03
2.183882958193185224e-03 1.264247018345382445e-02
1.077819526099999155e-02 -4.067582176050556220e-03
-8.117299076054847878e-03 5.903376532819164767e-03
-1.181552539625938328e-03 -5.405544296800149535e-03
7.431160152100957719e-03 -9.881436239695829543e-03
