5.040917296991435795e-04 4.882535489365302534e-04
4.904408742294506102e-03 7.378805790133154650e-03
-1.078200373930013507e-02 4.137438261257793404e-03
2.844502797590448169e-03 1.277225052408716144e-03
8.863651498786600733e-03 8.416542170515026525e-03
4.017294791037337442e-03 6.569158436353423301e-03
-3.920206150673710352e-03 1.198382175001879053e-02
-4.132137572752694367e-03 -1.234404468073024147e-02
-2.277537771472092423e-04 1.240607223165265949e-02
2.126036781510596673e-03 -2.066994824295649048e-03
-6.765044197719308379e-03 1.372653271189837668e-03
-3.508828410757050737e-04 -3.596960269995220366e-04
-1.081674540497411068e-03 -3.844799108982968790e-03
1.848182002576350454e-03 2.464593939243086250e-03
2.833901420581391543e-03 4.401306935267568915e-03
1.475310916017584864e-02 -9.358258961678104712e-04
-4.561939952936606459e-03 -2.653055571563372669e-03
-8.633502916396291679e-03 1.110237538810721764e-03
-1.060599555982601498e-03 1.263973331146089549e-03
8.571076231265250395e-03 -9.125604212206690422e-03
1.220395974386362381e-02 3.191138757584231073e-03
2.681618569876003787e-03 2.267638544761459238e-04
-1.389481374624085795e-03 1.967064185422352958e-03
2.227627841964686158e-03 7.612993773655360452e-03
5.190677572939972687e-04 -1.518837164979047174e-04
5.582113846222957684e-03 -5.563497551703580103e-03
-4.676447485197382514e-03 9.060016104807261123e-04
6.995783568568654173e-04 -5.225802547139663098e-04
2.754183613057076350e-03 7.141041424440469632e-03
2.646828845139542058e-03 1.046086547347344423e-03
-1.694973113952912003e-03 -2.336036417306078250e-03
1.043595856777061390e-02 -4.036182450258963064e-03
-5.631416579595247864e-03 4.999964730582006321e-03
-7.015006477251224497e-03 -7.974941010699147445e-03
2.001390891199788906e-03 2.593151461180094684e-03
-7.044032494522881396e-03 -1.074065203868469244e-02
-2.204237762652027852e-03 -1.261918523066005507e-02
-6.463464090017253562e-03 1.168816477066644040e-03
2.411714823697814949e-03 2.415291205869545769e-03
-3.658588686708089642e-03 2.804412384349348406e-03
-4.668831701895114969e-03 -1.077100322808370592e-02
1.418379622392437929e-03 1.215558304840995592e-02
1.171921869234706162e-02 4.546692560638145031e-03
1.404998967680288514e-05 3.405848293419979668e-03
5.023290925141080630e-03 6.303693225513473317e-03
5.352172743782564711e-03 5.600602371237209907e-03
-5.721607994624743759e-03 -4.931551032336853845e-04
-2.697983654349866110e-03 6.482351749239449908e-03
-6.314757621483487772e-03 1.017036558742667914e-02
-9.765070978730253787e-03 1.008183459397968967e-02
3.684501340769082405e-03 2.765311893778061875e-03
-9.659184978137766442e-03 -9.802048028760008969e-03
6.957944947371275807e-05 -1.638645385740574670e-03
-1.913849820423862546e-03 3.680988843349793267e-03
-7.607437546147054978e-04 -2.204828551116180292e-03
4.772067358235963092e-03 -8.331858923941334177e-03
1.051209999312330626e-02 -1.948910909863251460e-03
-1.947713507241702205e-03 4.543259773658967632e-04
-5.801661051604209245e-03 -7.087364040481020956e-03
9.810669560427047811e-03 6.665640462557941189e-03
-3.129845590322516153e-03 3.574432343846325761e-03
4.630130345532453007e-03 7.083388524102597616e-03
-9.258664154234621385e-03 4.551242457813244394e-04
-6.946816084655948673e-03 -3.544608058159242486e-03
-6.234912044455868246e-03 -3.926305107592985462e-03
-1.031396302171201478e-02 1.570566354985583266e-04
-4.320377645369464711e-05 5.185376884440777781e-03
1.562503960389132179e-03 -2.017692090922108133e-03
-1.240056348122182787e-03 -1.376825189533856589e-02
-1.353302593009186915e-03 -4.921236845729325821e-03
-5.595237797980349634e-03 -1.888336300569672674e-03
-5.412539873124296887e-03 -1.017060530073865630e-03
4.981476205567183374e-03 5.420091771674913350e-03
1.326926919987808564e-03 1.374505347027980828e-03
-3.777135620100302744e-03 1.321346837538744413e-02
2.142401865985247861e-03 -8.776110428009423203e-03
-3.861898577119354369e-03 -5.198628605703405244e-03
-1.167283824991195013e-03 1.383690530689229634e-02
-3.611010259669387556e-03 1.029801173311661790e-04
-1.541301206369087313e-03 -4.230471674795135972e-03
2.083423793520592163e-03 -1.026154692512770000e-02
7.567840639366831337e-05 4.110264319822918774e-03
-4.856958084760250663e-03 1.276698148696787461e-03
3.275103446189107058e-03 -1.102813409765803767e-03
-1.020210583370344780e-02 -2.620980075830202111e-03
-5.206914887915973372e-03 -3.128983437156687697e-03
3.779195175888250963e-03 -6.145598608292732971e-04
-4.715148841560044476e-03 -2.781613093500381103e-03
6.511377766511105940e-03 5.463694682335410238e-03
1.089625573254828905e-03 1.501737696838774784e-03
9.530292206745036993e-03 6.213134909638902761e-04
-3.386497615238077963e-03 1.857857341666675722e-03
1.837580625567293829e-03 5.588675822101939021e-03
-1.220627483866068216e-02 6.923825139551345077e-03
5.586951515766419747e-04 -5.102545713707511924e-04
1.048340922530486934e-02 4.619321488570978830e-03
7.607437546147054978e-04 2.204828551116180292e-03
1.882971727312811967e-03 1.645271246371888185e-03
1.384180686118877037e-03 -4.050232439934976216e-04
4.596266658716763537e-04 3.856725658121665321e-04
-5.013743355554739489e-03 5.975146656327710686e-03
-2.194690193064897845e-03 -3.403453488170491738e-04
1.169343380778572940e-03 -1.237996792333444836e-03
-3.079026030566553961e-03 -1.328794937915888166e-02
1.960837458999093504e-03 6.997507874907355797e-03
-5.897807246329545873e-05 -1.485436497117136219e-03
1.181782415909300200e-02 5.673758202882434910e-03
1.003922160598900298e-02 1.570518877897631241e-03
-1.099936361938820377e-02 -7.271451022214939913e-03
1.255391654701991724e-02 7.596820343437026002e-03
2.870415451651440065e-03 6.846949330536126858e-03
-5.232955311480840324e-03 2.658228490563345481e-03
-5.804902184320109328e-03 7.073585415507146340e-03
-8.158437203968804674e-03 -1.167219940238291894e-03
4.262084151567349134e-03 6.121857453824501062e-03
3.497300995823358297e-03 1.076702771170528171e-02
3.876874604715569057e-03 4.558491340270111152e-03
1.756266281213266466e-03 -6.293490982712360814e-03
-2.863390456812072923e-03 -5.144025183825905873e-03
-1.113941690481807384e-04 7.550439319026942819e-04
-2.938733613750590945e-03 7.965392277141164143e-05
1.037857703213566907e-02 9.100282346609958953e-03
2.246404139324634100e-05 -9.602058981514218329e-04
-1.348423427473134997e-02 -3.221090812775299558e-03
5.291007346026084870e-03 2.873193565408205079e-03
-1.038917840914529815e-02 -5.976200463750427037e-03
-1.127065642244289663e-03 9.860546674594016479e-05
2.013253555583978567e-03 4.757027445887525297e-03
-7.610343429401790483e-03 1.446607371250489479e-03
2.384413112759746142e-03 2.914545266023756999e-03
-8.551597783579363912e-03 -3.875246416496285970e-04
-2.518606572656323893e-03 -1.053323886238987858e-02
-1.037466540050889854e-02 -4.593344949758333684e-03
4.814999188006612377e-04 1.280539565293425421e-02
-1.135992179955491385e-02 -8.553050725210023519e-03
2.283157301760806515e-03 2.568500094492984220e-03
-8.008341678563757685e-04 1.765350831838735429e-04
8.137697468909717638e-03 5.392390926528789832e-03
-7.673696152452244221e-03 -2.522773743292205852e-03
-1.312851376411082460e-02 -2.400442947778566594e-03
-1.079294036576570331e-02 -2.072423282304732862e-03
-8.380299504148477213e-03 -3.703117635288459986e-03
4.771476569771702231e-03 5.048070061332175437e-03
-6.548482586045416623e-03 5.470591907669542300e-03
-7.900859141135191735e-03 -3.496630496913057280e-03
3.380270888814818075e-03 3.750169158616594497e-03
-3.765943454626984824e-03 -3.290542492744918252e-03
7.483047194839344794e-03 3.994559384939913235e-03
8.749160374197607545e-04 -1.068817205734747498e-02
-3.955666374320472231e-03 -5.864742409950484195e-03
4.469896462069647414e-03 5.251906855455368631e-03
-5.035616608484295639e-03 -6.444576430793696326e-03
7.102212298572000565e-03 4.915137888808799108e-03
-7.914940782205205638e-04 -8.235504667240801935e-03
-8.538936850780998178e-03 9.087301990050830267e-03
-5.005329303838866595e-03 1.609092464756989305e-03
5.319570344339287146e-03 7.661897372820276365e-03
1.140013998230045809e-02 -5.185249114937473883e-03
2.501235739817010695e-03 -1.075947581315523684e-02
4.345841360221740050e-03 -3.467875844343538700e-03
-3.200351077714850331e-03 9.259063288441995651e-03
2.700969248056654323e-03 2.070571206466128699e-03
5.327521377096134693e-03 5.318835960676763022e-03
-3.312878764633718325e-03 -6.630786853069717789e-03
-3.332564692272812525e-04 -1.780853763148154039e-03
6.952707561624058702e-03 -1.139736186854426424e-02
6.341005524998269936e-03 4.733302117119826853e-03
-1.772040577223656793e-03 -3.773223988473749712e-04
-1.184191638869771016e-04 -9.478802148082066071e-04
7.575553704665328320e-03 -6.272846783792911975e-04
5.270187900514153225e-04 -2.494945128642098858e-03
5.649378200898821922e-03 2.912820959689598616e-03
5.632772821165688698e-05 2.266456967831794334e-03
-1.034223882962583604e-03 4.810704829846293093e-03
6.828987709232662955e-03 -1.078320114192179296e-02
-4.092510178470050095e-03 -1.270241553560308781e-02
7.780252651955031282e-03 1.306777973392981521e-03
1.048736891598982778e-03 -3.427849315854200607e-03
-5.635937960359049814e-06 -7.771902484991381060e-03
-2.742783967639857937e-04 -2.954172660310179282e-04
-3.820674646008357950e-03 9.064901833409808388e-03
-2.432454558758834467e-03 1.809879780420490733e-03
-5.364961446086165958e-03 -3.718492797091367628e-03
4.317341664679856875e-04 1.426485561123874701e-02
5.555610403697704494e-03 2.246707155442519230e-03
9.492053869349917003e-04 -5.089293992440754952e-04
9.641814145275617615e-05 -1.149066664675789064e-04
-2.277393594296002119e-03 -6.153533815349727931e-03
-6.566779456804141407e-03 -1.177613720902230023e-02
3.513458600347304757e-04 -1.663296752427685351e-03
3.845533492646063638e-03 1.190774420941831911e-02
-4.902684435960919310e-03 -4.113840701993397991e-03
-2.602699030766435391e-03 -1.027744899064139336e-02
4.482270204465121487e-04 -3.801196198322471902e-03
1.422562735116404513e-02 3.582112011900355844e-03
-1.948176526200727987e-03 2.477318756793103934e-03
-9.052240900610762642e-03 5.654151985692672938e-03
1.033297845043172018e-03 -7.647192709930196583e-04
-4.926074515273577183e-03 8.923507550112966258e-04
1.432557381573115653e-03 4.204495135982491694e-03
3.079489049527510923e-03 1.126495659973213680e-02
-1.915701896261325261e-03 1.177295996105747963e-02
-5.324535783388774021e-03 3.234086995028135139e-03
2.946093858043748355e-03 1.095721365035790332e-02
-1.017395779528906851e-03 -3.921403553294688232e-03
1.059673518063190129e-03 2.782012227707183344e-03
-9.264060960846630735e-04 8.882666927513351712e-03
1.040196711144832781e-02 4.094090889605264336e-03
-6.176732240399374334e-04 -9.751819257463849181e-04
4.544776600047779197e-03 2.051220528284116839e-03
-1.128609546899870739e-02 3.649184712320581621e-03
-2.149762110278404838e-03 -2.260757145119893056e-03
3.153570919090895042e-03 7.533196255685358986e-04
-6.431324709533001345e-03 1.130514254910784319e-03
9.230899424335596917e-03 2.067122593799633392e-03
-2.142609345935734232e-03 -1.191476920425643682e-02
2.317947026498057977e-03 1.749177401623607832e-03
-4.126964653751359798e-03 -2.549149416311652806e-03
1.359864568888167601e-03 8.647153771865610794e-03
-2.377643656925759481e-04 2.150225129238681789e-03
2.261156279327946467e-03 1.505713213218340439e-03
-1.008183459398287159e-03 -9.765070978730605068e-04
-6.549743873418618044e-03 1.826340401037194854e-04
-7.054298622078148187e-03 1.717373270593254737e-03
4.691295743288361256e-03 9.810797329932282457e-03
8.297260853461651056e-03 -1.144401425766377288e-02
1.000695445599894453e-03 1.296575730590047342e-03
1.532088886234385329e-04 1.285575219370082439e-04
7.497224954020022085e-03 -3.956528527487551856e-03
3.308967133006946934e-03 2.123849456218092954e-03
-1.484973478158001150e-03 -1.964014706962660759e-03
3.240185951948771140e-03 1.107344548895283776e-02
8.389048805320070690e-03 8.671006870137295749e-03
-4.723435123772613473e-03 -9.772495107776424036e-03
1.109014582288195966e-02 -6.153581292428784294e-04
-1.273766827929868374e-02 6.934825650767202643e-03
-4.128225941125922109e-03 -7.837107283878616201e-03
2.041018285482434046e-03 2.234780606307248344e-03
-1.730225857644754426e-04 5.062790549907478449e-05
-8.837738844725606668e-03 -2.846817892387615810e-03
-2.313109356951875001e-03 -1.288225563625255672e-03
-1.934924804938100958e-03 -1.427783596779945300e-03
3.546268479740497317e-03 1.996617106406618335e-03
-4.485335508624887016e-03 -2.588776810594868669e-03
-1.208970775061217647e-03 1.596367647206291610e-03
2.617339808907499787e-03 3.033682987878651496e-04
-4.559752627643993451e-03 -1.411083262850823614e-03
-4.547889963254931603e-04 7.527927218618549166e-05
-2.593151461180094684e-03 2.001390891199788906e-03
6.934027382353708316e-03 5.426717632306225780e-03
-4.362876943607263414e-03 -8.490895404782480144e-03
7.255085937741649615e-03 -4.290248015673287299e-03
2.595466555977153471e-03 -1.211635478833536332e-02
-3.430036641146133169e-03 -2.290709200310960675e-03
-9.024252283091043630e-04 -9.503453514765993967e-03
-2.070970340674072822e-03 -9.545060754388396762e-04
-2.441203859930428377e-03 -3.158009454428344163e-03
-4.909677779417523889e-04 6.963580303336722524e-03
-1.802790900829471642e-03 -6.407998514971995421e-03
-3.300217831835352590e-03 2.844039778630741942e-03
-8.765125742486831913e-04 -3.933729236637903241e-03
-1.041820442641831421e-02 -8.741911491737112613e-03
3.697705002907454683e-05 4.226496158413505563e-04
-1.055484075061661510e-02 5.111295014877964386e-03
-7.537650616716842430e-03 -2.996051264632630922e-03
8.528670723225731387e-03 3.370723319227116477e-03
-2.725540904298274104e-04 2.969547822108058177e-03
6.175135703576464449e-03 -4.870082036517641745e-03
-1.309763567100341759e-03 -7.726703037498668797e-04
-4.841982057163465684e-03 6.365608832628140076e-04
4.921012958110787539e-04 9.681313770076544617e-03
1.546266645419145346e-03 -6.665512693053956411e-03
-5.821474748745246452e-03 -6.908178613044938660e-03
-1.005453288304036796e-02 -1.026432503888457387e-02
-3.455151026792949859e-03 -5.494828314453420546e-04
-8.250225155832096062e-04 -2.128224106804460850e-03
8.411640616217191599e-03 -3.646135233861570735e-03
2.574136032453233983e-03 5.488745183229323810e-03
-1.665947096679894646e-03 4.296746106806084101e-04
-1.693839596083585204e-03 1.430885765610718889e-02
-6.489839763037272106e-03 -2.377915021633559070e-03
-1.337204183726899490e-02 3.334815902315035711e-03
-9.122283369039854576e-04 9.315790150858875964e-04
2.528409681252565336e-03 9.820633253913770705e-05
5.092870374614793388e-03 4.665047839772899080e-03
5.480937745675853491e-04 2.613827311488101796e-03
4.164228894179815982e-04 5.571049450252944096e-03
1.886085090525407718e-03 -1.158742003769516315e-03
-4.089348756195886753e-04 -5.891118082969930281e-03
1.097911855467397467e-03 8.492619711114817935e-03
-2.390049050719315893e-03 -1.068644775101331573e-02
5.037005665362732573e-03 3.755980925132162626e-04
-3.363698324385160587e-04 1.023159486994392126e-03
8.495605304822857751e-03 7.455011100238070551e-03
-5.818026136077500410e-03 -3.782484367661062205e-04
5.043567641242504077e-03 4.101515018651324430e-03
1.768464195052606202e-03 5.204328428415306088e-03
7.401732850486107164e-03 -7.887607419872565140e-03
-7.933461540579830624e-04 -1.435335495331131837e-04
-3.277626020936870357e-03 -9.473102325366980492e-03
8.976897743673602909e-03 -4.304728790942135425e-04
5.955795978147059716e-03 3.169936003564756931e-03
-9.827960682820321286e-03 4.089460700010927319e-03
9.254624753103974505e-03 6.394874563214495052e-03
-1.327469765789682753e-02 -8.260763230058159115e-04
-9.815171980518080930e-03 2.207351125863944025e-03
1.174433307799194713e-02 2.805466191772064757e-03
-3.286040072654674866e-03 -5.107048133796722282e-03
2.179251146511018700e-03 3.003475393678691450e-03
4.331232233464230551e-04 8.195877272958266083e-03
1.082137559457796872e-03 1.821806329556903501e-03
-1.155010773820742617e-02 -9.104257862988383160e-03
-8.429139218561740310e-03 -6.289643235837241372e-03
1.007540038760526384e-02 -5.317782153252906090e-03
4.016033503662204407e-03 1.281200568787139917e-03
9.101080615025385762e-03 -3.067626385142749670e-03
1.196182072757616182e-03 2.857419269395507244e-04
-2.024780970512447213e-03 2.413039995824599934e-03
-1.337250485622801938e-02 5.357808681742243749e-03
-1.756266281213266466e-03 6.293490982712360814e-03
-4.174543080790851617e-03 1.522828507047073107e-04
-6.579823698115491899e-03 1.281984477681843114e-02
-7.524989683918476696e-03 6.478775367067828375e-03
-3.166359621393135832e-03 1.128789948578448046e-03
2.232258031559594333e-03 -1.261693402061396865e-02
-1.724462150184164974e-03 -3.078754665863735196e-03
1.875020694555394130e-03 3.988332658516082624e-03
-2.520123399039996773e-03 6.892675681736904793e-03
2.999563762051348902e-03 -6.686188543361963089e-03
-9.087030625348012369e-03 6.473474678562048459e-03
7.360244293156542605e-06 1.103686757312931539e-02
1.935850842858083485e-03 -2.618201962074008255e-03
3.876411585755182819e-03 6.581484119696176874e-03
6.549153084956288798e-03 1.319729494517025113e-02
1.191735566375699482e-02 2.754838286272308714e-03
-4.858219372133452084e-03 -4.011259718869035137e-03
-1.206307653858340080e-02 -3.203464440927446082e-03
-4.244122530265135966e-03 1.790928236445962210e-03
-2.097346013693519341e-03 -4.501237574139722690e-03
8.580879339855125186e-04 -1.956063674205813646e-03
1.203670086556008888e-03 -3.432670577743605640e-05
6.872861984595868452e-03 2.699308826476079504e-03
9.962281912222134550e-03 -7.827703309491109915e-03
-7.211882161287383811e-03 -8.951288687681704936e-04
-1.157707419969170558e-02 7.289396235849237779e-04
-5.033429283191111041e-03 -5.202604122081828583e-03
-1.642732845928817492e-04 5.018517140347910493e-03
2.070970340674072822e-03 9.545060754388396762e-04
-8.360485807006868414e-03 -3.882303062725223596e-03
9.064566583953406059e-03 -5.513268780411768183e-03
4.552727632804625876e-03 -2.918408838593969379e-04
3.619424311385831174e-03 -4.469034308902567788e-03
-2.845428835509859755e-03 2.768760506444556749e-03
1.545803626460119998e-03 -4.642519913626749241e-03
-1.087219515432963184e-02 -1.355681572557898736e-03
1.323334595728195562e-02 -2.080517910259952093e-03
-2.659154528482757501e-03 -1.186969752627567648e-03
-4.132265342256568989e-03 -9.871084748827977946e-04
-1.270056345976437392e-02 -3.999460939237748161e-03
-7.867841781795728833e-04 3.582383376603853753e-03
1.277498057878348123e-02 2.821767391493703106e-03
-7.533275966131045692e-03 -5.121066472082136910e-04
-5.083195035523787458e-03 -3.743144163777337077e-03
5.955332959186674345e-03 5.192928782990822653e-03
1.272323498110310060e-03 2.373013467335262274e-03
1.445809102835742682e-03 2.993927824094414847e-04
9.361181252606763301e-03 5.178878793315270720e-03
1.252972819929659308e-03 5.292061153452797158e-04
-2.285807646013805761e-03 -1.787479623779467553e-03
-8.143461176373951310e-03 -1.807357205672727000e-03
-1.219109133111248924e-03 2.697456750637936777e-03
-7.250120498691590282e-03 -6.605736352175805084e-03
9.446998017049101568e-03 8.188054009705403313e-03
6.977262810194027019e-04 7.569390862993722116e-03
-7.208768798075358350e-03 -3.699142118908895199e-03
1.225671108990229827e-03 1.028460175498349498e-03
-2.237766200015288594e-03 -6.511904670223034840e-03
-2.404689828860379422e-03 -7.123670591597864362e-04
-2.219341559752117596e-03 -6.221117593793181692e-04
1.079487215204797627e-03 2.602826800270420168e-03
6.714480176972456756e-03 -7.224143959878375279e-03
-5.456541917992738765e-03 -3.142634292625436955e-03
3.799471891988313085e-03 -2.816738067692563848e-03
5.182391290733988701e-03 -8.509719179251883092e-03
5.899468249935403696e-03 9.034790357329625966e-04
-6.878497922556798226e-03 -1.047121131146678055e-02
1.286501257292348675e-03 -5.578074445091060068e-03
7.496761935060996737e-03 -1.933535748060344686e-03
2.317611777042908119e-03 -7.584766024796629758e-03
5.826312418290069406e-03 7.369130451042148720e-03
-3.672479255489961847e-04 6.349419576715392699e-03
-3.334081518653763190e-03 -3.826230873524741165e-04
-6.137567865083129286e-03 -8.087197332914517964e-03
-8.893012765493441094e-05 -2.051619662487274968e-04
1.090353626639913726e-02 -5.993571296590310959e-03
-1.449115644675643896e-02 1.090359956917462750e-03
4.926409764728727908e-03 8.441592671408940096e-03
6.424523602310324571e-04 -1.009998786953878944e-02
-5.427052881760125770e-03 -2.399916044066638127e-03
9.407913352171874081e-04 3.857124792326183799e-03
-7.131829104307917458e-03 5.699080068479165512e-03
4.544776600047779197e-03 2.051220528284116839e-03
8.753183367656470690e-03 5.125600543563306466e-03
7.332153401012394406e-03 -6.248962034131990903e-03
-1.892647066403817463e-03 -2.567174922367450405e-03
-1.130843174088864977e-02 -6.747545595374759668e-03
-6.900961963950044513e-03 -9.511005413315358828e-03
-1.903711462373260544e-03 2.579899739917468088e-03
1.317079150264567969e-02 1.261051622190380826e-03
-2.223253191381259161e-04 -5.129049156236409335e-04
-5.150459390199651696e-03 -1.221946267517051536e-02
1.212689228059287902e-02 5.149852776042934677e-03
-1.453297116632203557e-03 2.067585030800678670e-05
4.597544353755513014e-04 -1.097126364003527671e-02
3.666874968920658204e-03 4.186469629926694094e-03
-2.871341489569491628e-03 -2.800963771681712084e-03
-5.552034021527444720e-03 -7.073713185012272565e-03
-7.932072483700033233e-03 -7.504313833610470018e-03
-6.610446252216072537e-03 -4.567767545152492080e-03
-4.483020413827038496e-03 -1.270374070772862032e-02
-3.949104398441491762e-03 -2.138825483814197920e-03
1.063880543922285371e-02 5.989851319220997755e-03
5.906157995317688064e-03 -6.727540243977515010e-03
-2.795998332632905221e-03 -8.024642878279491034e-03
3.187434605914530195e-04 3.979982491553817037e-04
-4.156581459487277558e-03 8.065068540976312247e-03
-3.042304519536931178e-04 9.848572648378521761e-04
-6.700893206261834953e-04 1.265298503272303809e-03
9.799557105408065495e-04 5.521746716880545497e-03
2.407499594012964261e-04 6.402697826467357821e-03
-6.307141838181790083e-03 -1.506639251137071797e-03
1.153963413070224417e-02 8.714035399997911713e-04
1.773301864598789829e-03 5.665280266413658464e-03
5.375690592599097206e-03 -1.076252529161492860e-02
-1.087438247961644957e-03 -2.597653881269062289e-04
-4.867559461769307289e-03 4.400780031555640015e-03
9.342293593382063966e-04 1.312078661898980121e-04
7.915372149771591342e-03 4.879486010905148899e-03
8.755833711908678901e-03 4.344580072847967905e-03
8.886115540179847019e-03 7.456336272363604800e-03
8.920106996501562385e-03 -6.739370674999425881e-04
6.036439823588854448e-03 -3.615784044461877247e-03
-7.207507510701586205e-03 1.588815748656246737e-03
-7.964674883144669953e-03 -5.443018832028545875e-03
3.413799326176146336e-03 -2.357111401820887603e-03
1.875020694555394130e-03 3.988332658516082624e-03
-3.372782875016996744e-03 -4.070237791332901103e-03
-1.277592535228323604e-04 7.464159535616467570e-03
-6.268903500777582745e-03 4.203968232270561926e-03
-1.479976154929592801e-02 -4.087273956691027388e-04
2.910968883852135900e-03 2.442592916808865745e-03
-8.017602057744266809e-04 4.222520642038288426e-03
2.046446743491517860e-03 -1.068419654096905078e-02
-5.733470659008363564e-03 -2.657031087941796009e-03
9.690190840746679092e-04 -6.881148266813004325e-04
1.774563151971991250e-03 1.095323813397948085e-02
-3.139057910452697176e-04 6.295358884297032006e-05
-8.425355356438271950e-03 9.574230366861148644e-03
-3.061527428223365273e-03 -3.352170909461212305e-03
-5.571049450252944096e-03 4.164228894179815982e-04
1.342365966543619107e-03 -1.288624697833200229e-03
-4.739337189287450014e-03 -5.086372283488035592e-03
-1.297484185652835950e-02 -4.294878205268766631e-03
-9.788221926709094606e-04 1.112314735653203990e-02
5.170863875804948898e-03 -1.339651737539077417e-03
6.031602154041092005e-04 -4.076735882463874711e-04
-6.500904159005924804e-03 2.769159640653181750e-03
2.862592188397896850e-03 -2.166925463167123245e-03
-4.082499589923892572e-03 -2.446568433187289084e-03
-7.901449929599454330e-03 9.883298488360451467e-03
9.156147055861910480e-03 -6.089127284877239588e-03
-9.279403889293710156e-03 4.680295232071821944e-03
3.486827388318176294e-03 2.534173388716689720e-03
-5.149661121785474756e-03 -4.908512028177485810e-03
4.687048862206439140e-03 -4.030083493339578667e-03
-6.085886734131925810e-04 1.332665073552268681e-02
1.325172126262681195e-05 -3.905102353573049884e-03
9.675339091005713196e-06 9.219036759955622200e-04
-8.204626574130430283e-03 -4.534766011501732696e-03
-1.413139653500390322e-02 -4.938990987080482328e-03
5.944109142368161577e-05 -5.375562823089293949e-04
-6.031937403498393788e-03 -5.257207543959326219e-03
-1.418044372937287637e-03 -2.821639621989718762e-03
-7.225054172104981593e-04 3.505778932291453431e-03
8.221326908058872174e-03 7.159593834207052948e-03
6.908449977747865844e-03 9.190936780599052655e-03
1.109311500891552822e-04 1.267948847524512888e-03
1.791726504861390103e-03 1.155507317725805450e-02
-3.600408882658970040e-03 -3.021101765526544494e-03
-3.717902008626536043e-03 -8.014967539188023668e-03
1.818565196840432260e-03 1.307881189653105174e-02
3.680461939637426566e-04 9.615310702769555400e-04
-2.707531223936995683e-03 -5.796488132603556422e-03
-8.939457674684143235e-03 -1.169870284490501840e-03
1.279260695063190456e-02 1.400609655345071321e-03
-2.967424381572320805e-04 6.647886321204039047e-04
2.235115855761718191e-03 7.292925140937231952e-03
2.227883380971513181e-04 -1.510087863803566454e-03
8.312109111552629798e-03 -7.272153172507653945e-04
-8.338021765612260369e-03 -4.842508960875503872e-03
-1.519763202893891938e-03 -1.144692014092142706e-03
-2.844167548140169631e-04 8.056718374006272389e-04
9.248988815143044731e-03 -1.377027921776205997e-03
-3.498690052700434774e-03 -4.698049373423659331e-03
1.030647500791533446e-03 1.630119972163878231e-05
-7.700071825472261031e-03 -6.069505241992408963e-03
-9.297269392485344938e-04 -9.004199454612924619e-03
-5.819750442411088069e-03 -3.643213524905862446e-03
-4.246881081922115886e-06 -1.384088082327186026e-02
-6.553192486086364087e-03 -6.347296136175112520e-03
-7.661705718564178202e-03 -1.171583396443222000e-02
4.275463642335211242e-03 -9.140181105594851266e-03
2.328676173012921707e-03 -1.273184068708222740e-02
-1.798879269202700252e-03 -1.901061118120370586e-03
-2.903943889014129649e-03 -7.396687700997868573e-04
4.203106079104053892e-03 4.636420956707364843e-03
-2.508595984111528128e-03 -2.773917599752206541e-04
-6.129409352375796670e-03 1.026062088720782785e-02
1.901542872686113467e-05 -7.490136074429111848e-03
-7.381456134386043741e-03 5.685429213009274806e-03
3.728168136181802400e-03 -4.443057770089923510e-03
8.576249150264871708e-04 6.692910522139390367e-05
-5.120427624565617418e-04 1.854807863207663969e-03
7.913312593982282234e-03 -7.719422503654163603e-03
-5.328447415014185388e-03 -1.272850401822348465e-03
5.058543668837928164e-03 3.461377753216209312e-03
-9.807220947760661792e-03 -1.357102862802510648e-04
-3.834852405189825841e-04 1.701598974583544855e-03
-4.969150522222607474e-03 -5.279208566393548026e-03
-6.337556912331883917e-03 1.796628059157864572e-03
-4.715739630024306205e-03 1.059831589177312808e-02
3.487290407277202076e-03 5.111806092894823333e-04
-6.619786341851927741e-03 3.844272205272182205e-03
-1.668134421972507653e-03 -8.122976980319406449e-04
-1.408832052802233884e-04 1.232568334321514449e-05
2.453992562234029624e-03 1.275899880282502317e-03
1.067313214500028792e-02 7.193521405777005343e-03
1.183591354989988083e-02 2.229607687307275099e-03
-7.460583153446097640e-03 -4.954765283091334960e-03
6.797646597158284263e-04 -3.433948272778833627e-04
-3.437061635985500744e-03 -3.993633347021181661e-03
-1.672509072558304825e-03 -3.296242315456358526e-03
-1.668134421972507653e-03 -8.122976980319406449e-04
1.060275442711182924e-02 1.521216144525231774e-03
3.561835295795529955e-04 -1.202344914430475073e-03
2.966498343649045990e-03 -2.601900762351688594e-03
9.272714143911424053e-03 2.950724047638655229e-03
7.858118383641882893e-03 6.659014601927769339e-03
7.346075621185322452e-03 8.513822465135432657e-03
-3.702127712617506172e-03 -1.344154157629429656e-03
5.005792322797891943e-03 -3.632085244184196909e-03
-5.355749125953614652e-03 -7.735963416692784658e-04
1.389985889573458651e-02 1.481189616035894115e-03
8.626350152053048614e-03 8.543774520326501143e-03
-5.873092576915385152e-03 2.643252462967240948e-03
3.629897918891584335e-03 3.763820014085343321e-03
-4.353792392979158321e-03 5.810937256487732488e-03
-4.867559461769307289e-03 4.400780031555640015e-03
1.235346448081235757e-03 1.950363851493911718e-03
-7.669704810379651683e-04 3.403197949167089710e-03
6.740009522515945373e-04 3.241638893578179144e-03
3.508828410757050737e-04 3.596960269995220366e-04
-9.813447674192439171e-04 5.472316213999351081e-04
-4.798443031255980769e-03 4.785127425241131500e-03
1.457789924911818621e-02 -2.127170299380603050e-03
3.931941045552663633e-03 1.536990440534942090e-03
1.194028272411062561e-02 -2.283603913051787324e-04
-4.380966334414712095e-03 -5.046744889206642055e-03
-2.990558921871214713e-03 -1.105979463348226791e-02
1.863621049132161214e-03 -1.985361056180944819e-04
-5.221890915511398328e-03 -2.488846171721572145e-03
-7.459194096567089115e-03 -1.102374362137249417e-02
6.884261630021032766e-03 6.886177590610717721e-03
-1.135024646046390792e-02 -7.631147049214461950e-03
3.087328720447254232e-04 -9.857848853259736088e-03
-3.546603729195648043e-03 -1.133056053282685549e-02
-5.088495724028995783e-03 -2.181103222348480981e-03
-2.822501775156227230e-03 -2.144381711329306980e-04
3.968918095583098826e-03 1.959640056377434745e-03
-2.210129239620137447e-03 2.322784696043451221e-03
5.978387789043610769e-03 -9.147206100433428674e-03
6.563330844136966088e-03 5.246207032742786908e-03
-7.816894452528954859e-03 7.604515837185904861e-03
1.437858070078324845e-03 2.642454194553635598e-03
-3.481526699812967536e-03 -4.096214330145545382e-03
1.023159486993140740e-03 3.363698324386255089e-04
9.068015196621152102e-03 1.016661395867063389e-03
-1.712136466840949531e-03 -2.937871460583511753e-03
5.181002233855551767e-03 -2.440740840971403463e-03
-2.831251076327821140e-03 -5.182327405981766028e-03
-2.902601727165624902e-05 -2.765711027985544562e-03
6.749477381658831529e-03 1.264741297951696430e-02
-8.213838894262411733e-03 -7.479662466924501436e-03
8.215563200594636767e-03 1.074462755506311665e-02
-9.652159983299761492e-03 -8.099123882050930298e-03
-6.123517875406326617e-03 -4.681349039494537428e-03
9.686151439621475123e-03 -3.114945781261795749e-05
-3.691191086152727664e-03 4.865707385931274283e-03
-2.243066888519136895e-03 -4.949863728793037730e-03
7.472445817829716577e-03 7.118641267799446018e-03
-1.067161531861582618e-03 -2.461943594990196726e-03
-7.863882091104756542e-03 -3.073980881070564625e-03
1.040852908732730828e-02 7.820007815741551044e-03
2.299394616730222624e-03 7.216320696625512510e-03
-3.006460987385480531e-03 -6.373671809194559473e-03
1.024968426074293962e-02 -8.045219118615800497e-05
4.249758468224134125e-03 5.980974248544277186e-03
-9.720813394854062664e-03 -1.050646405516362722e-02
-4.612040954725003458e-03 -1.052753903967843657e-02
6.305082282392481842e-03 -1.109226926342224070e-02
2.153210722946151314e-03 8.790687321398725496e-03
-1.433483419492527456e-03 -1.585095771292181505e-04
8.008804697516986454e-03 -3.788343611267327559e-03
1.292600214210943340e-03 1.708352604712913862e-04
-5.886216528672776234e-03 -4.808581389306012047e-03
1.067405818291833862e-02 3.147535846922592303e-03
4.718245797096561750e-04 1.188349197693869264e-02
3.751430445989224760e-03 1.907686978751683884e-03
6.775773344226443699e-04 -1.585367135989751864e-03
4.557900551806531170e-03 9.503054380558512149e-03
-1.800268326081137186e-03 4.167917220160109910e-03
-7.277422209629659522e-03 -6.106482292021593421e-03
1.084661774972378936e-02 5.119900720850723876e-03
-3.629562669435862886e-03 5.570123412334213389e-03
2.198937074146819527e-03 1.418122617208891073e-02
-3.852558487483498731e-03 -1.361066835612807953e-02
-5.907419282692821100e-03 1.439582376411231626e-03
-2.113248079208355883e-03 1.848852501486652122e-04
3.021101765526544494e-03 -3.600408882658970040e-03
-3.177759266817729421e-03 -3.058078815556870399e-03
-9.617035009106787713e-03 4.154968514992500236e-04
-7.279609534924204144e-03 -7.348454600734603478e-03
-1.022894452568385258e-02 -4.144718795104339500e-03
-1.106453676688506308e-03 7.230370686302205890e-03
8.627978340272504740e-05 9.861824369640664369e-04
-1.341730516951063906e-02 -4.078715727802356694e-03
1.484906428266957734e-02 9.722602167918188362e-04
-1.083861865790594799e-03 -5.086771417694837399e-03
1.409097087230708201e-02 -2.013588805039699149e-03
7.494909859222963731e-03 6.158435369648023426e-03
-1.005937055258519265e-02 -1.072527687688178653e-02
7.658384875400307649e-03 -6.171032417694057200e-03
1.687485100155090238e-03 2.656105050022384423e-03
1.204637620465438819e-02 5.786366182228049743e-04
1.145507865363310646e-02 3.150186191175481827e-03
5.530496018052248261e-03 3.987933524309279949e-03
2.902601727165624902e-05 2.765711027985544562e-03
4.830582411740232986e-03 -4.823429647396990788e-03
1.007169623592840679e-02 1.086616008216200781e-02
4.507336531059107955e-03 3.651563691870654115e-03
2.021204588341396838e-03 2.413966033743331508e-03
-1.694973113952912003e-03 -2.336036417306078250e-03
7.450907814354521853e-03 4.032861607096453402e-03
1.258273508433507392e-03 -1.032834826084717394e-03
-1.493052280420083776e-03 1.173598291102715546e-02
3.816331646815203024e-04 6.390372143124142812e-03
7.387555091304068983e-03 6.348049255375763644e-05
1.453297116632203557e-03 -2.067585030800678670e-05
-1.291493774614565181e-02 -6.855427267004902438e-03
-3.165433583474513979e-03 -2.917195610276646957e-03
1.479082001195905841e-04 1.690598463367005543e-03
9.160393936943832596e-03 7.751753538394622403e-03
-8.894194342442500803e-03 6.243661345626890999e-03
-5.020768350392746174e-03 4.272222509618632015e-03
-1.092322219403550794e-02 -5.184179481819228309e-03
5.899005230975016591e-03 2.926471815159027885e-03
4.142355641247974334e-04 4.329077141541076354e-03
1.084304136755216870e-02 9.946906750419336196e-03
2.672534019246185439e-04 -1.407506880679202516e-03
6.818386332222244571e-03 -7.659119259064082509e-03
2.693609003764068505e-03 -8.966296366663868006e-03
7.396304392477022482e-03 5.031369727403734414e-03
8.026303299860175142e-03 6.147434858430342666e-03
2.108538179167408419e-03 -1.200277329399332057e-02
9.698812372419842592e-03 9.443677173887842641e-03
-7.585564293211485842e-03 -9.628562424036507528e-03
4.445245095383787252e-03 4.970140444894242601e-03
-2.468505570869858074e-03 -2.658755394275274381e-03
-1.253469363834256931e-02 5.603923214399720437e-03
-9.751228469004726354e-03 -7.203196744868012140e-03
-3.650637653950671371e-03 4.613509722051544002e-04
5.516701567386353986e-04 -2.213178718079829646e-03
-2.867557627447956184e-03 1.306290983101621520e-02
5.091146068281205729e-03 1.400082751633142204e-03
-3.788407496020231111e-03 -2.330336594593496093e-03
-6.309792182433428438e-03 -7.256187804224128145e-04
2.413902148992359570e-03 3.657263514582556260e-03
-9.830020238609057937e-03 -8.509447814549065195e-03
8.351608736332407756e-04 1.027135003372815682e-03
1.137098619552299669e-02 3.405976062923964012e-03
9.921728480021436980e-03 -3.423346895763847934e-03
6.044726105801423444e-03 3.375097969814164385e-03
-9.210287458780382769e-03 5.064642625757311695e-03
1.146879339385326654e-03 -2.777908941820232203e-04
7.593643095472777868e-03 -4.071435193955130587e-03
3.416784919884867031e-03 6.195811553885152007e-03
-6.066088280718556769e-04 -6.122256588032445185e-03
-1.317609219115088715e-02 3.009893192384731006e-04
1.456776089106815580e-02 -1.026081195948958316e-03
9.601420133991990513e-04 5.700932144317308672e-03
7.514723556364570796e-03 5.979249942211261118e-03
9.365555903192560039e-03 7.662823410739688819e-03
3.603857495326716082e-03 9.551031941805376499e-03
1.213841969552055707e-02 -2.020214665671013314e-03
3.155295225424482701e-03 4.018284713708292558e-03
2.847025372338781758e-03 1.185314078754082234e-02
2.874790102237237670e-03 9.330893947960543222e-03
-7.919283781397791142e-03 -9.386423407757454179e-03
2.730921303248293533e-03 7.902966755977197059e-04
-1.837708395071168885e-03 5.768260383745504871e-03
5.933922725216714267e-03 -9.249787083558473275e-03
-1.994365896362353379e-03 -8.902273144703356763e-04
-9.648376121176863857e-03 7.764749720648139730e-03
1.188176767060635658e-02 -3.736789667849521254e-03
-1.944600144029677612e-03 -2.349687272774827074e-03
4.354925910850415867e-03 1.083395681692599435e-02
-1.327054689493044511e-03 9.982430858818320749e-03
-5.407574434074240155e-03 -1.191304489792295931e-02
3.834852405189825841e-04 -1.701598974583544855e-03
7.011893114038629179e-03 1.077895426084055260e-02
1.095708588085391941e-02 8.410842347802444802e-03
1.213345425647014818e-03 8.875769702181261636e-04
-6.121330550113142886e-03 -3.439376730782668819e-03
-1.981369714103690970e-05 1.791854274360830284e-04
-1.927899810100665214e-03 2.751405499298137077e-04
-1.529901560945283673e-03 -4.360291066163920343e-05
-5.287430963850029818e-04 -7.700199594976573671e-04
2.138825483814197920e-03 -3.949104398441491762e-03
1.270275078505755939e-02 5.241433247949616771e-03
4.538629584074421394e-04 3.970706286668229147e-03
2.120273074046362567e-03 1.518038896560413567e-03
5.128713906774540893e-03 -1.155719661779901729e-02
6.831510283980996544e-03 -2.072854067896885005e-04
5.386962468518455283e-03 4.781279678366692071e-03
-4.988964219363643815e-03 -5.100023138957463995e-03
2.561890059551757883e-04 3.739567781605715110e-03
9.763554152347942230e-03 7.344079950148235149e-03
-3.567934252719567531e-03 6.274539438737832507e-03
-5.551235753111907756e-03 2.372374619818988679e-04
-1.161093788651011705e-02 -2.497723242398292715e-03
-9.951217516253480985e-03 2.680628647204369094e-03
-6.335272304909263068e-05 -3.969381114541553450e-03
1.424271099360547091e-03 -2.786386878293551674e-03
-4.757426580094898695e-03 -1.642221767912195769e-03
2.174413476964835723e-03 2.542523555680339508e-03
-1.346580963446875057e-02 2.668702098069099075e-03
6.083092212709506272e-03 -2.271230752625645784e-03
2.064743614250242210e-03 6.562532575722790015e-03
8.469229631802839206e-03 3.908279601537867874e-03
-2.648217902017189693e-03 5.022891790934957967e-03
8.469820420267100067e-03 -9.471649383735642608e-03
-1.372902363526329501e-02 -2.773789830246837888e-03
-8.219091523706139636e-04 -4.932237356945866000e-03
7.286634529761640104e-03 9.051378747444362161e-03
-2.789436356752563427e-03 -4.298725952142063746e-03
-2.870415451651440065e-03 -6.846949330536126858e-03
3.942542422563081149e-03 -1.587091442322768799e-03
4.173489273373930759e-04 1.525063891399671204e-03
9.006386779904857615e-03 3.122453694634434035e-04
-2.673332287663435225e-03 6.764118159799896793e-03
-4.273020778032916508e-03 -1.233171899738702559e-02
8.114355448654321772e-04 -3.300616966042726422e-03
-9.427312089413299873e-03 2.989696768704816401e-03
6.497790795794690377e-03 3.485360948936484793e-05
2.717669581987027828e-03 4.695399029171910821e-03
8.871139512591005990e-04 8.096473537801926771e-04
1.139126291162362824e-02 1.203797856059994099e-03
3.820419106999247381e-03 1.364897057828393795e-02
-3.576382171621098754e-06 4.827006029568611453e-03
3.944729747855694156e-03 -3.451191336102197443e-04
7.389279397638226499e-03 3.328445580692833417e-03
-1.023159486993140740e-03 -3.363698324386255089e-04
2.162550812580645628e-03 3.786475709729087867e-04
-6.186535349001629630e-03 6.832132723830035281e-04
-8.298985159793877825e-03 8.179049169525160271e-03
-2.770548697530938239e-03 -4.319258207248733664e-04
6.393421621584515456e-03 2.492821688101137800e-03
8.517734096760952445e-03 -2.839138224333587462e-03
-1.151590880193522487e-02 3.456348429413927739e-03
-2.848797737730424193e-04 2.828664616827834301e-03
2.824226081490385613e-03 3.479403259272006478e-03
4.151153001478193744e-03 4.853908606299988174e-03
-2.204237762652027852e-03 -1.261918523066005507e-02
-5.888531623469835455e-03 5.306382507829564103e-03
1.137191223344240741e-02 -6.400094959293084473e-04
1.051415954891204464e-02 1.064999760469674192e-02
-9.496684058940172649e-04 2.531922178671282882e-03
6.580621966529668840e-03 -5.508894129825401588e-03
4.227773853464761311e-04 -1.139391325587662748e-02
8.253003269584670634e-03 9.144284391477720819e-03
-2.948903623261359087e-05 -7.427182485587988277e-04
-1.388441984917934517e-02 -4.144319660896394510e-03
-1.328344695906842100e-02 -5.793965557854651241e-03
1.072289789733296347e-02 5.734061447472515137e-03
-5.149005866626342638e-05 -1.805505129835264719e-03
1.338297846373377210e-02 2.875045641245668228e-03
-5.246079263238231406e-03 -4.793605361709907080e-03
-2.988371596578030982e-03 -9.817822324770398429e-03
-1.080413253124209430e-03 1.443158758582852941e-03
-9.153368942104465888e-03 -6.048829391684402285e-03
4.827804297982787526e-03 7.314527029164650217e-03
-1.411780956428748679e-02 4.898500857655621946e-04
6.311053469807201451e-03 6.013576647987554750e-03
1.465191432411536501e-04 7.759576801647485172e-03
-3.559855450458275072e-03 -7.425458179253805607e-03
1.205857411849192836e-03 1.207645602934432662e-03
5.310948812670996701e-03 -8.662928067875321977e-03
-4.197933160103509490e-03 5.158474307709401928e-03
-7.078359200300317344e-03 -1.194432212524070176e-02
7.359646184236104741e-04 1.327999834640135497e-02
-7.632216682332136799e-03 -1.097311571587273986e-02
6.848210617910008291e-03 2.417542415914952173e-03
9.261649747941410465e-03 8.097798709924254601e-03
-9.682575057450425182e-03 -4.795856571755314351e-03
1.408832052802233884e-04 -1.232568334321514449e-05
3.382793463561792509e-03 1.432608489374755795e-02
-1.079950234165183865e-03 -5.798340208443544461e-04
7.510348905777413167e-03 3.495305324785700704e-03
2.989760653457039074e-03 3.748843986489238354e-03
-3.112554467930603677e-04 -7.180668818723684845e-04
3.107716798384990448e-03 6.719716980724653108e-03
4.908400084365168760e-04 4.393355902509579920e-03
-1.015080684731847413e-03 -1.403636745043026351e-02
1.315270211183822840e-02 4.705202137766220649e-03
-5.174775507431721155e-03 -3.167285659312547418e-03
-4.073622519248424473e-03 -8.835615404185898081e-03
1.340976909665182173e-03 4.780353640447279617e-03
1.520817010318538387e-03 -1.425822975060743111e-02
-8.190113565494032410e-03 -3.151910497509640210e-03
-4.750657124269161728e-04 2.277457479048334080e-03
5.252769008622448256e-03 -2.837413918000109524e-03
-6.255524010011080660e-03 -1.105807032714993185e-02
9.465215177361787496e-03 -6.613032711716738087e-03
1.024265926590550366e-02 -1.783376337895917554e-03
1.703722415128369251e-04 7.303925652155836019e-04
-5.438117277730139358e-03 2.747158618218960378e-03
-8.134248856241969861e-03 1.137539249750042607e-03
-9.095652157014941924e-03 -9.851350762132407568e-03
-2.861666150478485264e-03 -1.879060095686150081e-03
-7.768725237026563070e-03 -8.476845415105106751e-03
-4.007156432985375417e-03 -7.670247539784606598e-03
4.608257092601535966e-03 -5.336334563019950843e-03
-1.181218822113207223e-02 2.098144282108267006e-03
1.259838161084738534e-02 7.699401326561390591e-03
-2.522645973788330796e-03 -3.683240053395200539e-03
-9.994341582266930320e-04 3.991382136975774389e-03
-1.168880361819547593e-03 -7.849959870937623339e-04
-2.909579826973698966e-03 -8.511571255089346241e-03
5.437989508226263868e-03 8.609777587628483081e-03
4.897383747457071876e-03 5.675881643423395101e-03
8.015366673395968658e-03 -6.242668513104215194e-05
-7.386166034426992072e-03 -6.132458830835380015e-03
9.641814145275617615e-05 -1.149066664675789064e-04
5.190677572939972687e-04 -1.518837164979047174e-04
-3.686816435566930492e-03 7.349652003355691514e-03
-3.496215537005719839e-04 4.928261840566761781e-03
-1.471036840268196734e-02 -2.226558208847583334e-03
6.330994936453474171e-03 -5.522544985294830858e-03
1.619581897950323618e-04 5.096446756785843329e-03
-6.506540096966283854e-03 -5.002742844338200177e-03
6.440074010704595689e-03 3.837374979938050143e-03
9.197163507023782721e-04 -1.251647647802874323e-03
-2.910968883852135900e-03 -2.442592916808865745e-03
8.091843348203814346e-03 1.135878828168490617e-02
1.008196236348367358e-02 -1.591865227115938503e-03
1.163466321527656389e-02 6.825475211812691637e-03
-7.268800677962950060e-04 1.021834314867036200e-03
6.032735671913929884e-03 1.256815819095349895e-02
1.218507208464199645e-02 -6.756613738329586560e-04
6.722638689679789371e-03 1.112367426024396880e-02
-3.477152049227170798e-03 -1.612269712721127500e-03
-2.500181932393724053e-03 -4.643445951545480815e-03
-8.207756345012875987e-04 1.171265671646740114e-02
3.398184451062621556e-04 5.506770689284440530e-03
1.443494008037894162e-03 1.041435667954319563e-02
1.336190347921896449e-02 -2.233726798883390978e-03
-2.723433289451261501e-03 -1.110365308315848423e-03
-8.345509779410655027e-03 -4.522440328158516820e-03
-5.334211122478990652e-03 2.312183319034395029e-03
1.234000527959902387e-02 2.717861236243806003e-03
-1.278995660637969461e-02 -2.181630126060409881e-03
3.789828204279498992e-04 7.171392613838339924e-03
2.047580261360843791e-03 5.960697532444214630e-03
-7.199093458985714178e-03 -2.777238442914474643e-03
-5.125472774058070953e-03 -2.603752838189831754e-03
1.184950052061686798e-02 7.658448760152639610e-03
5.159543940833331323e-04 2.652129533643961083e-03
2.537494231879309538e-03 1.440003899380820976e-02
-6.789104775941478404e-03 -1.228904212464411796e-02
1.272786517070380319e-02 3.500206879084677945e-03
-1.092103486874232594e-02 -3.942207173107359700e-03
1.514925533349069202e-03 6.837401760949324281e-04
5.289283039692497211e-03 -3.917715227315511466e-04
7.464159535617147581e-03 1.277592535234035181e-04
-7.602855415604759318e-03 1.126538738532360546e-03
8.639601873315676944e-03 4.638672166753452127e-03
-8.404615621370887515e-04 5.349059380571815356e-04
-8.057644411930251285e-03 1.201818010718546607e-03
9.974479826060903345e-03 3.670116101637238299e-03
1.930885403808025019e-03 8.277782405775084562e-03
1.787862932292804893e-04 -3.635661626355818007e-03
-8.887839846513433811e-03 -1.072130136050336233e-02
4.127299903206510523e-03 1.188309284273188909e-02
-1.586692308115966125e-03 -2.870670990662263673e-04
4.545702637967190783e-03 -1.994765030569155620e-03
-7.236661297479049341e-03 1.018004092651768333e-02
7.764350586440765464e-03 5.992900797680689520e-03
1.818692966344307750e-03 1.721875690683607411e-03
-3.842084879978317595e-03 -5.377814033139487540e-03
1.036419179300371654e-02 -3.639509373230257003e-03
-9.860435312759723361e-03 -5.206180504253449248e-03
8.214301913221436213e-03 5.456669687497294266e-03
8.089320773455477287e-03 7.828725465528017097e-04
7.237667045842701959e-04 1.782178935273687854e-03
1.940097723938645144e-03 1.122267886119671099e-02
-8.455547706913727965e-05 2.278782651175689788e-03
-6.204624739809078311e-03 4.127363787958842484e-03
7.765180506237347180e-04 8.875641932674774304e-03
-8.015238903892094036e-03 -1.129450952071640348e-02
6.053475406967222076e-04 8.342987204661615839e-04
4.636357071955712027e-03 1.475362023819327614e-03
2.446041529476611354e-03 3.618961292426696539e-03
-5.347798093196767973e-03 -3.116657753812792243e-03
3.323943160603732346e-03 1.483712190784119500e-03
-2.302970998901843723e-03 -2.389314667056901056e-03
-9.359456946273176509e-03 -1.913913705175514495e-03
-4.628869058157319971e-03 -1.795430656536314666e-03
-7.855468039388312923e-03 -7.440035072641966452e-03
5.547659370940286223e-03 4.589768567586713886e-03
6.456439095178457578e-03 -2.871740623777545038e-03
-5.599612448566145505e-03 -4.372280917994090556e-03
-8.448362127234567559e-04 -1.949038679366555792e-03
9.587545972875534742e-03 -1.158215100056906970e-03
6.407471611259957234e-03 5.898669981519976020e-03
-3.798673623574137445e-03 1.012768871468559470e-02
-9.200484350185502216e-03 -5.370389904094569761e-03
-8.903869681532144975e-03 5.321757669632470877e-03
1.423231709654769125e-02 -4.048907267808979880e-03
5.691655939433105417e-03 1.773429634102093727e-03
3.011889445395925236e-03 -6.545305338080597765e-03
1.119577628445896957e-03 2.214631659710466160e-04
-6.031602154041092005e-04 4.076735882463874711e-04
1.959576171624531193e-03 1.709550007340392185e-03
7.027459930097743404e-03 -3.241111989867392993e-03
-2.951059297093805954e-03 -6.122928250881180118e-05
4.585412070590459341e-05 -5.966397355156116342e-03
1.573903605812364877e-03 2.169176673212068647e-03
-5.350783686904127777e-03 -1.166958070951768997e-02
3.601670170033532351e-03 8.309059633093508757e-03
1.087564376699680715e-02 7.885611748837411186e-03
3.912590367371442807e-03 -3.068169114543600230e-04
3.126732227110491126e-03 -7.704190937056019234e-04
-8.746621391778060944e-03 -1.399683617426340180e-03
-9.118706986871878348e-03 4.488784121291843759e-03
-3.342367800866332186e-03 -7.373505101628517050e-03
6.161420963354813374e-03 1.058013096482615309e-03
-2.799574714803955162e-03 -3.197636848711560027e-03
1.103785749580095052e-02 -9.731813906070491821e-03
7.607437546147054978e-04 2.204828551116180292e-03
4.465984830442875156e-03 7.449694586037442293e-04
1.960502209543942779e-03 -2.336435551512880925e-03
-1.202622725805820025e-02 8.576121380761348584e-03
8.083094047032219134e-03 6.390899046836071712e-03
-1.652695375418628942e-03 -3.475427742893583138e-03
-1.980651156140701002e-03 -6.818322447470592622e-03
7.060397578996743286e-03 4.031536434969096826e-03
-4.838533444497651256e-03 7.166491059541185010e-03
1.329059972341109161e-02 -3.860046501281891654e-03
-1.156889927932053599e-03 -9.978056208233096469e-03
3.743016394273352299e-03 6.273741170322405698e-03
-7.537187597753382479e-04 -5.019044044059596315e-04
-2.324045983418013099e-03 -7.498087107187101710e-03
-3.192272275453557004e-03 -4.440934329549642463e-03
9.802383278215840573e-03 -3.252415517169598633e-04
-1.212298064896610850e-02 -6.429153791913085406e-04
4.375330396454353912e-03 -2.725157595784739439e-03
7.788666703671474900e-03 -3.059276218178419871e-03
-1.030184481832507881e-03 -2.039293979148846386e-03
4.644643354164988192e-04 8.466244038093767013e-04
-2.352736751234519273e-03 -9.298547087524093330e-04
4.695670393874157994e-03 1.229474194735670142e-02
8.261880340260928032e-03 2.755237420480933716e-03
6.695129498790445763e-03 -9.067951311869500153e-03
5.691655939433105417e-03 1.773429634102093727e-03
-2.028692602139218603e-03 -2.093897401027024902e-03
-1.060712907769762597e-02 -4.005160761949649872e-03
-3.146545924251527900e-03 9.496045211416848705e-04
-3.794171203484465217e-03 1.254697126262566522e-03
3.626321536719962803e-03 8.590826043653954774e-03
-1.630119972183185703e-04 1.030647500791487259e-02
7.720348541572324454e-03 3.867327035129118629e-03
-6.722766459187966108e-04 2.332619455975464603e-05
8.448362127234567559e-04 1.949038679366555792e-03
-7.591328000676290239e-03 -6.043528703179764684e-03
-1.366659695013225199e-02 5.241576843149129902e-03
-5.804311395855847600e-03 -6.306343569766363275e-03
-6.323842172110231974e-03 -4.131467073842392916e-03
2.891618205670124474e-03 5.987855648177410877e-04
1.116489819135621682e-02 7.540891749433314105e-03
-3.657199629829652708e-03 -3.264565953931131657e-03
2.078458354471894587e-03 6.344374427225332866e-04
-4.824690934770762066e-03 -1.011854027930537449e-02
9.000287822984901626e-03 -5.436664336100049608e-03
5.701794297483136695e-03 6.723405306704485600e-04
-6.468764778521101863e-03 2.730857418496641584e-03
-1.007009969910005465e-02 3.755741211824049994e-03
-4.999102577413675093e-03 -3.998934035525819261e-03
-1.318975887230961234e-03 -3.717566759171495039e-03
3.931813276048789878e-03 1.289392664638238511e-02
-3.803383523615084909e-03 -1.690199329159060987e-03
1.098374874427783705e-03 6.469626931688751345e-03
-3.213938048430914829e-04 3.830222215592767369e-04
5.700069991150909926e-03 -2.592624557468166217e-03
6.797646597158284263e-04 -3.433948272778833627e-04
-2.629202473291118291e-03 -2.467244283495976208e-03
-7.537650616716842430e-03 -2.996051264632630922e-03
-7.806165306016024479e-03 -6.876502251520391802e-03
-4.347900916011049159e-03 -9.131032670215774236e-03
3.974218784086947127e-03 3.975991149474372016e-04
1.158742003769516315e-03 1.886085090525407718e-03
1.254642853322152432e-02 7.916888976154012186e-03
-9.678663425823652924e-03 -2.889191749036890827e-04
4.340205422262741891e-03 -1.123977832933377788e-02
4.363802981525314109e-03 4.444909845928066670e-03
-1.153088482953065069e-02 4.096485694849044158e-03
9.811723367850334887e-03 -8.737281302142775596e-03
-1.649374532256117978e-03 1.441143863923155174e-02
1.145155033051738994e-03 -3.542755982321779337e-03
9.183784016256491337e-03 2.745562081389928220e-03
-6.502628465339511596e-03 -4.958054474865749087e-04
4.110264319822348050e-03 -7.567840639298786809e-05
3.354437945198942596e-04 3.022826071860702877e-03
-7.639960235139068266e-03 1.206082532853731265e-02
-9.209361420860972050e-03 1.018657066904039669e-03
5.371523421964575704e-03 7.444409723228333914e-03
3.910275272573593419e-03 9.808146985679392499e-03
4.769880032942779360e-03 -9.573831232653201920e-03
1.279811511908702766e-03 2.052944834618275656e-03
2.776312404995172345e-03 -3.153107900131189682e-03
-1.170604668153706193e-03 -4.049961075232838548e-03
3.002086336799683359e-03 3.889727191770141809e-03
3.187434605914530195e-04 3.979982491553817037e-04
6.457732033935429869e-04 7.786878512586344579e-03
-4.746026934665300429e-04 2.544646996222684658e-04
9.487088430290771188e-03 5.806690375405348936e-03
9.768982610357026045e-03 -5.574897197128064405e-03
2.785859974580942762e-03 9.125731981710676066e-03
-6.770217116719280323e-03 -8.422241993227608248e-03
7.109828081874268110e-03 -6.761866949755631837e-03
-7.655606761644794672e-03 -5.966924258868045242e-03
-9.233086749628780648e-03 -3.309094902511502435e-03
-1.806239513497218119e-03 -1.293792869125082873e-02
-3.504198221153187812e-04 -2.382688806425587759e-03
5.086308398736382776e-03 9.391309136359319264e-04
1.011927466296846934e-02 8.164727815144967246e-03
-1.127065642244289663e-03 9.860546674594016479e-05
-9.547790809088225680e-03 -1.055709196066156007e-02
-9.691324358622018659e-03 -9.763745806604148814e-03
6.987369516856644508e-03 -8.597483555680190612e-04
-8.721634775636479334e-03 8.216026219554342994e-03
-5.358399470205823731e-03 7.424129046060528453e-06
-6.920903430604043258e-04 2.025116219965180384e-04
3.579333898144161120e-03 -2.087670674602514279e-03
-1.351194978159893367e-04 -3.572708037512847389e-03
5.987855648183120286e-04 -2.891618205670805353e-03
-5.815838810784887403e-03 8.637238719464428345e-04
8.902273144703356763e-04 -1.994365896362353379e-03
-1.131184753817683977e-04 -2.509921156237062377e-03
2.532784331838362074e-03 2.582150949963554938e-03
-2.073157665966685829e-03 -2.196478384151388623e-03
7.467608148283533601e-03 6.657689429801093642e-03
-3.901062952442974161e-03 -6.863250530257765207e-03
-1.044079623731543685e-02 3.575230612261752570e-03
-5.937243568379224797e-03 -8.637079298566661609e-03
-4.589241663874674831e-03 -2.153801511409161006e-03
-5.524684251533825211e-04 -5.097771928912519027e-03
8.960995678159338826e-03 4.255649945193494890e-03
3.853612294906785807e-03 -1.792253408572637907e-03
-1.042973184134177731e-03 -1.571844050025425076e-04
2.923677875714351254e-04 -3.148733249544821353e-03
1.707761816255152576e-03 4.539268431590941970e-04
4.803152931296928232e-03 7.032760618603523320e-03
5.107814750814287062e-04 -7.142765730773947136e-03
2.431656290344087670e-03 -9.120830427412839406e-03
-8.354259080582248503e-03 -9.490329563007353017e-03
-1.195256034839565487e-03 -4.331727485793965444e-03
1.928362829060832661e-04 -2.298133329358381769e-04
-3.445140438246222479e-03 9.706364270969776442e-03
-8.228016653443089024e-03 4.714254455029632217e-04
-8.878755295886688742e-03 3.580531300765710592e-03
-5.858914817733346971e-03 -5.307835449459082262e-03
3.644075678072261626e-03 -4.187267898342120903e-03
-7.756064304228196468e-03 9.979812165953525459e-04
6.645698995912919203e-03 1.725452072855228509e-03
-2.548686397353198182e-03 2.103971874324833506e-03
1.063712919195197466e-03 -4.067986581287493832e-03
3.676678077515539191e-03 -6.248562899925187361e-03
2.963384980437021397e-03 2.021124877890350269e-04
2.439016534637244212e-03 1.916037145716475770e-03
-8.950985089612612314e-03 6.000197157221624257e-03
-6.672074668932936881e-03 -5.272183571555432054e-03
6.532915769986301531e-03 8.549474343038402854e-03
4.159598704583855264e-04 7.594042229680832146e-03
4.874584456608673996e-03 -2.697855884845419897e-03
4.730587888115855670e-03 1.184830486391998290e-04
1.450646772380565202e-03 7.603446204066516539e-04
1.223483783697045879e-03 -2.135121332135191119e-04
-8.220065620685671620e-03 -1.871635966641231434e-03
-8.617728620385331495e-03 7.781050920369777212e-03
-2.337760723639665909e-03 -1.569991974186844439e-03
-8.036904676870593525e-03 -3.023352975572631343e-03
1.443621777542558517e-03 -9.425795263024271250e-04
6.573006183225820311e-04 6.168110708735384702e-04
1.237198523921857242e-04 -6.141607266206487292e-04
8.000358994402685144e-04 -7.487485730177365073e-03
-1.193403959002102555e-03 -1.242369860350165355e-02
-2.608925757191056169e-03 -4.669422490359266542e-03
-2.351140214403664355e-04 1.369204658523343011e-03
-1.583706714408605887e-03 8.265855856638672228e-03
-4.462073198816103765e-03 3.761967938247880172e-03
5.759846332028381241e-03 6.203762586641999553e-03
-1.082808058369459864e-04 -2.048969318239851883e-03
-1.799342288163086057e-03 1.219316613056948108e-04
-7.023420528967668115e-03 -3.608886819127746053e-03
1.411482397058306734e-03 -9.042773041465674037e-04
9.485954912421445256e-03 -1.083820369800791820e-02
-4.766175881266493039e-03 -6.610111002761031099e-03
3.658588686705587087e-04 -2.804412384349129614e-04
-2.542922689888393352e-03 -1.481061846531909988e-03
-2.127298068885158985e-03 -3.220963043271314347e-03
1.473573832734197510e-03 -2.222854057170835576e-03
6.461401042422588309e-05 9.257338982107836400e-03
8.546424864578818642e-03 -9.407370622767138174e-03
-7.841338339260026970e-04 2.801362905889656207e-03
-6.328344592199903335e-03 4.741524514580633745e-03
9.859509274841672666e-03 9.252166063107863589e-03
5.485104916305370316e-03 7.931338100038189121e-03
2.092508344148697255e-03 4.040285736142513497e-03
2.892544243588394287e-04 -3.447199994034170697e-04
5.468404582376928426e-03 5.306510277332868002e-03
-7.791683948773051212e-04 -8.094621461960577191e-03
-1.011006234283784964e-02 -5.219831359723339954e-03
1.001158464558920018e-03 -7.264170488371600454e-04
7.387427321804845588e-04 1.142041669840394629e-03
1.685201656753745891e-04 8.822363682923271486e-03
-7.303286804626802665e-04 -5.508095861410653923e-03
-3.874224260462569812e-03 -5.339511810983627385e-03
1.635532022529230089e-03 2.873592699615007753e-03
-1.879060095686040360e-03 2.861666150479736867e-03
-3.394831956505409230e-04 3.827172737135116180e-03
-5.277292605804432928e-03 -8.801288698408462133e-03
1.044815648160995342e-02 7.461636960868703837e-03
-3.109105855263428250e-03 -6.507386424441719604e-04
1.627708759275687308e-03 -6.140282094088241917e-03
-1.146349270534955181e-02 1.215868000395920433e-03
8.022391668233402884e-03 1.640497461578717831e-03
1.069088628635201689e-02 -5.584572536218388589e-03
6.507386424436010196e-04 -3.109105855262747804e-03
-2.115435404500968890e-03 -1.057087058563883951e-03
4.943573117618126761e-03 9.043427714687515481e-03
-7.201408553782201807e-03 7.337725454220419760e-03
-2.715147007238693372e-03 5.880516705960194511e-03
8.362943915108647566e-05 1.767202907678724769e-03
-7.740290008217236284e-03 7.668794598154408428e-03
5.887605585551214035e-03 -1.260396948974468450e-03
5.604450118112329349e-03 4.833232755992442065e-03
-1.219117104156138345e-02 -5.073248331731215234e-03
-6.519328799268524210e-03 -3.120633270191215582e-03
3.172586347817756176e-03 -6.736816448860576817e-03
2.246978520145908285e-03 9.456801125644662132e-03
-3.123283614444105974e-03 7.300349269983292047e-03
7.660444431185534737e-04 6.427876096861829657e-04
7.885084845131605426e-04 -3.174182884640969855e-04
2.694407272178025461e-04 -1.655345719673340685e-04
9.066290890287563575e-03 -2.248303692272693270e-03
-8.295871796583214122e-03 5.375035919383293684e-03
-1.949102564118778899e-03 6.523304315647519142e-03
-2.273481962671161909e-03 -1.646596418498563665e-03
-2.512970634697325300e-03 -2.761336377399638102e-03
1.081771950195543723e-02 -9.002746512981585000e-03
-7.612067735737310624e-04 -1.818357716889727966e-04
-9.442160347504280349e-03 -7.727102171708192385e-03
-1.126139604324877860e-03 -3.947380092107332511e-03
-2.009804942917593415e-03 1.772902730390164827e-03
4.223718044659266306e-03 1.176818617626431210e-02
6.696390786165007207e-03 -3.779993444302536323e-03
4.041147889309021531e-03 -4.600258000784789199e-04
9.229973386416184464e-03 6.113108152652906718e-03
-2.335573398346481745e-03 -3.280196654749758297e-04
-1.257810489474481827e-03 -9.901579533424897765e-04
-8.809048076909100494e-03 -9.415050290822308404e-03
-6.005433960974499753e-03 -1.306741225110656657e-02
-1.309891336603645658e-03 1.058426590209689613e-02
2.562736387030001284e-03 1.301876419095146595e-03
-6.349419576716074445e-03 -3.672479255495669087e-04
-1.208865394318924154e-02 5.607547073653799258e-04
3.772505430505395004e-03 7.016459418881884104e-03
4.453196128140634799e-03 2.627079032750728391e-03
5.855801454522682400e-03 8.111848699600947982e-03
-3.641425333820052113e-03 3.406247427626782343e-03
6.837737010404256431e-03 -5.815311907072959370e-03
-2.865705551610492601e-03 4.970938713308527962e-03
-1.043771452548924745e-03 -7.468135051994891777e-03
-8.584998451436816683e-03 -5.637180287059591691e-03
-3.651403107004917194e-05 -2.445642395268557943e-03
4.193893758973434201e-03 1.691524501285736684e-03
-8.316946781098021740e-03 2.662634792542353454e-04
3.877800642634191344e-03 5.125057814150161487e-04
-7.810204707147678366e-04 -2.650344252889795266e-06
1.181517381483943203e-02 6.454778673596632023e-03
3.326130485896345353e-03 2.725684499496668339e-03
-8.662864183123668294e-03 -1.098941691559437994e-02
-1.123489260072668564e-03 -4.728400562822671072e-03
5.247340550613365309e-03 1.008156322927619003e-02
-6.728674343816970146e-04 1.340325517983440712e-02
8.308069710422553641e-03 6.122783491744374085e-03
7.336400282094315654e-03 7.591918789139871088e-03
-3.905102353569890519e-04 -1.325172125533788338e-06
-8.413364922550778391e-03 3.811701457218140757e-04
-3.614842180847616451e-04 2.764385855859330301e-03
3.380941387721036638e-04 2.241805601145364316e-03
3.783234577019687142e-03 -7.464558669823270244e-03
5.981708632206691155e-03 8.739660281691026197e-03
-3.902787258775200496e-03 -1.012821561839638042e-02
-7.881971481913566113e-03 3.701696345041328821e-04
-1.110465883151778854e-02 -7.674973847498932009e-04
2.650344252209404193e-06 -7.810204707153387774e-04
-1.120498860459788644e-02 -5.159528115133259728e-03
4.982402243485234070e-03 1.374106212820497925e-03
9.288009013291229077e-04 1.305018501346619751e-02
-1.142839938255251365e-03 -6.572207914813115934e-03
-6.725752052892384689e-03 -8.319661010102565382e-03
1.970768337099210003e-03 -1.479446086079082637e-02
3.257684554288885464e-04 2.100922395865140874e-03
-1.131440292830086618e-03 -2.385339150678477283e-03
8.665977546335693754e-03 8.185403665453654803e-03
8.469357401306715563e-03 -7.448656604309575151e-03
-8.523242265212784127e-04 -1.628970046650249403e-03
1.457671767219932343e-03 2.463268767116872423e-03
-4.587517357542448063e-03 1.111163576729453338e-03
6.832436321899046372e-03 -4.253270965644103709e-03
-4.800295107093443051e-03 1.287709854294881960e-02
-6.380632919280914209e-03 -4.374931262246979646e-03
-6.127094257577948150e-03 1.456569900740740248e-04
1.036280273612527961e-02 2.429468965050223493e-03
1.096205131990340628e-02 -2.485142020045966703e-03
-1.370801195352374519e-03 -1.485701531542699474e-02
-5.143434395362215736e-03 -1.051653852846075668e-02
-1.115210948905261644e-02 -9.423001323579156818e-03
5.776546665957393856e-03 8.828590409346640661e-03
2.471283684625371919e-03 -9.479201282286828928e-03
1.333951914824016232e-04 3.077429493730912723e-04
-5.183652578107190122e-03 3.221761311686061578e-03
-3.252176385836835423e-03 -1.880385267812825344e-03
6.428211346320406028e-03 1.673498995230619530e-03
-5.617238820414569705e-03 -2.951123181845458337e-03
9.466348695231684152e-03 1.003186136169584644e-02
-9.242762088719784844e-03 -4.230998578507064872e-03
-4.373941339575916111e-03 -3.343820742495740624e-03
-2.528872700211590684e-03 1.924786446888069463e-03
-6.772532211516340411e-03 1.692721903907967035e-03
-1.105270575389249998e-02 -9.849850343418365198e-04
-2.019017263048213107e-03 -1.171993725031462898e-03
-7.573701628827866038e-03 -7.464686439328396469e-03
8.066856732062231000e-03 1.743078444704223434e-03
-8.733832689475820588e-03 -3.281793191573323908e-03
4.448358458594451822e-03 2.166127194752376015e-03
-2.602363781310714375e-03 -9.435055642218386027e-04
-1.197103304771644089e-02 -5.802315724819442043e-03
6.557567136672161692e-03 8.831240753599530618e-03
3.370132530763426774e-03 4.851258262047098216e-03
9.573831232654454390e-03 4.769880032942669205e-03
-1.392854966355302343e-02 5.087042782398336176e-03
1.722737843851367048e-03 -1.862104222741989192e-04
1.093647391529813627e-02 1.279077128246179293e-03
2.563199405989026632e-03 -7.211163603320609001e-04
-6.600306730266260018e-05 -3.188360643827356771e-03
6.385007569866710947e-03 6.858875879671396877e-03
8.164200911433609070e-03 -2.417813780618450949e-03
7.443419800556699654e-03 4.352930239812759575e-03
-1.208571144420959517e-02 -4.821756060597134907e-03
-1.057473487798988102e-02 3.066704088857419644e-03
-1.196022247243361605e-02 -8.027156787419983952e-03
-1.046290570553216025e-02 3.428087808091134607e-03
8.718635839798778014e-03 -3.831100546040973223e-04
-1.486313896644403734e-02 1.291672450063549799e-03
6.292168338833310803e-05 1.383431251827746226e-02
-9.490470935691396742e-03 -9.707466926606851676e-03
-3.495870008804474825e-03 5.143473660202210578e-03
1.293791655018067081e-02 4.242175495855603912e-03
1.883239944721562791e-03 -1.250113217472090948e-02
-1.932865144621554506e-03 6.722542132608692010e-03
-9.152194970104374216e-03 -4.753095844725986792e-03
4.807382228069498852e-03 1.241268270828461105e-02
9.854802159469343292e-03 -1.023504996830188266e-02
-4.384140883800740837e-03 -8.816799308863337847e-03
1.491017535174867480e-02 -1.443755442931781655e-03
-1.038541486135122725e-02 -8.701011564317172667e-03
-9.844285808202514823e-03 6.354524659133836337e-03
-5.773759442092686947e-03 -3.904348555494643967e-03
1.203424150175519576e-02 -8.291154263834220328e-03
-3.626807802393655113e-03 -1.391739088991299916e-02
-8.129915887883028963e-03 -1.218392903163083470e-02
-2.740380604611809129e-03 -1.442106535725895880e-02
-4.519310389271512934e-03 -3.056770739898471371e-03
-8.039274657289558618e-03 -5.715990683063160507e-03
-1.205961389821534266e-02 -1.386769398582391901e-05
-1.384929663544782162e-02 1.394251208807162747e-03
9.866660353067997768e-03 -5.319640710150549956e-03
-2.803309429921549441e-05 1.386190116279005340e-02
7.250859132221927107e-03 -4.978526158694202572e-04
-1.190845854947015538e-02 5.945752173793013295e-03
1.896398494824487468e-03 2.543851597474916515e-03
-8.410721161201433621e-03 -7.551292740956872494e-03
-5.260320023881542330e-03 8.035665840611922947e-03
-8.471279791289332631e-03 1.030925799205167914e-02
3.201172959434009629e-03 2.526450310063669148e-03
-7.769872187091883368e-03 -9.722431896889142944e-03
5.982613803195853917e-03 1.208833182044307666e-03
2.136449483990297826e-03 -1.253798639669403622e-02
-1.246895823250204760e-02 7.625483139554884750e-03
7.394891227273843199e-04 6.613478736646688852e-03
-7.474685086241192149e-03 -1.268600891324936884e-02
-5.454585181744517515e-03 1.035123794301591633e-02
1.215491004457276529e-02 -3.626380544325691953e-03
2.997797184189729403e-03 1.227529701964958156e-02
-7.916309453293787768e-03 9.403000096934756996e-03
-5.568242372334112483e-03 1.341473610105016652e-02
1.089768802570851257e-02 1.078110110865296940e-03
5.840904609279228693e-03 1.306294284577863042e-02
5.757200280094282698e-04 1.133813761602573029e-02
