-7.986675905578891760e-03 -6.505805713304331321e-03
8.005305697946548532e-05 6.594208937247336005e-03
-7.710337953026167798e-03 6.388520067286680530e-03
-8.307862230474437120e-04 1.456809614051601982e-03
9.679126444782679140e-03 -1.734073604523518088e-03
3.172921597271546011e-03 2.597126977558518023e-03
-1.678272780022538931e-03 2.887914053997046307e-04
-2.023391913634009845e-03 -3.655938342455880563e-03
-3.561244507336711572e-03 -1.356479840973325328e-03
-8.980346356339988928e-03 -6.099457297183477449e-03
-5.765147020533589566e-03 -4.641721645213143892e-03
-8.139549544747180787e-03 2.699580191178898268e-03
-3.794634222443490565e-03 3.277689905689773909e-03
-8.245978274746663950e-03 -7.441360244768642149e-03
1.299637986000219507e-02 7.380657865970616932e-03
-6.459887707846203621e-03 -3.658189552501287401e-03
2.524370280120557999e-03 6.948205141533814883e-03
1.306330896522426947e-02 6.523032950944700377e-03
-8.374998815643266287e-03 -5.265158576717315214e-03
3.823197220756121683e-03 1.511013901722978040e-03
7.607437546147054978e-04 2.204828551116180292e-03
-8.555046396245749932e-03 -6.917454817927319588e-03
-1.764089544466809246e-03 -2.720383810990888857e-03
1.406101881711680282e-02 -7.333142741701489248e-04
1.824456673808541856e-03 -1.863158030172455638e-03
-1.679071048438646619e-03 -7.022159241593786683e-03
2.441666878889454158e-03 1.135016675001136776e-03
-4.902684435960919310e-03 -4.113840701993397991e-03
-5.344349480529021063e-03 3.413272422466039763e-03
-1.663296752427685351e-03 -3.513458600347304757e-04
-1.079201432784629086e-02 -6.118408841158004888e-03
-6.460222957299992588e-03 -1.299213297892038224e-02
7.085511964642987950e-03 2.290310066104158434e-03
5.704444641736706664e-03 -1.086799400437485526e-04
2.241677831642060852e-03 1.101884206707465924e-02
-5.573236775546127827e-03 -8.255494192938870116e-04
-4.386267022918560396e-03 -3.484703947776644512e-03
-1.174790946016356780e-02 2.021539837796547563e-03
-1.378879997613668279e-03 -1.157017697435357715e-03
9.803181546630016646e-03 6.985709095276069688e-03
1.073535135017948325e-02 -5.481991553094025735e-03
-8.411177597257594660e-03 1.623142454433682252e-03
-3.453426720458791042e-03 2.715482256693733942e-03
-6.956667252300935932e-04 5.029517651565591253e-03
-1.160033650949912794e-02 -5.621805125256684049e-03
4.733238232367494025e-03 -6.625374220754582863e-04
4.291237938344241547e-03 -2.469367724036257254e-03
-5.159543940833331323e-04 -2.652129533643961083e-03
2.788973337793537646e-03 6.321718731569270916e-03
8.858015560826239948e-03 6.446396855236454643e-04
-1.394790034173367527e-02 3.243235430408354485e-03
-1.912923782503880019e-03 -3.649967155041598538e-04
-4.054862629532034147e-04 6.388120933077594092e-04
-8.238490260948271027e-03 -7.761428877485628333e-03
-6.389046970997357827e-03 -8.877070675578687536e-06
-3.088493889707644678e-03 6.481026577112093331e-03
-3.422676396852976626e-03 8.746158372818354718e-03
-1.351194978159893367e-04 -3.572708037512847389e-03
-1.489348128743798322e-03 -4.447959324387078424e-03
7.248060942902282040e-03 -5.993172162383507418e-03
9.609402818133751245e-04 1.301188279131033736e-02
-6.326492516361519047e-04 -3.350446603130917476e-04
4.521386520734549733e-03 7.057411985289491901e-03
5.566674799667147358e-03 -2.900367506842399263e-03
-2.409862747860352233e-03 -1.050726232357723257e-02
-1.226121350999469228e-02 -1.411610166562752948e-03
1.968117992845639166e-03 -1.401344039007663272e-02
1.027513389584490747e-02 7.512264866368459880e-03
-9.322942915203125819e-03 5.317286900930430146e-04
5.423269019638589893e-03 -1.346395755863128915e-02
-1.309300548141316411e-03 -2.795663083177074050e-03
2.167388482126829038e-03 8.395994089712607291e-04
6.879088711019127472e-03 -2.908717673807190065e-03
-9.308302137062062290e-03 -9.442352001760486932e-03
5.692917226807666861e-03 7.061387501669057556e-03
-8.281358787944445750e-04 6.757891433380852067e-04
4.167581388731314562e-04 1.490499287667318082e-02
-1.337400527493560858e-03 -9.607359670015892805e-03
1.172456743991168475e-03 -4.042010042474849553e-03
1.408959822309972278e-03 -1.148019303927867371e-02
-9.058339857530146172e-03 -9.475771987150095194e-05
1.016029111412955141e-02 1.737378621991640844e-03
8.674391598052137373e-03 3.819349473882253411e-03
-6.401500423845236758e-03 1.120717592988982117e-02
8.098996112546483217e-03 1.704776222548363713e-03
1.044782123215423283e-02 -1.872306465550852006e-03
-5.779197010210963825e-03 -8.047569938632443548e-03
-2.665381254906016954e-03 4.421056747655702571e-03
-2.619527134194098942e-04 -1.545340607496527123e-04
2.802225059056164674e-03 2.416616377996221032e-03
-9.229510367457158249e-03 -8.136100932080113021e-03
-6.042538780508810436e-03 -2.133125661101615764e-03
3.111165411051376901e-03 1.324964715700234150e-02
3.341441762946919733e-03 1.141949066048178994e-02
1.146475399272411239e-02 4.072089867171044264e-03
-2.244455945397573829e-03 1.119114609487442550e-03
3.734746519728259287e-04 -1.195744607699934445e-02
-1.322089250442986044e-03 -9.135535090307705507e-04
2.007489848119744461e-03 8.342061166743588996e-03
7.988863230872075491e-03 7.747778022016199063e-03
1.475761158026810734e-03 -9.808817484582865211e-04
-1.028493700443978802e-02 2.922767663483422877e-03
-9.945916827748271793e-03 1.118587705775513433e-03
9.045215905772755957e-03 -7.357076132401752476e-03
-7.946250242882070547e-03 4.467740788158523248e-04
5.426717632306335935e-03 -6.934027382352456713e-03
8.283881362695149839e-03 3.818024301756719162e-03
-4.800039568084332048e-03 -9.836773868744926735e-03
-1.055875238224338736e-02 6.043576180263391176e-04
-2.194227174105872064e-03 -2.363338128244256344e-03
-1.158278984809130076e-03 -3.909077869951473223e-03
7.929086889992671694e-03 -1.048609122094427710e-03
-3.222224330645196214e-03 -3.160659798681233687e-03
-5.024216963060491349e-03 -2.257707666660200424e-03
3.565187790347036124e-04 8.131598511989761649e-03
-6.005098711519349895e-03 -3.733468824686330713e-03
-9.777604142024744899e-03 -1.074992824356821482e-02
-9.148786811561950786e-04 1.712599485801226265e-03
-7.792961643811801772e-04 3.262314743886866701e-03
1.354851303570042687e-02 3.144486368462899237e-03
-1.039401607869147939e-02 -6.437152301748778546e-03
2.394088451850752072e-03 3.836448942019319436e-03
4.120402677872379328e-03 -1.176767509824633035e-03
-4.299061201597785195e-03 -6.544507069666992416e-03
4.738874170328423799e-03 7.109365062915242763e-03
2.422906989172493759e-03 -1.408871966226167560e-02
-4.794403630127132905e-04 -2.064871383760835308e-04
-7.327986230376511145e-03 -1.195797298071013016e-02
-2.826876425742023968e-03 -2.698382788557348363e-03
-6.021000777033614845e-03 9.526539996013772861e-04
-1.927899810100665214e-03 2.751405499298137077e-04
4.736223826074853829e-03 7.890385533629439008e-03
-7.439045149970902916e-03 -1.868985622388341910e-03
-4.124314309499150719e-03 -3.330169887026991366e-03
-1.593254283994947028e-03 -4.012984025202512642e-03
-9.683964114328862116e-03 1.273121766525166579e-03
7.273047559043862784e-03 3.622537674597176190e-03
5.765147020533589566e-03 4.641721645213143892e-03
6.586720923449624829e-03 2.400155757380922905e-04
-5.273380974177661537e-03 -4.294351301556836864e-03
2.755444900430848928e-03 1.242899929200561027e-02
7.014671227796073771e-03 -1.359002415721089277e-03
-5.845663096472081266e-03 -9.212937803033272727e-03
5.291007346026084870e-03 2.873193565408205079e-03
1.630694352984408003e-03 2.412640861617797693e-03
3.064177772482378479e-04 2.571150438751583153e-04
2.431991539799808685e-03 2.131129990067164373e-04
-7.633940988663440695e-04 -1.423808080401521743e-03
-1.343804490457029682e-02 1.464552584888208220e-04
-4.763988555973308441e-03 -5.368138694049162489e-03
7.009705788746015305e-03 9.536981952128003107e-03
-8.008341678563757685e-04 1.765350831838735429e-04
2.894268549923123719e-03 -1.822349058957753627e-04
-1.174605738432610638e-02 -6.070431279911140537e-03
-5.022877129170133167e-05 3.482452737731699111e-03
-2.931245599952198456e-03 -2.404147099455751935e-04
3.147008943211914139e-03 -2.972597300567750376e-03
-8.795461106191324041e-03 -3.986209217975120699e-03
2.567701826078698426e-03 -9.594107948755087670e-03
4.389380386131156581e-03 6.806906976352402293e-04
-4.116028027286581722e-03 3.660712127249051134e-03
-2.389841570768829956e-03 1.000443188125254255e-02
-3.706502363203302911e-03 -3.828098775053847321e-03
3.948848859427862238e-04 2.485269789549951480e-03
-2.916604821812495384e-03 -1.021449540180024637e-02
5.327521377096134693e-03 5.318835960676763022e-03
-4.909374181344565435e-03 3.517178577715937299e-03
3.166359621393135832e-03 -1.128789948578448046e-03
-2.573800782998083257e-03 3.845198243190913346e-03
-4.661886417506573652e-04 -4.111589491948453023e-03
3.024550378194290536e-03 2.929521293619862399e-03
4.606405016764072817e-03 2.755636554687736391e-03
1.039061552507406123e-03 -4.349752991849082165e-03
6.335272304909263068e-05 3.969381114541553450e-03
-3.449387319328715319e-03 -4.134516552301404670e-03
-7.916218477243954030e-04 3.121431538606642825e-03
3.070404498900194696e-03 -3.036876061536254376e-03
1.208209196731026107e-02 -4.286671633501666634e-03
-1.921673083676045087e-03 -5.332885950352314955e-03
9.023885382249406326e-03 1.024802383916225551e-02
1.141936289097723357e-02 8.015494442899954303e-03
4.957750876798804052e-03 1.092339802260051040e-03
-1.316788561937777286e-03 -2.475594450459625995e-03
-9.532479532037650000e-03 -1.863285799676440199e-03
-6.872526735136501915e-04 6.634634599941897524e-04
5.162449824089076870e-03 3.026402454031643964e-03
7.039657843937084658e-03 8.256707421260275209e-03
4.062222873823830883e-03 4.648746640050578985e-03
2.865705551610492601e-03 -4.970938713308527962e-03
-1.742088522032588524e-03 -1.657596929715103194e-03
9.153368942104465888e-03 6.048829391684402285e-03
6.956156174291803877e-03 -4.867431692265432666e-03
-1.463898493643192231e-03 3.144757733166397579e-03
2.755700439439388340e-03 -1.028487311968745432e-02
3.784958883352484635e-03 -4.199593581685336779e-03
1.161796288134755301e-02 4.200647389108051397e-03
3.845533492646063638e-03 1.190774420941831911e-02
3.445938706660969277e-03 -2.395413623977427336e-03
-1.948176526200727987e-03 2.477318756793103934e-03
-4.058311242197059493e-03 -1.418092431989545835e-04
6.846023292616824560e-03 1.175570107203083563e-03
-2.783209630329303540e-03 -9.906752452425334615e-03
-1.350762435404400871e-02 1.785100644229395059e-03
-1.779528591022049282e-03 -5.725376613038813626e-05
-2.857754518853074764e-03 2.627877301164333306e-03
-9.680387732157241451e-03 -3.553884263043444874e-03
6.576582565399021960e-03 1.341104679170417903e-03
9.728764427611480067e-03 8.163402643019434732e-03
4.748549509419429729e-03 8.031268738910805199e-03
-1.150610569333898429e-02 -6.978684100436810533e-03
-4.212781418195059822e-03 -5.558324632702926413e-03
-2.044466898148818764e-03 -8.764710782584939769e-03
3.272453101936897979e-03 -3.217929390504647730e-04
-2.090321018854723358e-03 -2.798313427428822560e-03
-5.848441210228164967e-03 2.925018873529509726e-03
-3.157482550717666432e-03 -5.260257022420161167e-03
1.241908423960216661e-03 5.676280777630197776e-03
6.846023292620116198e-04 1.175570107204686882e-04
-6.103704178265289410e-03 -4.860534466930620592e-03
1.422083774067363143e-03 -4.028359187005420283e-03
-9.209776380755796930e-04 -4.036310219762946974e-03
5.007181379676328876e-03 -9.701063582464676538e-03
3.123618863899256266e-03 2.033594156436944241e-03
6.321654846817618099e-03 2.889494765129844295e-03
9.621218587405368228e-04 -1.374797517923782159e-02
-8.108208432677102909e-03 -4.649672677969991438e-03
-2.874454852782086945e-03 3.049478459692415641e-06
-1.215868000395349709e-03 -1.146349270535023182e-02
-4.834494043367004376e-03 3.164922505453655194e-04
-2.063817576330831058e-03 -1.060851813457606291e-02
-1.187680223155629725e-02 -7.159194699999570262e-03
7.964595172705787049e-04 -2.660479700608291316e-03
-3.873298222544518683e-03 -9.385497369838041726e-03
-2.641991175593359081e-03 -5.851347093489922633e-04
-1.683445699024443791e-03 -9.506103859018202179e-03
-3.706965382167419563e-04 -1.805105995634390353e-04
-8.531784086437756848e-03 -5.667100690863926399e-04
8.503093318621250674e-03 7.134942467521084367e-03
8.075270783778676353e-03 -2.622975746867178826e-03
8.924609416592593769e-03 -9.546928655921826934e-03
-2.126499800471201487e-04 4.089987603719211781e-04
-6.109595655234759462e-03 1.008143545977174468e-02
1.237996792333444836e-03 1.169343380778572940e-03
-1.577943006944372215e-03 4.680822135782608528e-03
8.112710852768136027e-03 -4.223318910451892907e-03
-2.455381619111106535e-03 4.793078457999120495e-03
-9.909865815637249054e-03 5.587222880471278547e-03
-5.426717632306335935e-03 6.934027382352456713e-03
-5.969334889808493132e-04 -5.200352912036882748e-03
2.659282297986632557e-03 -1.016996645321987733e-02
-5.423300671027805192e-04 -6.198861032344844639e-03
6.858348975960040436e-03 1.316453312483307006e-03
-1.257810489474481827e-03 -9.901579533424897765e-04
1.329242014786228242e-03 -8.740458550106453006e-03
-6.520479888791558612e-05 4.122590003164992335e-03
7.300812288942317395e-03 1.100290835016898804e-03
-1.066363263447406545e-03 4.849007052002833260e-03
3.993697231772833610e-03 -9.115529738908882684e-03
1.171993725030782453e-03 -2.019017263048783831e-03
-8.846615915402436525e-03 3.542229078609851305e-03
-4.389843405090181061e-03 1.342302081791967158e-03
-3.485230851487892967e-03 1.208772790526982908e-02
8.183551589615620930e-03 -5.740064286273265093e-04
1.845994677283737447e-03 1.222621630530537412e-03
-2.303769267316019796e-03 -9.700265314049929741e-03
-4.452733109180248561e-03 -4.650071812176793246e-03
6.439147972785184103e-03 7.883360538791323036e-03
1.206433782595660135e-02 8.491422308493267596e-03
-1.430833075239528211e-03 -9.395300478427348178e-04
-3.799934910948699323e-03 4.839730847118629137e-03
-5.980447344832919010e-03 -3.451702414125883828e-03
1.163293890894376639e-02 3.560510123674759039e-03
-3.967193789248940443e-03 1.305325031761641252e-03
4.221993738325678647e-03 8.503221088124554572e-03
2.522310724333180938e-03 -5.650703373025036183e-03
-1.342238197039744702e-03 -1.006831150801424345e-02
4.573004348905259156e-03 -2.494019090723367717e-03
-1.804179957707908576e-03 -3.390201766915153583e-04
5.316584750631927342e-03 -8.910255828846209286e-04
2.621714459493296526e-03 2.787312916212282814e-03
-5.243684457992058099e-04 1.713924657926760298e-03
-1.796101155447187708e-03 -1.403901779468247346e-02
-5.339384041480323487e-03 -7.482711945384194069e-03
-6.731515760356619228e-03 -4.734627289246501683e-03
-8.230666997694726511e-03 1.252445916217621337e-03
1.172791993446318983e-03 5.291933383945387169e-03
4.446506382754619909e-04 1.025809831245459757e-03
4.837669544822492630e-06 4.609518379972101692e-04
4.996915252121062953e-03 2.756961726813270206e-03
-4.339279384343330305e-03 7.193792770480504986e-03
5.671842242292068209e-03 1.952615061538176674e-03
1.996090202695940605e-03 4.155192402610092227e-03
-7.816303664066626480e-03 -5.775413148088066190e-03
2.611544450052336042e-04 -7.156416586243377273e-03
3.318642472097952430e-03 3.045753132213654957e-03
-2.140086771187399341e-03 -1.338853469124330620e-03
-4.151616020442091821e-04 -2.830915826878028108e-04
3.680589709142310581e-03 -1.741625503073563177e-03
-5.638680705766152199e-04 -9.284640693046696674e-03
2.367249759870347723e-03 2.312710222745181614e-03
-9.554480554471871806e-03 -2.926072680952225644e-03
-8.092482195722482292e-04 4.542589274754595466e-03
8.495605304822857751e-03 7.455011100238070551e-03
1.340178641250435159e-03 -2.530597006545069055e-03
-5.201151180451739700e-03 -6.714017158012751396e-03
-6.476252792315764263e-04 3.050926051220236414e-04
-4.278225348425743202e-04 -9.757918214388263192e-03
-5.282130275349255014e-03 -9.262240536405671326e-03
1.697288208749399632e-03 -7.778927479828817021e-03
1.456292322152197283e-02 -1.487033033947309825e-03
-1.125176876322184216e-02 4.852854798877270955e-03
9.116391892075390718e-03 5.626179775843051512e-03
-6.919977392676904780e-03 -2.020869338886246546e-03
-1.213093168172352590e-02 1.700146032952884814e-03
5.971570274156090888e-03 9.840749385123350942e-03
7.266820832620602896e-03 9.230564174880445324e-03
-7.405181463152492316e-03 1.357677243594875016e-03
2.754646632016101698e-03 5.118048645013261594e-03
-9.175034715083536102e-03 2.222327153460048558e-03
4.646958448964769520e-03 -1.648719859039524506e-03
-9.356806602020966562e-03 -2.694934175890853489e-03
-1.178177314698140681e-02 -1.205123028187349808e-03
-1.871572081889008761e-03 2.541597517761608367e-03
-6.443059604411955493e-03 -1.239029793564294830e-02
-3.812979152263695770e-04 2.943571283296093910e-03
-1.170954335325548670e-02 -3.624788884643262606e-03
-1.449069342779605099e-02 -9.326328225086029725e-04
1.986542633108810164e-03 -8.123647479232914970e-03
-8.501369012286652972e-04 -3.869977379377002934e-04
5.419692637467539084e-03 -8.636951529063357710e-03
-9.231362443294621398e-03 -4.412981437242578797e-05
-1.816505641051123802e-03 -4.799033819717388009e-04
-2.283157301760806515e-03 -2.568500094492984220e-03
-5.907419282692821100e-03 1.439582376411231626e-03
1.562839209844282470e-03 7.316251335498128588e-03
-1.361253625766605403e-03 -2.578175433585131598e-03
-2.694407272178025461e-04 1.655345719673340685e-04
8.482018334105081298e-03 2.026170027390884146e-03
-3.639573257982589398e-03 -4.685723690080905758e-03
-1.509960094299010736e-03 -1.157972454394402481e-02
4.545111849502929055e-03 1.138516395470435399e-02
1.398752773601632041e-02 -3.601606285281199957e-03
-1.196400805287707418e-02 -4.099391578109222792e-03
-2.243194658024372408e-03 6.407072477053264714e-03
-3.104268185717244839e-03 -1.897868044458200180e-04
-8.228351902905964906e-04 -8.862517980919120113e-04
-1.749576535830410506e-03 -1.337528296998796804e-03
5.093333393573818736e-03 2.642055060345691042e-03
-2.231204224136307691e-03 -2.785987744086748999e-03
-6.881276036313672094e-03 1.666745365094180007e-03
-9.053965206944347699e-03 2.389186897552916713e-03
5.904641168935376508e-03 1.069837430015040981e-02
-2.999435992548044570e-03 -4.670747662484800791e-03
-9.026200477045893955e-03 -1.330599420273602396e-04
-7.590194482805470060e-04 1.060136537022895922e-03
1.252972819929659308e-03 5.292061153452797158e-04
1.211629090358246237e-02 8.273934658900646000e-03
9.052240900610762642e-03 -5.654151985692672938e-03
7.843605375004693986e-03 5.276159087933855393e-03
-2.480831254213073517e-03 -2.799638599555497823e-03
-2.720319926239236907e-03 -3.914378558456572260e-03
3.930216739218505249e-03 -1.727974647604133690e-03
-5.698217915312086754e-03 -5.499346560238380435e-03
-4.692221781207772842e-03 -5.764811771079010431e-03
2.263343604620559908e-03 2.747685521930889278e-03
-8.272353947766680760e-03 -1.098809174346884569e-02
2.922831548236325995e-03 4.606468901516296358e-03
4.561939952936606459e-03 2.653055571563372669e-03
2.597989130724917203e-03 -1.540439053202579062e-03
-2.607201450857468510e-03 -1.404457402219510317e-03
-4.350216010808897679e-03 9.839312269179787199e-04
-8.534434430689965059e-03 2.143104016289467881e-04
4.078923207752271907e-03 7.273574462755900971e-03
-1.205059143434445822e-03 6.103305044057916878e-03
-1.083063597375848001e-03 2.224179229297511273e-03
3.310691439340971961e-04 5.388814544362854290e-04
3.882175293219988083e-03 2.996450398839434030e-03
-1.537517344247551869e-03 1.163340192790279087e-02
2.360224765032912196e-03 6.097860760354226065e-04
-1.458711156924880764e-02 -8.177261560410242422e-04
2.419665856455233219e-03 7.222979372535132982e-05
4.633706727703502948e-03 2.256382494534667042e-03
1.571253261560726089e-03 2.950197143926727196e-03
-4.010732815156996083e-03 -2.843241510215995579e-03
4.765377612851746242e-03 -7.008396442313180076e-04
8.160624529261988405e-03 2.409192248950160938e-03
-4.589832452338935692e-03 1.122612747386434774e-02
5.986546301752874999e-03 9.200612119689376839e-03
9.227323042164545241e-03 6.894128623367565267e-03
2.728398728499959510e-03 -9.785619059534384975e-03
7.677687494521408078e-04 3.907752697825939842e-03
2.726083633703471013e-03 3.293448376005096451e-04
-5.824204803444503562e-04 -3.817497398044791129e-03
6.178009935451731632e-04 -1.038175428009991720e-02
8.576249150264871708e-04 6.692910522139390367e-05
-7.044160264030486108e-04 6.162841671561431313e-05
-1.232568334321514449e-05 -1.408832052802233884e-04
4.182031094589244540e-03 -4.723514834216941457e-04
-6.643974689578760820e-03 1.539513015283848138e-03
-5.712730923949275660e-03 -6.882202074232294381e-03
-5.821474748745246452e-03 -6.908178613044938660e-03
-1.408832052802233884e-04 1.232568334321514449e-05
2.466781264535699257e-03 -6.062096938638015077e-04
-4.148502657226555389e-03 -5.634929077014645855e-03
-1.702924146710329840e-03 7.024994838115972140e-06
1.820880291636921191e-03 2.963847999396156032e-03
-4.474271112655444152e-03 -7.735851472879786729e-03
3.011170887430292525e-04 1.819155985304013543e-03
-7.804904018641461300e-03 -1.588544383953428406e-03
-5.360459025995133707e-03 -1.259148438551325154e-02
1.369667677483048804e-03 -1.787878757986270011e-03
1.223946802656642168e-03 -2.236504912641406728e-03
9.281591214586893887e-03 -3.438322923359953334e-03
5.906157995317688064e-03 -6.727540243977515010e-03
-9.563820644107726143e-03 5.485967069472449942e-03
2.099996357954816853e-04 3.720217103427372082e-04
2.949670240215369020e-03 6.130207620789291864e-03
-4.624494407571522366e-03 6.885139608881029986e-04
1.277161167656493471e-03 2.833965305333614217e-03
1.273121766525056424e-03 9.683964114327611380e-03
-1.173718031364369896e-03 -1.245947825090972612e-03
2.208740182741700513e-03 3.746193642237028408e-03
-4.867559461769307289e-03 4.400780031555640015e-03
-1.694174845538735930e-03 4.974914229686950434e-03
-1.688411138074501824e-03 1.389880508830888253e-03
5.734268927423109494e-03 9.967981734934145549e-03
1.904972749747032689e-03 2.708058127647673414e-03
-4.151616020442091821e-04 -2.830915826878028108e-04
-6.131468908163744888e-03 -2.338287627350343206e-03
-1.196182072757616182e-03 -2.857419269395507244e-04
6.036439823588854448e-03 -3.615784044461877247e-03
6.349754826171224303e-03 9.701191351969803631e-03
8.139581196137664169e-04 7.275298769089378476e-03
6.609520214298020106e-03 8.613753104006907288e-03
2.186739160307479574e-03 2.683406760961243396e-03
-5.004403265919455009e-03 -2.436893094096283588e-03
6.470824334310410972e-03 9.868051096062670918e-03
-6.514028110763315886e-03 -4.682674211620070810e-03
1.968788491756511341e-03 4.654446462763161575e-03
-4.980550167647200197e-03 -9.466077330528866254e-03
-6.139292171417287669e-03 -1.135216242105359374e-02
-9.480063435453336962e-03 -4.103766228695590254e-03
-3.263240781806278287e-03 3.266689394472092715e-03
-3.483251006146555629e-03 -7.361179418285301174e-03
-2.376126830547177146e-03 4.076336748252285501e-03
5.099224870543287921e-03 -1.229991486635667423e-02
4.389508155635031203e-03 -1.067624550821220410e-02
-1.244782306647558394e-02 -6.789823333909723174e-03
-9.756529157509935546e-03 -5.641155803439156478e-03
-6.723564727599200957e-03 -7.077688701390695905e-03
4.808916638761162772e-03 3.447726897747460488e-03
-3.628636631516450432e-03 1.524137853480940280e-03
-1.493259760370569712e-03 -8.954896721238704560e-03
-1.693248807619324343e-03 9.289286708336780838e-04
1.135479693960733498e-03 -4.464659658317341774e-03
6.739003774153080537e-03 4.414558656529054062e-03
-2.048506299280826535e-03 -1.914711973590261509e-03
-2.700170979642478684e-03 5.240379440526900419e-03
-1.338264321427862225e-02 6.458897785174568494e-03
-4.048172884146456624e-03 -1.242898346631280196e-03
-6.753900091300314712e-04 2.827339444702300919e-03
5.195978261451766021e-03 -3.080878106404696254e-03
-5.604913137071355564e-03 -2.810239976565234894e-03
9.140117220843199317e-03 9.953931745258595351e-03
2.427153870253625709e-03 -2.478388389916355052e-04
-2.185813122389428879e-03 -6.729392319815658170e-03
-5.819574613854247916e-04 -5.840490177471998300e-03
8.914343289037326978e-03 2.911096653356120244e-03
-9.229973386416184464e-03 -6.113108152652906718e-03
-2.405615866779791008e-03 3.333618499693486673e-03
-1.016904041530114489e-02 -6.705267856840476173e-03
-5.176164564310728813e-03 2.901692678968613090e-03
-5.512071377782492686e-04 1.901859386537643846e-04
-1.171067687112731541e-03 -2.026968295805630944e-03
6.657098641337512793e-03 5.912320836990546738e-03
-5.714838538802433305e-04 2.392364145516593255e-03
3.342160320914485359e-03 -1.331737453063848442e-02
2.702821323896049087e-03 -6.021399911241097531e-03
9.876672627729709761e-03 9.854001106385297526e-03
2.767898353278728726e-03 1.212946291440212144e-03
-3.811669805827653038e-03 -8.681081343435103487e-03
1.126615400235379469e-02 7.886936920962945435e-03
-3.717902008626536043e-03 -8.014967539188023668e-03
5.533944630714332166e-04 1.051786370058104252e-03
-1.207581718182780496e-03 -4.472610691074189321e-03
1.030508595103654494e-02 6.231990335500051104e-03
1.029721462872121643e-03 4.062286758574912109e-03
-2.117239421277085625e-04 -3.636986798481351389e-03
-4.204622905480571039e-04 1.278949358742194516e-03
-7.269008157913215903e-03 -1.047253648359299481e-02
6.498126045248479345e-03 9.368797035908460122e-03
-1.641455150895769835e-04 -6.338419065498854255e-03
-1.276841860290450076e-02 9.041495346425827348e-04
1.418044372937287637e-03 2.821639621989718762e-03
6.921701699009132416e-03 5.285834427024860456e-03
4.275463642335211242e-03 -9.140181105594851266e-03
3.447072224530296942e-03 1.424948044943583764e-02
1.616644363307604901e-03 -9.932074318021821922e-04
8.452992316838428858e-04 -7.395410005950982160e-05
1.323069561302838565e-02 -1.299497439545755847e-03
-1.012470312097755315e-02 4.754249332131331440e-03
1.896223448575438779e-03 -2.259831107201161482e-03
1.901542872686113467e-05 -7.490136074429111848e-03
-2.306547381073464822e-03 2.437691362511710397e-03
-5.802922338977410666e-03 -1.237532190804684420e-02
-7.719422503652912000e-03 -7.913312593982391521e-03
-7.240908178559610567e-03 -3.660839896753035477e-03
5.368074809296829661e-03 9.144795469495019084e-04
2.829526769994233481e-03 1.917362317842009585e-03
5.125057814155873064e-04 -3.877800642634871356e-03
2.607201450857468510e-03 1.404457402219510317e-03
-1.852204996038164797e-04 -1.144719150562859347e-02
-5.675753873918839600e-03 -6.459552458389802160e-03
-2.495344262848901533e-03 -4.182494113548269887e-03
8.682342630809556511e-03 1.476288061738059623e-03
-5.259458754004733491e-03 1.046843319771058670e-02
-5.335009390894526748e-03 -4.998767327959776838e-03
6.834160628233205623e-03 -9.883058775050270611e-04
1.926973772181253845e-03 3.770845008923459293e-03
-1.197991011839270002e-02 5.867312461773441928e-04
-2.602284070871831254e-04 3.110431027388962065e-03
3.730227691971111509e-03 8.155850744469388125e-03
-1.230844027990203073e-03 -1.082335543991579802e-02
-3.427386296894494814e-03 -3.071729671025619224e-03
-5.833465182625013771e-04 2.284881608096239974e-04
-2.233627188937079705e-05 -1.039673030769602304e-02
-7.481195119001311788e-03 -1.208653050264828048e-02
3.826182814463481054e-03 1.006393685742787598e-02
-6.710105526386659150e-03 9.708088577302792510e-03
-7.404670385127113275e-04 -4.407006757979009190e-03
7.346075621185322452e-03 8.513822465135432657e-03
4.876308762940901632e-03 5.671092032931948808e-04
3.064177772482378479e-04 2.571150438751583153e-04
1.226466212266107657e-02 7.941540342840443939e-03
4.771013550812676016e-03 7.071062840759382608e-03
5.855929224025987166e-03 -3.245087506245816333e-03
1.298060556399259491e-02 7.098444844127029321e-04
-1.156091659516517069e-03 -2.667105561238924168e-03
-1.418842641351463277e-03 -1.013259026898274788e-02
-2.656839433684908547e-03 -1.130193364976132125e-02
7.311748915408456360e-03 7.310152378578744191e-03
1.088405781871324904e-02 3.519557557266008926e-03
-1.141578650880117896e-03 -1.284250047246832333e-03
2.306116013506944243e-04 7.503786929899683433e-03
5.190677572939972687e-04 -1.518837164979047174e-04
-4.380886623964808709e-04 2.700107094890826301e-03
-7.563691040289085427e-04 2.791160663082373726e-04
-7.185506488267365266e-03 2.651602629932031750e-03
-1.258273508433507392e-03 1.032834826084717394e-03
-4.259433807315140055e-03 -6.902877924539838755e-03
-7.435804017253070785e-04 -1.602993507837604907e-03
1.035796506658045665e-02 1.968517127053013432e-03
5.042769372826966245e-03 -3.209435628342846569e-03
-6.430398671613589759e-03 -2.915471303942488573e-03
-6.191373018546452583e-03 2.222614343857934674e-04
8.876440201088841089e-03 6.534432596368043231e-03
-1.255358129756476565e-02 1.737123082983210720e-03
9.068015196621152102e-03 1.016661395867063389e-03
-4.186070495719891420e-03 7.322350292417512986e-03
-7.390077666052402572e-03 -1.063939622768586210e-02
3.391463054288135562e-03 -1.275384170951576746e-02
-4.353329374020132106e-03 3.787944477060525318e-03
-1.965675128543915590e-03 -7.458459712904565858e-03
3.804996468116227798e-04 -1.025452193028844258e-02
6.686252428113615906e-03 -2.678904340872032604e-03
1.072117359099880596e-02 2.469096359333438923e-03
1.027963631593457883e-02 -1.360726722054567649e-03
5.416116255295917552e-03 -3.809945499494745390e-03
3.531292452145643954e-03 2.636754371841053442e-03
-1.063249900234810794e-03 2.044993801861428109e-03
-1.204468354970184962e-03 -7.276623941215592736e-03
-3.979982491548107629e-04 3.187434605907726285e-04
1.243297480838653594e-03 -3.926975606502825043e-04
-8.188054009705294026e-03 9.446998017050352303e-03
-1.205293818053336866e-02 -4.304553544359091682e-03
1.040852908732730828e-02 7.820007815741551044e-03
4.196544103225072556e-03 9.105040305710783519e-04
2.055994313077287410e-03 1.594643340872813238e-03
5.512071377782492686e-04 -1.901859386537643846e-04
-5.480937745675853491e-04 -2.613827311488101796e-03
-2.961197655143837232e-03 1.039859820922833366e-03
-1.371391983816636463e-03 -1.477086330153486431e-03
5.456669687497974278e-03 -8.214301913220865489e-03
-2.436829209344631639e-03 -6.740648370039268233e-04
1.257200593782736506e-02 4.152669827861187046e-03
-1.151253989971694550e-03 -2.206153723241714108e-03
-1.034559132418305270e-03 -4.523238596573263617e-03
6.506667866470158476e-03 -6.354193361509244582e-03
-5.172588182139108148e-03 -1.925313350599998363e-03
-4.082499589923892572e-03 -2.446568433187289084e-03
6.802819516163130346e-03 6.360946991643860911e-03
-2.580698008332214886e-03 -9.214662109365608783e-03
-1.020290410211898563e-02 -9.931930722824371810e-03
4.135170061487169167e-05 2.906594233265768004e-03
2.661006604320219349e-03 -6.905001365080119802e-03
8.408527253005957172e-03 -8.421219837190241364e-04
-4.181105056669832953e-03 -3.573634075431578964e-03
-1.183717483727365211e-02 -7.517565554872417469e-03
-1.135016675001707716e-03 2.441666878890134604e-03
-5.667004572747245256e-03 -1.491663223540966397e-03
-3.914777692664626538e-03 -9.351553972575085867e-04
-1.554680697135588964e-03 1.103156688462535867e-02
-1.082773009050216374e-02 -1.253100589433534147e-03
-8.617265601426305280e-03 5.758058140942570909e-03
6.843372948365186205e-03 1.956590577917742112e-03
6.620121591307077599e-03 5.489671221148054517e-03
-2.676780900329820377e-03 2.341879835222060186e-04
8.283117073497846261e-05 -5.543747739314765569e-03
5.786477544057509054e-03 -1.296337832635154411e-02
1.890922760070230021e-03 -6.977901657723062541e-04
8.398261125450688647e-03 1.161590332555892391e-02
2.223716210338485925e-03 3.106056376803055172e-03
6.898104139746559331e-03 -1.039885374823698409e-02
-3.359068134794906024e-04 -9.998332924328152613e-04
2.115898423460565395e-03 -9.659057208640038812e-04
1.226340083528730529e-02 2.653582475275301569e-03
-3.778732156929225181e-03 -1.408432918597934090e-03
-9.225135716871363245e-03 -5.652156314655695790e-03
4.033995124965779333e-03 9.193986259058744420e-03
-1.285239969917786364e-03 1.086603231265802390e-02
1.108513232477814983e-03 5.368537828257106612e-03
-8.425227586934968052e-03 -1.782705838985616971e-03
3.839099286270957791e-03 -3.175108922565410188e-03
-3.192735294413153943e-03 -2.417941550121754848e-03
3.110031893181478945e-03 -3.395246916410242597e-03
3.219573986393557859e-03 3.941680269395892236e-03
1.393153525726038497e-02 3.465880173306561118e-03
-3.916437532225846771e-05 -1.664621924553218949e-03
-2.486131942718281841e-03 -1.237597658126642595e-03
-3.315321628936935931e-04 1.484111324991602403e-03
-3.734394862605633011e-03 1.005108427037387439e-02
-8.526148148477397798e-03 7.205192415904988421e-03
-1.059210499104164564e-03 -4.805005007134391382e-03
-4.838868693952801982e-03 -2.167452366879051712e-03
9.570717869441858205e-03 7.573893283084073488e-03
-1.247777512166722315e-02 -5.509548803041315265e-03
1.233920701118484953e-02 -4.593089410749224416e-03
2.742783967639857937e-04 2.954172660310179282e-04
1.492924510914848263e-03 -3.790467051808531261e-04
1.132525984432232805e-02 -1.984562787766221657e-03
-2.402374734063321068e-03 -1.082733095629536194e-02
-7.094261265814582294e-03 -7.258199300952993330e-03
1.914472260276462237e-04 5.839165005344641723e-03
-4.895787210633153466e-04 8.946019650562420274e-04
8.185275895947849434e-03 2.690958659511287834e-03
7.188012655342116211e-04 1.267816330312277959e-02
-1.203358750235078607e-02 -2.460746192368647688e-03
-3.759972267205898781e-04 1.381530341866558237e-03
4.006358164571199344e-03 3.592968927915774803e-04
-1.009462329628203758e-02 -7.882961404584519494e-03
-6.566108957893840824e-03 6.891749643818174086e-03
-1.029898699411659069e-02 -4.830806299365572251e-04
-3.467939729095190216e-03 1.332626742701642107e-03
1.363041816851735463e-02 1.646724188002548009e-03
-5.375099804136197236e-03 -2.617403693659722461e-03
7.620050419879067019e-04 7.492786418682001806e-03
4.473009825284612363e-04 2.447893605319431437e-04
-3.997145844440579653e-03 2.585599562630050245e-03
4.593153295501447089e-03 6.660738908260786274e-03
-2.023391913634009845e-03 -3.655938342455880563e-03
3.601670170033532351e-03 8.309059633093508757e-03
8.753311137161705335e-03 -6.231335662282995111e-03
-7.193920539984731324e-04 7.017656821507297022e-04
-5.467015525497919901e-03 -1.137548861561402808e-02
-8.799372737818096299e-03 -8.493146614826745100e-03
4.039758832430583729e-03 5.608952538202001577e-03
3.385571577324899021e-04 2.188128217192986753e-04
-4.217235779231901394e-04 -4.009008508824089302e-03
1.114163588154686371e-02 1.190147000591243974e-03
-4.384877966040123462e-03 -9.553682286057125009e-03
5.484641897346343234e-03 9.954330879465395424e-03
2.483481598464711872e-03 2.018618128840839274e-03
-5.823662074037859460e-03 -8.150150921757488148e-03
-1.994365896362353379e-03 -8.902273144703356763e-04
1.426353043911253275e-02 -4.122393111156801015e-05
-6.874586290930026836e-03 -5.964273914615155284e-03
-1.327054689493044511e-03 9.982430858818320749e-03
9.278014832415273222e-03 1.388683106208658553e-03
-4.944163906081378663e-04 4.336501270590318582e-04
-9.905570875498633920e-04 -2.397664834021692726e-03
6.564719901015403022e-03 -8.227713055376935890e-04
-8.095084480919712694e-03 2.802161174303261556e-03
2.265866179368893930e-03 1.332360125706299504e-02
-4.888634446285476665e-03 -7.079924085745602051e-04
-7.248396192358003490e-03 -3.340771264036048425e-03
1.226597146909641414e-03 -3.017525383354923395e-03
2.873991833823061597e-03 2.019943300967514972e-03
3.042304519536931178e-04 -9.848572648378521761e-04
2.555248373231608361e-03 1.621945051812133214e-03
1.246763676361719100e-02 6.610637906472959999e-03
-1.167833001068928345e-02 3.828944520552924474e-04
1.268332156034207743e-04 -3.418173976763194677e-03
-4.301376296390628171e-04 3.570456827466322413e-04
4.222919776245091100e-03 4.457235529271281679e-03
1.188821828465029713e-03 -1.075112564619044517e-02
1.336005140338014131e-02 5.858244318823153940e-03
-3.400675374418755254e-03 9.808945254094139296e-03
7.446197914313574390e-03 -7.785026436748200551e-03
7.370263968912727122e-03 1.081858165512308845e-02
-8.417228495122218955e-04 -4.753051929509101090e-03
-4.226496158416711765e-03 3.697705002973304244e-04
-1.880321383060602671e-03 -2.426291717087226962e-03
-1.396043350503066915e-03 -1.758852740713933100e-03
-1.348688461898491994e-02 -2.440070342061102446e-03
7.392057511395101234e-03 -8.809511095868126709e-03
-5.045754966535687808e-03 -5.343487327363193908e-03
-5.023418694646316143e-03 5.053242980332829128e-03
-3.959705775451119111e-03 9.852563990453348623e-04
4.856367296295988935e-03 1.210323083657672237e-02
3.872499954129771885e-03 2.074546722845693920e-03
2.513433653656350648e-03 7.383435979724308233e-04
9.163172050700706464e-03 -4.386203138166337723e-03
-1.212419387727603015e-03 -4.933562529071398514e-03
2.663992198027579587e-03 1.647921590624777926e-03
-1.034298903898503257e-02 -2.608654392488128550e-03
-1.902322405494823610e-03 -3.489078598363012408e-03
8.238889977138829160e-04 -1.451666996660880629e-02
-1.340371819879285914e-02 1.350125345044830144e-03
-8.735093976849593600e-03 -8.569751059138465410e-03
1.056001366961794967e-02 4.683600249540624712e-03
-5.986546301752874999e-03 -9.200612119689376839e-03
2.871804508529877432e-03 7.779709922556465786e-04
-1.905435768706058471e-03 -6.850653482204662435e-04
-4.526333224164329899e-05 -7.413531630117393273e-03
-1.808091589334680184e-03 -4.845957573543139760e-03
3.341106513491198717e-03 2.085547234062233232e-03
1.152591939048059309e-02 6.799498673000049093e-03
3.900264684028226930e-03 -4.477001167345834656e-04
1.363903970018814915e-03 1.797154962869792821e-03
-6.996118818028238852e-03 -4.108140879280816268e-03
1.489012879288076872e-03 -4.885984102032477419e-03
-9.157408343236472792e-03 8.011694173102748909e-04
-4.597527946087243828e-03 -9.144683525685204373e-03
-9.679652766513809417e-04 -1.471480693801941603e-02
9.095779926523469942e-04 -1.505585443712291558e-04
1.262424271405203705e-04 9.961755008511456386e-03
-6.142868553588337610e-03 -6.525156391485662302e-03
5.712523443997428833e-03 -1.380867755803470535e-02
1.640034442620262774e-03 -5.999398888806877460e-03
4.289848881465804613e-03 3.599610614244223242e-03
4.486724565503894674e-03 -3.480201527686292273e-03
-1.310074903421236912e-02 -4.922689787358843980e-03
-3.207376072554217472e-03 7.556139141731775533e-03
-2.207814144823649384e-03 -7.792179201091443616e-03
4.449156727008627896e-03 9.477077841745406434e-03
-2.668366848613376759e-03 -4.131866208049195591e-03
-4.249647106390900056e-04 1.015194094716407799e-02
-1.283707201445937092e-02 -1.503190638469435042e-03
6.330867166948237791e-03 5.834391220551471587e-03
6.856161650666854970e-03 7.448100377143839629e-05
3.568397271679953336e-03 -8.297532218163898229e-03
6.364858623269952290e-03 -2.295882119312075368e-03
-4.752588910550076609e-03 -1.181269929914985492e-03
-8.545115518144624691e-04 -2.870942355362117795e-03
2.343524431103900015e-03 -2.015041746669218609e-03
1.708224835214178141e-03 -1.569065936268113082e-03
-2.705806917602837734e-03 -2.531523044464480208e-03
1.897947754909026221e-03 1.005133980938594960e-03
-1.718363193264209419e-03 2.670155039699758249e-03
1.793243331243701442e-03 -5.870841366869869460e-03
-1.653158394377654290e-03 -1.452434963466375751e-03
-5.287893982814060277e-03 -5.677206815548929350e-03
-5.777137454421654716e-03 4.551338575926869821e-03
-4.080440034135945221e-03 1.015234008137088154e-02
-5.795099075725227908e-03 -3.361447114344735549e-03
-3.508828410757050737e-04 -3.596960269995220366e-04
1.208172506647042007e-03 -8.907318294199320294e-03
1.085065715085443624e-02 -1.730098088145094748e-03
-7.906495079094761486e-03 -1.126853298190261601e-02
-7.937836191164837629e-03 -3.919280112753727174e-03
-5.630698021624389298e-04 -1.973690046053666255e-03
-1.023113185097646559e-02 -5.386691103816888121e-03
1.205857411849192836e-03 1.207645602934432662e-03
7.076571591195192010e-04 -1.422257787270446092e-02
4.796718724921822385e-03 -8.050092513380206413e-03
5.506163493153486480e-04 1.318974304662088801e-02
7.925478856392868419e-05 -7.167417097468346690e-04
1.045484622699223778e-02 -1.693823188417724682e-04
7.711599240400730110e-03 -1.100562199719716701e-03
-4.869283768097451602e-04 1.135814943420451046e-04
8.725881656718401450e-03 5.624854603717518130e-03
-2.523444242202506869e-03 -1.099419070038822922e-02
9.071128559833746552e-03 -1.787351854274341328e-03
2.641991175593359081e-03 5.851347093489922633e-04
-2.534971657131546239e-03 -3.824123258675423548e-03
6.277525032445302466e-03 1.212085720842571643e-02
7.672434865077110318e-03 -2.765184124274077532e-03
1.116536121031524303e-02 5.517898970006106067e-03
2.387063457011955655e-03 2.133524795308418438e-03
-1.044954553848839035e-02 -1.392658622588223774e-03
8.334908402401598401e-03 7.646522211017368724e-03
-1.131903311789112182e-03 -3.623463712512700044e-04
-1.529438541984897435e-03 -2.066595690087704926e-03
-3.729429423555574545e-03 -8.449000974752182095e-04
1.083223251059183510e-02 -7.619890998989490780e-03
-3.632085244184196909e-03 -5.005792322797891943e-03
1.134116190983716285e-02 -6.670685612054610969e-03
-9.227786061123571457e-03 -4.871135843940358097e-03
1.520817010318538387e-03 -1.425822975060743111e-02
1.635995041488255653e-03 8.505999201878002578e-04
6.101852102429054011e-04 1.295250558464513526e-03
6.793607196032510655e-03 3.416050536222233619e-03
7.956723850387823274e-03 7.786080244172059218e-03
-1.210695081391864787e-04 -1.668597440928678839e-04
-2.254386823493609391e-04 2.291108334518905231e-03
7.639497216178682895e-03 -1.003783254911124606e-02
3.010037369557101630e-03 1.546665779625947586e-03
1.036411208255767552e-03 -3.568732521134424050e-03
7.395841373516636244e-03 7.054362506829800136e-03
-7.858581402595903563e-04 -4.636021822500999644e-04
-1.045842260916386018e-02 4.996388348410385656e-03
-5.589474090515544370e-03 -5.473370021426416168e-03
-8.980505777233080585e-04 -7.019508897341576736e-03
3.619759560840981466e-03 4.864909117517668934e-03
2.678042187704382255e-03 5.053769884044757160e-03
8.673465560132726654e-03 7.865335032735527171e-03
8.335036171905473024e-03 -3.710413994830074735e-03
9.530292206745036993e-03 6.213134909638902761e-04
-5.991208142734627540e-04 -6.442325220749431369e-03
1.656143988085013660e-03 1.000535791917127326e-02
4.230743039498633014e-03 1.347111032297453048e-02
7.958703695729159311e-03 -1.166282707938307364e-02
-1.045623528387747917e-03 6.238360657116544424e-04
1.182132083082174621e-03 -3.120106366479287116e-03
-5.899468249935403696e-03 -9.034790357329625966e-04
-2.587515523219735634e-03 9.773293376191170834e-03
2.854178136681453665e-03 2.199128728404278581e-03
-2.189054255105899252e-03 7.431557136173190872e-03
1.430833075239528211e-03 9.395300478427348178e-04
7.755601285269171120e-03 1.025011562831854624e-03
-2.549277185819743673e-04 1.548390085960106403e-03
3.761568804039826762e-03 8.065978753193587050e-04
3.024550378194290536e-03 2.929521293619862399e-03
-2.689777082587771441e-04 -1.857458207459873264e-03
-1.419832564022597762e-02 -4.081366072054565773e-03
5.457467955912150351e-03 -9.033512662278363713e-04
-2.256318609781763490e-03 -1.044761375219988280e-03
-7.472110568374566719e-03 2.215302158620790704e-03
-2.237303181054901922e-03 -8.534897449649100562e-03
-3.159206857049894068e-03 -8.525222110558776378e-03
-1.315064255605550517e-03 7.893706376789884566e-04
2.713294931401230656e-03 2.211454411747493590e-03
-1.838506663485344741e-03 -1.542690263247524247e-03
6.940589358232118061e-03 9.152634558443192500e-03
8.655503938830511751e-03 -4.745065753493631772e-05
2.815812029772581104e-03 7.845457450842266423e-03
1.686559062235107927e-03 6.702090608876337327e-03
-2.925481892487963916e-03 -3.825448430801637809e-03
8.991538521813308149e-03 -1.040455357094888407e-02
-8.916067595371484494e-03 -6.176061741495196891e-03
-6.982068828352225483e-03 -7.022925858626584937e-04
-3.971233190379587323e-03 8.155323840757460960e-03
7.122489014672633845e-03 2.712959681944828762e-03
-1.818692966344307750e-03 -1.721875690683607411e-03
2.869952432691054260e-03 8.869942109962192581e-03
4.643845085754104950e-03 1.155293391102341213e-03
-1.252316622341410196e-02 -1.566144227312405227e-03
1.041555408216474424e-02 9.522931962451309726e-03
-9.493187387210727177e-03 -1.155560008096884195e-02
6.833697609273609551e-03 1.034686901922860554e-03
-1.169675465095245531e-02 -5.506898458788425307e-03
-1.864882336505362418e-03 -5.089421761947727357e-03
-9.064646294397513517e-04 -2.653454705770175344e-03
3.160931163378828332e-04 1.179018719869578654e-03
1.005638495887840184e-02 2.172353921176206626e-03
7.837841667539889590e-03 8.861192808790599104e-03
-7.706761570854547133e-03 1.561514037718068210e-03
-2.897509682639593659e-03 1.434318436188462310e-02
-2.543369301177128561e-04 -1.183153889931340408e-02
-6.790158583364763745e-03 3.113879640056598820e-03
3.575725864579898210e-04 -7.271323252710956003e-03
7.486160558051369387e-03 1.190546134799188530e-03
-2.900526927730150140e-04 -6.966230647589612482e-03
-1.201861147475593271e-02 -3.100883457803082360e-03
3.854873582281348552e-03 3.495704458994325706e-03
7.097837647986203827e-03 2.431193271384381443e-03
3.337194881863066545e-04 -2.421390162790533485e-04
8.939314661532068995e-05 -1.817830813177337846e-03
7.593515325968903246e-03 7.285501011892313306e-03
-2.124647724633520196e-03 -4.001983513985973330e-03
4.110599569277497908e-03 9.258265020027248854e-03
-5.585562458888772980e-03 -9.664326245747908994e-04
7.437193074133439767e-03 9.960956740096029577e-03
3.758120191373441610e-03 -5.723332300958332286e-03
-7.802253674389252221e-03 -2.369564854668767401e-03
-1.596830666165997186e-03 8.140220043654189082e-04
8.373481989264247236e-04 2.269107312084684292e-03
-6.968817107089598888e-03 -4.607394939435708811e-03
-7.496298916101399798e-03 -8.945703136754379683e-05
-2.302507979942818375e-03 -4.412307446484108227e-03
4.760539943306923288e-03 -1.161791482228528285e-03
-4.776777258276910555e-03 -3.486029119903320209e-03
-3.508828410752397233e-03 -3.596960269992475600e-03
6.264401080686550494e-03 4.669023356151322419e-03
-1.182325261710208582e-02 7.245218944393866378e-03
-4.210929342357597541e-03 -1.365029575041061538e-02
-7.902327908453873114e-04 -2.947546799674517683e-03
-6.767790660084684051e-04 8.896317782982780115e-03
7.393654048224023237e-03 5.812390198117250648e-03
1.813855296799485447e-03 1.260923852686397133e-03
-8.892342266603106907e-03 -1.848309772080334798e-03
-1.343212294018132635e-04 3.738242609480181729e-03
-1.216870700016677541e-02 -6.033454229881495511e-03
-3.625060249344829767e-03 -3.302868176087671824e-03
2.246404139324634100e-05 -9.602058981514218329e-04
-1.232568334324361456e-03 -1.408832052805487206e-02
5.899468249935403696e-03 9.034790357329625966e-04
-2.388915532849417937e-03 5.958446322399269662e-03
4.495473866675489018e-03 1.487687707162542840e-03
6.206588177486574778e-04 9.528104881452423985e-03
7.027459930097743404e-03 -3.241111989867392993e-03
-7.407033538989954598e-03 9.449648361302562249e-03
5.217181015475674550e-04 -9.329041872121016403e-04
5.775285378584191567e-03 3.540632541780819147e-03
7.466937649379027210e-04 -1.201019742303799593e-03
-4.971002598061430647e-03 2.812762551312998627e-03
-1.806383690667427711e-04 1.172763274406350524e-02
1.251349088432309603e-02 6.442405513168427897e-04
5.286632695440288132e-03 3.892489479837878477e-04
4.307012234355202598e-03 4.201445657522798194e-03
-9.619940892366615499e-04 2.391038973390379428e-03
9.412543541762129727e-04 1.834132012898976845e-03
-2.168968611290424814e-04 -1.343188206289994135e-02
1.551902583378143938e-03 1.106389791936282984e-03
-3.971903689290458631e-03 -1.051256301208233247e-02
-3.469712094489334122e-04 4.147241369852103232e-03
5.366222733459366512e-03 9.006450664657189575e-03
6.274763326361782259e-04 -9.459850604104355631e-03
6.161420963354813374e-03 1.058013096482615309e-03
5.629420326585636569e-04 1.333062625190110928e-02
1.669858728306666470e-03 4.077262786171017075e-03
-5.396797228497812737e-04 -6.979881503058360873e-03
2.817791875115279766e-03 -1.160344987271172412e-02
-2.791623682045747592e-03 -5.540698260853932355e-03
-1.347842483608386113e-04 5.761235388907388899e-03
-3.793580415020204356e-03 -1.212523185901094244e-02
-6.675188032144962341e-03 -2.468170321414707782e-03
-5.270395380470300865e-03 4.258571654148060430e-03
5.785423736634222845e-03 2.439543438349173112e-03
1.929624116432891983e-03 2.989824538208800744e-03
-7.576351973079505260e-03 -6.683665968613737920e-03
1.359032775527568328e-02 4.028087822302601519e-03
-2.013381325087854057e-03 6.599908759959918596e-03
2.436829209344631639e-03 6.740648370039268233e-04
-1.606969024216599404e-03 1.915111107797744412e-03
4.537288586250747165e-03 2.371289161002245773e-03
-6.916273241000180875e-04 -1.820481157429547575e-03
5.036670415908942738e-03 -8.958345333905878144e-03
1.326190895559458544e-02 2.708185897152800073e-03
-1.890331971607329617e-03 -1.268213881950234524e-02
-4.533712204079125632e-03 -7.198295190570857226e-03
-2.150225129237430186e-03 -2.377643656926853441e-04
9.004534704066823741e-03 8.404216487171812383e-03
1.008587399511044411e-02 2.915072169735686333e-03
3.707763650576504331e-03 9.116056642619670136e-03
3.363107535925419656e-03 3.148334115338019112e-03
1.624132377105426666e-03 -1.313276064518488582e-03
-8.963183003451953568e-03 -5.497622253906043512e-03
1.252535354870671497e-02 2.808116536024953848e-03
-1.082808058369459864e-04 -2.048969318239851883e-03
1.028745957918812161e-02 7.653148071648682021e-03
6.717801020134967285e-03 1.066272242224675787e-02
-3.080207607495075682e-03 1.347190859138813757e-02
1.037201505625725932e-02 5.374365420472992233e-03
3.189158912241532411e-03 7.244947579690366735e-03
-1.280135625180349804e-02 -6.368498890193906650e-03
8.242864911534067765e-03 1.024537349491004556e-02
1.437181124494947733e-02 2.007745387128284306e-03
5.298495359823117770e-03 2.553124932690076579e-03
-5.464955969709182383e-03 1.223419898945964437e-03
6.760206528173125402e-03 -1.833605109188189610e-03
7.896947509508419477e-03 -1.010306899938567555e-03
4.082834839379044164e-03 1.178051185960752451e-02
-2.261156279327946467e-03 -1.505713213218340439e-03
-4.275798891789001077e-03 -1.937623208242435745e-04
1.062614450642448624e-02 -3.484975312479462843e-03
-3.590270524608938762e-03 -4.122190868958189661e-03
1.553626889712302539e-03 4.371354880075358981e-03
-1.294985524038735035e-02 5.320831631712598722e-03
-1.571716280519751437e-03 -9.272043644995195920e-04
2.060831982623470386e-03 2.055595178871165180e-03
-5.738308328553185650e-03 -3.117982925939006070e-03
1.236962208533551322e-02 -7.896356721044840363e-03
2.681155550916978440e-03 2.249756633903353311e-03
-8.848675471191747369e-03 -9.056679435949462065e-03
-3.961461733173478848e-04 -7.773227657116915310e-03
3.974809572551208856e-03 -1.298232987032607241e-02
8.384674154734273951e-03 6.187062252712877651e-03
1.352869933855881807e-02 3.323671795899663280e-03
-7.316586584953278447e-03 -7.771104216575953384e-03
4.480034820119678692e-03 4.150817752023723897e-03
-1.773972363502723977e-04 -2.433316711925342934e-03
-4.251945793517318724e-03 -7.222946557256146663e-03
-3.096652402414977294e-03 -1.186679164301025075e-02
-1.018321817448318437e-03 1.245820055585846603e-04
6.904075327162069106e-03 6.706992163174635424e-03
9.786944231660599236e-03 2.337888493143540532e-03
9.219036759955622200e-04 -9.675339091005713196e-06
-5.136228916159842062e-05 -1.316244133568088628e-02
-4.107949225025860421e-03 -1.003928549074190740e-02
2.866966838983694456e-03 3.170191542572944193e-04
-9.624395253401306013e-03 -1.062137072163120595e-02
1.971103586552999404e-03 -5.460517434371733696e-03
1.318576753024189308e-02 6.209143567570884689e-04
8.378910447269467821e-03 9.772095973569622229e-03
2.764657220565988009e-04 1.537389574743566875e-03
2.948903623261359087e-05 7.427182485587988277e-04
-4.237432784880919116e-03 -5.840091043264053310e-03
9.747779856336980311e-03 6.732665685891805682e-04
2.022928894674984931e-03 5.678931121883087733e-03
7.842344087630922708e-03 -1.179877963128654270e-05
4.415293040192148910e-03 6.250414975762650510e-03
-6.645235976953894723e-03 -3.748444852282435680e-03
-1.310651274167660280e-02 -1.337656066502781148e-03
2.962921961477996049e-03 2.225105267216242414e-03
-3.025476416112341665e-03 1.116464265234552809e-03
-1.591529977660788428e-03 -7.480189370634366449e-04
8.674056348596987515e-03 -5.514593952537982444e-03
-2.037441903310812947e-03 -7.061786635875859364e-03
-6.611707539590633981e-03 -9.855725412719455042e-03
-4.261621132608323786e-03 -8.144850233251708232e-03
4.477384475868039469e-03 4.931838222738382446e-03
-2.642454194552384429e-03 1.437858070078215124e-03
-3.423011646308697642e-03 -5.877850536012015591e-04
-1.170604668153706193e-03 -4.049961075232838548e-03
-7.865606397438915792e-03 -6.338945969209640839e-03
2.155525817742639377e-03 -1.324276575736169992e-03
7.280200323386533390e-03 -6.031474384539367573e-03
6.019739489660413424e-03 -6.240611867167199234e-03
1.325534697971424494e-02 -1.017731028984628083e-03
6.089239228683435232e-04 -3.992707309102450086e-03
-4.169705411246029531e-03 6.132346887019173715e-04
-5.753954855056540472e-04 -2.114573251333889698e-03
-7.526713990252065223e-03 3.213810278928073017e-03
8.395275531743330577e-03 3.062980369854024880e-03
8.416478285763374576e-03 -3.185183395863218792e-03
-6.670350362598779365e-03 -2.007218483416355406e-03
-7.576814992039891498e-03 -4.660673189187672198e-03
1.761439200214599951e-03 3.501404281706227417e-03
1.320492713614633898e-03 -1.370834778495528747e-02
-5.148527603915578101e-03 1.173638204523510045e-02
-9.852021261043279743e-03 -9.572234695824851508e-03
2.404147099455751935e-04 -2.931245599952198456e-03
4.013846178369591400e-03 3.922826007459086217e-05
-6.326492516361519047e-04 -3.350446603130917476e-04
-6.788306507526730739e-03 -4.978091477651769292e-03
5.430038475468845598e-03 1.095283899977267730e-02
-1.509289595390070609e-03 7.088162308895307184e-03
7.487086595969420083e-03 -2.855439424055226244e-03
-7.991098615222173851e-04 3.441500171322949431e-03
8.786711805019730565e-03 -9.816800168737137636e-04
-1.891385779030616259e-03 2.720782945198371543e-03
-2.403763790940397112e-03 -4.758352618013739557e-03
-3.534996603820569384e-03 1.354718786357432189e-02
2.352273732275494359e-03 2.952847488179616720e-03
1.586692308115966125e-03 2.870670990662263673e-04
7.258071531449009420e-03 4.262674940031610862e-03
-2.029155621098243951e-03 -7.090462159981751437e-05
-5.618164858333982159e-03 1.094862377007814556e-03
2.095956956815083275e-03 1.057021591242020275e-02
-1.186043714707585121e-03 -1.386831030371195837e-03
4.622770101238858121e-04 -3.953479049031722453e-04
-6.302304168635607107e-03 -1.045687413138719421e-03
1.784829279527258040e-03 -1.504787175298467200e-03
-1.087438247961644957e-03 -2.597653881269062289e-04
-8.256133040461105521e-04 1.125170487847019021e-02
3.124081882858281613e-03 1.060137700973685405e-05
-4.160365321610174326e-03 -7.798805061722756914e-03
-7.360716399325024223e-03 1.460258226719238304e-03
5.351837494327413985e-03 -3.733341055183026815e-03
-1.205394392890167489e-03 -3.230638382361639832e-03
2.705806917602837734e-03 2.531523044464480208e-03
3.680126690183285233e-03 2.813672763536442106e-04
7.177555455510517719e-03 -3.085412177885188401e-04
1.214186830818773238e-02 4.509715510608499137e-03
-4.830119392779846747e-03 2.800436867970925066e-03
-5.446068310486986037e-03 5.090220030362474155e-03
-4.391567711424340312e-03 -1.922663006347108839e-03
-2.469431608787908770e-03 1.387230164579140177e-03
-8.841650476352378926e-03 -7.353755289239241946e-03
3.715379433879562043e-03 -2.560948195942939348e-03
1.350324970345821197e-02 -4.269045261653813157e-03
1.862231992253153556e-03 5.870442232663065918e-03
-5.931144611459268808e-03 -2.888169593003168164e-03
-1.171530706071756888e-03 -3.975516378423556499e-06
1.577016969024960195e-03 -6.348365769293358527e-04
1.140232730759307110e-02 -3.943276806224925261e-03
1.157257177960067246e-02 8.144051964836961435e-03
-8.346435817330065746e-03 -4.764547693052443612e-04
-5.292396402904521804e-03 3.195784772872274984e-03
2.586126466341298266e-03 -3.704315037910689903e-03
3.613564485808861554e-04 8.592550349988114025e-03
-8.574397074427761792e-03 -8.761262169918442727e-03
3.749243120696611753e-03 6.657146700391350456e-04
-6.700765436750803945e-03 1.296048826878118225e-03
6.150021317931580675e-03 -3.128855667651561472e-03
-5.684758714098974222e-03 1.128643071845442970e-02
-9.663224379267844333e-03 -2.952049219764869489e-03
-5.841416215390159150e-03 4.627943020238589264e-03
-7.903046466428375466e-03 -4.738602805624925890e-03
-5.710208349198570921e-04 3.693713660905277498e-04
3.529105126852459355e-03 1.394782063129184832e-03
6.929987981221700545e-03 1.227671644130090382e-02
2.650660766320054283e-04 -2.649479189391751571e-03
2.692219946885060413e-03 -2.897318028382706630e-03
-7.420157490749278162e-03 1.997814509028848686e-03
3.207711322009368198e-03 1.777804284688461623e-03
8.774258352171278308e-03 1.023437298369236394e-02
-4.728400562822671072e-03 1.123489260072668564e-03
-2.056792581493395097e-03 -8.905593987866304226e-03
5.312545349499920438e-03 5.958973226110057114e-03
-2.187325293183947986e-06 -1.241972308711868610e-03
-9.892702462749210224e-03 6.189057923748713351e-03
1.585303251237528757e-03 6.356045437346706864e-03
-3.157019531757280194e-03 -7.283249801846226022e-03
-1.048321931691994016e-04 4.480960858038980990e-03
-4.063611930702267817e-03 1.420231698229900861e-03
2.732645609581880759e-03 4.055261763737476148e-03
-6.410249725016831969e-03 6.239286695040984973e-03
1.131903311789112182e-03 3.623463712512700044e-04
-2.127298068885158985e-03 -3.220963043271314347e-03
4.271759490658355064e-03 7.043761129820062632e-03
-7.276783362110419116e-04 -6.289116332125312472e-03
-7.358066055073386735e-03 6.792377560045801885e-04
-3.119116443808222713e-03 -1.090658574485882902e-02
-5.423141250134714403e-03 2.107021352783844826e-03
-3.603394476366329410e-03 -1.157402472123144309e-02
5.637052517555606913e-03 2.771937754409374739e-03
-5.201151180451739700e-03 -6.714017158012751396e-03
3.230510612857764776e-03 1.015154181295727619e-02
-5.626914159505575636e-03 -3.873026857841020340e-03
-8.596861115821008079e-03 -7.801056271767021870e-03
-1.142996426798765022e-02 -4.891412560042242980e-03
-3.496837976862972493e-03 -1.279002049113134656e-02
1.020177058424965796e-02 -6.712963350588891862e-03
-1.211158100354401811e-03 3.543953384944227829e-04
9.501138419968146315e-03 9.212538668824649460e-03
3.342495570370206809e-03 -3.983431104218927710e-03
-4.489247140250298383e-03 -7.095714207445352056e-03
7.096911610068152264e-03 6.477178830238797085e-03
8.647680675576970705e-03 -9.061325451238185988e-03
-5.270730629926023182e-03 -5.075371772271495413e-03
2.210927508034884678e-03 4.988165950948897885e-03
-8.488580309984060032e-03 -5.752086953527170421e-03
-7.006720195038656368e-03 -9.840589964231049452e-04
1.017188299585358073e-04 -1.676947607897114620e-03
-1.171450879230554430e-02 7.271195483205829778e-03
1.106549445619416962e-02 -8.971245398044667627e-04
4.732775213408468677e-03 1.360455357351748667e-03
-7.900859141135191735e-03 -3.496630496913057280e-03
1.237533773374419705e-03 3.192336160205780544e-03
6.975842101927604705e-03 6.310319086144786614e-03
1.449380679100807645e-02 -1.871380427632119564e-03
2.513433653656350648e-03 7.383435979724308233e-04
6.371420599150294517e-03 1.430034806825352355e-03
-8.934955254593110116e-03 -1.004286187291238489e-02
-1.426458424653731256e-03 1.544414569581682630e-03
2.496270300761947226e-04 1.365085546942933746e-05
-2.881942866580479434e-03 3.231181111766790338e-04
-5.190677572939972687e-04 1.518837164979047174e-04
-2.977897989072849846e-03 -1.584968001781807308e-03
9.066290890287563575e-03 -2.248303692272693270e-03
-3.828944520547217234e-04 -1.167833001068996346e-02
-6.510116479137904519e-03 -1.757368147695882905e-04
8.433513869147537048e-03 8.773587853261658603e-03
6.892675681737476384e-03 2.520123399039316328e-03
-1.458446122499659769e-02 -1.598746626756362803e-03
2.433715846132035888e-03 3.478078087145330781e-03
6.894064738615913318e-03 -3.548854939241163735e-03
-2.009804942917593415e-03 1.772902730390164827e-03
-3.581058204478319504e-03 -1.177294413536561935e-03
-5.349698228088333764e-04 4.838006540786293080e-03
-4.184553669337578996e-03 -1.010356425171041184e-02
9.687077477540096543e-03 -4.077135016667712310e-03
-1.261209635106903468e-02 -1.771306193561132669e-03
-7.798342042762479963e-03 2.137372542182857001e-03
5.287223483903187235e-03 -1.299068003729086235e-02
1.389237088193676431e-02 1.801258248752201155e-03
4.499385498302260408e-03 5.994625104014167892e-03
5.591661415808728101e-03 6.715342330138283911e-03
-4.480031328261795120e-05 -9.436524409544601311e-03
-4.109338281902936464e-03 -3.970307152460285025e-03
1.542227244288498899e-03 1.844861159418626460e-04
-2.313907625367982255e-03 -8.599176210618746444e-03
8.272018698311530902e-03 1.654148317048608104e-03
6.401372654345445024e-04 1.497602759610496687e-05
4.291700957304627785e-03 -4.492360503462322109e-03
-1.196182072757616182e-03 -2.857419269395507244e-04
2.941383958002800458e-03 -8.606743934867504189e-04
-1.230508778535052347e-03 -1.489412013495559775e-03
3.248424175108376340e-04 6.146907954719555214e-03
5.678995006634739683e-03 -7.701396997598366004e-03
4.254260888315167244e-03 -2.892017339877607160e-03
5.441230640942163951e-03 -5.551171868359685083e-03
8.693279257273762994e-03 7.686149605299443140e-03
-1.208843005555981266e-03 -9.760568558640009967e-03
-1.047810853680931865e-03 -6.181362430002141674e-04
-1.251583763051222591e-03 -6.598184453625760212e-03
4.653057405884724641e-03 4.100189846523968722e-03
-3.651403107004917194e-05 -2.445642395268557943e-03
-2.029618640057269299e-03 1.952088157827389873e-03
-4.468172155736058887e-03 -1.986941767315612839e-03
1.002550686576735191e-02 7.498614010897889162e-03
-5.874018614833436715e-03 6.689238021821655722e-03
-7.525324933373627422e-03 -2.855168059352408347e-03
-1.458492424395562391e-02 4.242461526708443675e-04
2.117159710835127707e-03 4.322052146702959514e-03
-5.628638465839163295e-03 -7.137991945980776999e-03
1.309279800145495172e-02 7.265751199503037334e-03
1.112089614648777494e-02 5.415317986881742346e-03
4.291237938344241547e-03 -2.469367724036257254e-03
4.543259773664677040e-04 1.947713507241021977e-03
1.714323792133562755e-03 4.179843769296060808e-03
3.284778785280112988e-03 -1.809097337702415473e-04
-6.098866508719896599e-03 -4.399582628934090543e-03
7.437193074133439767e-03 9.960956740096029577e-03
3.557205106205275393e-04 8.206478649967322058e-04
3.921802687502061631e-03 2.638079543967267702e-03
-3.993873060338191255e-04 6.387721798871932866e-03
-5.660107347413114928e-03 1.156819712901555573e-02
-5.519421034175936436e-05 1.437843710558079149e-02
5.697291877393464467e-03 9.545332119093474788e-03
4.052212285277103504e-03 -5.607100462364539295e-03
-1.589214882864300148e-03 -1.086298283419833213e-02
3.201021576625150914e-03 9.408823564398477793e-03
6.353331208341484945e-03 4.874185322400049862e-03
2.650344252209404193e-06 -7.810204707153387774e-04
1.341995551376284554e-02 3.297695257087018134e-03
1.591529977660788428e-03 7.480189370634366449e-04
-4.934823816445171527e-03 -4.075538479837538704e-03
-1.205857411849192836e-03 -1.207645602934432662e-03
-1.329059972341109161e-02 3.860046501281891654e-03
5.097245025200590127e-03 7.148992457197316311e-03
-1.833668993940522221e-03 -1.081738425250314186e-03
-6.246982188793047917e-04 -2.678106072456605362e-03
-9.360047734737435635e-03 1.146601528009799642e-02
7.620354017947946271e-03 8.809239731165308812e-03
5.679458025595125921e-03 -9.724389777024432593e-03
9.671303181530496382e-03 -1.074794839822562631e-02
-4.298262933183609122e-03 7.664435773260362683e-04
1.090088592215215143e-03 -5.212550825872907211e-04
-5.155424829249709295e-03 -1.323478307321422978e-03
8.928521048219364292e-03 -5.039991259070201665e-03
9.306529771671563471e-04 4.958213895757829399e-03
-1.461971396869344610e-02 1.243568845540901635e-03
4.517011870148752994e-03 4.573467367865074670e-03
5.345147748944558026e-03 3.897678224528131237e-03
4.083425627843304158e-03 -1.599417125665983591e-03
2.019208335328282269e-04 1.407201932833323371e-02
1.199892554711820027e-02 -8.076867320607597489e-03
8.329735483406277684e-04 -2.148373053397332642e-04
-6.792808927617762990e-03 3.894900110770115054e-03
2.828600732076182785e-03 5.963347876696424577e-03
-1.132294474952447692e-02 -8.130401109367533033e-03
-7.570716035120507101e-03 1.088236516376501258e-03
-4.223382795204116448e-03 -2.434242749844074075e-03
1.985616595190759469e-03 -4.077661920378499762e-03
5.367611790337804313e-03 2.937472326376709079e-03
-3.507902372832985213e-03 -7.642945828845748926e-03
4.883796776739293688e-03 2.470405705762082627e-04
-4.642120779419946566e-03 2.109671697036735218e-03
-3.971440670331434150e-03 -1.253555579150953878e-02
-3.734730112060783737e-03 7.171408439536372352e-04
1.227492825021634509e-02 -4.516484966437504106e-03
9.416710712404244982e-03 1.343851141540368041e-04
2.235115855761718191e-03 7.292925140937231952e-03
4.899698842253559505e-03 -4.439082253711500170e-03
1.222557745777634076e-03 3.832473425639753781e-03
-5.817563117118475062e-03 -2.401241216193313391e-03
-7.361179418284050438e-03 3.483251006146445474e-03
4.427618723535364786e-03 6.391298181042873519e-03
-8.498016517729436309e-04 8.946945688481856146e-03
9.339643249132138433e-03 2.093099132611597659e-03
-5.025143000979903803e-03 1.788277892193072469e-03
3.098663899146233795e-04 6.787045220152849306e-03
-4.405154682142117632e-03 -7.351504079194295244e-03
3.598684576325382814e-03 -2.438633226132119487e-04
2.430650541977844893e-04 -3.712266070667537450e-03
1.335803990664638204e-03 -5.014541623969486286e-03
2.338686761557716605e-03 -2.475993584667570118e-03
-4.520166410125956141e-04 -1.473417133702125369e-02
2.042614686301002028e-03 2.941673754288328096e-03
-7.864208644345598714e-03 4.669943358709800763e-03
1.243346491670423853e-02 -5.076877569727895542e-03
2.202765533197154210e-04 -7.781035696315071956e-03
8.353771747680338935e-03 -5.670291247521153793e-03
6.869912161260874166e-03 -5.912744740869428032e-04
-6.674570447076496541e-05 1.152453995892783849e-02
-2.419881684033196867e-03 -6.629393212823890373e-03
7.866225142245747426e-03 1.169035129194234343e-02
-9.273698787971410701e-03 3.293999838865939531e-03
-7.529241630441956337e-03 -2.616086124342827807e-03
3.957895245548292973e-03 -9.212393163173593705e-03
1.114641942484626523e-02 6.305851153107192193e-03
-1.549985283822159820e-03 6.075370793083179066e-03
-5.332060323028120540e-04 4.375625446969272532e-03
8.408764801061320571e-03 -8.484158278332668002e-03
-1.570227383790348508e-04 3.880619214599886121e-03
9.608445132784018336e-03 2.879158070156166292e-04
-5.447118478512895249e-04 1.194576091241629848e-02
3.837682819146435282e-04 1.236075660847063031e-02
2.606105838821478476e-03 9.852725087057645492e-03
-3.027786922951896526e-03 -2.876790375493332798e-05
-7.842596640539342343e-03 6.721090087064870815e-03
2.631656866367594431e-03 7.168700228913009280e-04
-5.693531549987036321e-04 -1.030395959408587914e-02
-1.388150354942052286e-02 5.450589115322946980e-04
1.108214448447180506e-02 6.663966449092840506e-03
1.140954055154663228e-02 3.473231752522116036e-03
4.150344034946896327e-03 -6.379372469789725691e-03
-3.348712149062733293e-03 3.677779790588277947e-03
5.765762292594481427e-03 -4.891471812412416303e-04
-2.425961369057770805e-03 -1.184948813249292639e-02
1.725710338410586103e-03 5.801611285289258284e-03
-1.103416396994029436e-02 2.381926798760496361e-04
6.199980858790367713e-03 -1.459007330648941616e-03
-3.486364907610880592e-03 -1.012776744429673068e-02
8.924655527305737357e-03 5.614628690572151526e-03
-7.366443459522861031e-03 -2.039368116426884634e-04
-8.094999680893317714e-03 8.228353181430263924e-03
-2.455391330651004317e-03 6.800374159561974399e-03
8.875040605202460034e-03 6.593380443150803410e-04
-6.293446199284165841e-03 4.356198858418466879e-03
1.678168799933461765e-03 -1.278210608428915519e-02
-1.212041675361525371e-02 -8.044235560443861732e-03
2.118593852138547437e-03 -1.477657390741911152e-02
-3.786773673332314172e-03 6.143138417502939583e-03
1.228269732702959825e-02 8.144760504449189255e-04
-7.631838861811438349e-03 -6.291836589204653253e-03
1.119003178239010021e-02 1.794699114033564353e-03
-2.655816008870804778e-03 -5.901351537317489106e-03
