1.382456379785289378e-03 -3.669988332133253955e-03
-1.074927357035298202e-02 -9.280792946172717814e-03
1.340935413675379065e-02 6.421777139945870905e-03
-6.029877847709873978e-03 7.341700970598163956e-03
4.014309197328046024e-03 -1.983764519351936297e-03
1.789076160607819266e-03 1.233609364797225161e-02
-1.733674470315574399e-03 -6.023651121287184815e-03
8.619995656122842343e-04 2.550873722645811623e-03
5.841288445886283660e-03 6.728993185608855496e-03
-5.084919341857375118e-03 -7.008109251917092435e-03
2.377388117920950159e-03 1.211621119312856001e-03
-4.416554327565349464e-03 -1.153837284332847289e-02
-9.736715460368326747e-03 -5.820341230875920521e-03
2.924092835610097706e-03 9.894426769081438727e-03
4.951188900920393439e-03 -2.633577123876915463e-03
-8.396664588621767511e-03 3.005997968426455183e-03
8.985616557434603774e-05 -3.840823592604545450e-03
-2.177526840176860316e-03 2.614896944603844380e-04
5.284078469298524733e-04 -8.563923466922579789e-03
-1.489134202120443243e-02 1.671311087963669312e-04
5.749835743482224586e-03 -4.052084515773799606e-03
-3.746720545948276863e-03 9.910201065092969636e-03
-1.293487921279113523e-02 4.680694366279303763e-03
1.307576241807728752e-03 -4.693020049626820669e-04
-6.138956921961567087e-03 -2.018218994634037033e-03
3.492128076822024595e-03 9.721324472866923940e-04
-2.520123399039996773e-03 6.892675681736904793e-03
-2.499718913434127113e-03 -6.666438730973368865e-03
-8.530522799064554559e-03 4.721247798479429741e-03
-1.419130064538717990e-02 -2.378441925343665643e-03
1.099406293088242212e-02 8.833491963644475586e-03
-1.665148828265147415e-03 7.740625257672956866e-03
-7.012483902503460764e-03 2.600974724433638332e-03
1.120838915820459268e-03 5.509421033538010500e-03
-6.471622602725509701e-04 -1.717900174305183637e-03
-6.672537687891391504e-03 -3.249190792128904895e-03
-4.951061131414587202e-03 -8.723359081970067860e-03
6.060628171315689261e-03 -1.311024854473543180e-03
-1.383730444110023959e-02 -4.822759148486689337e-03
3.709615726415327937e-03 1.024085524913123484e-03
1.686223812779957202e-03 -2.631852817543898528e-03
3.559983219962149260e-03 -3.931478026593638285e-03
-7.246671886023845106e-03 -7.580617589697221173e-05
3.717566759172175050e-03 -1.318975887230390293e-03
1.784701510022593252e-03 9.852149030547154365e-03
-7.488013797756084243e-05 3.200686327170571780e-03
-2.608127488775519205e-03 2.641528156634904458e-03
-1.076092875478475500e-02 9.246210701386172598e-03
-4.443983808008655084e-03 3.178174226720412165e-04
-2.770085678571912891e-03 -2.454918600152080754e-03
-4.246772874516774321e-03 2.571948707160620542e-03
3.993234212813236671e-03 -7.092536959480994635e-03
-1.598219723044434770e-03 6.883000342645898863e-03
-6.019148701196152564e-03 -7.139317118106310381e-03
5.320161132802977283e-03 -5.718031612452552370e-03
-2.121199111965202996e-03 2.527946662292179097e-03
2.822038756197201449e-03 2.237430950560137868e-03
-7.919411550902238223e-03 1.970512798090669725e-03
-5.714838538802433305e-04 2.392364145516593255e-03
-5.748909705564173890e-03 6.098956919384831282e-06
2.342135374225463081e-03 4.053936591611261887e-03
5.177425851683930234e-03 2.386265188597208424e-03
-2.196079249943905937e-03 5.728632989464111334e-03
-1.150484440596578201e-02 -1.690726232870989887e-03
5.045547486581690357e-04 -1.534739230490677134e-03
-1.569193705771416980e-03 9.648711370632586173e-03
4.907059086547287639e-03 6.597785319417135211e-03
4.129742767510251799e-04 -9.588807260240657989e-04
-3.909732543168042409e-04 2.021667607299851462e-03
1.819283754807997887e-03 -1.165805329458922263e-02
-4.437884851089269819e-03 6.066727128236215974e-03
-2.857291499892688526e-03 6.048845217382678007e-04
1.581519389115993313e-03 -9.507828165351221716e-03
-1.410556359138894714e-03 -3.141708254706705380e-03
3.190084950160373273e-03 3.198962020837773854e-03
5.067292970009522508e-03 8.429266988065044208e-03
-3.873553761553630119e-03 1.332837504185570288e-02
-2.085020330350304766e-03 -4.360354368859499681e-03
-2.630256280714404933e-03 1.293567748120474231e-02
2.427616889213440789e-03 -2.270831618417020782e-03
-1.655345719666536774e-04 -2.694407272172316052e-04
7.105788680743621230e-03 8.813185924018765438e-05
-6.725544572940538729e-03 1.237121862216443609e-02
-4.013383159409995328e-03 -2.062221039502478478e-03
1.297900902715581157e-03 -1.391205680956883505e-03
7.376155445880265560e-03 -4.123388271579739132e-03
5.799138476855304064e-03 -3.488551694650403497e-03
7.702913242004756980e-04 1.448366843295804431e-02
-1.862231992253724714e-03 -5.870442232662385906e-03
-1.080215268589632127e-02 -5.017319737726361022e-03
-1.593717302953401652e-03 -1.989991245775985483e-03
-4.188593070467654285e-03 -3.253565442715272357e-03
2.780687055580969083e-03 -6.691632827067718007e-04
7.016730783585383747e-03 1.123990609883822323e-02
-9.027126514965877133e-03 3.912925616826592665e-03
6.238488426626918187e-03 -9.007009219749459797e-04
-8.253131039087972798e-03 2.212651814369043062e-03
-2.612374369857441321e-03 -1.119935266663695667e-02
1.268332156039917152e-04 -3.418173976763875556e-03
-2.888169593003168164e-03 5.931144611459268808e-03
1.234497071864965219e-02 -8.178123131605966392e-03
4.575191674199233054e-03 -1.252046782009676781e-03
-3.030777104617549990e-03 2.678505206663408036e-03
4.588315625957195727e-03 6.199787070262895335e-03
-1.663296752427685351e-03 -3.513458600347304757e-04
-4.323377318828493764e-03 2.507669946192116542e-03
2.293758678770653307e-03 -5.555817883640464406e-04
9.720046777833882788e-04 7.864808129024739719e-03
-5.497223119698099389e-03 1.261865832694744616e-02
-1.006168564738361103e-02 -6.103129797473509643e-04
1.034357982744850239e-02 -1.077127459278720382e-02
-8.091172849292940436e-03 7.309098571154886391e-03
-1.831609438145066120e-04 1.151717008930719897e-03
-2.329809690882247639e-03 -3.913053386331038878e-03
1.233159122788122022e-02 7.083915427814065080e-03
-2.149299091319950648e-03 -4.283749924546420215e-03
-6.874251041474304519e-03 3.369669511804400993e-03
3.725486140542049428e-04 -7.911460518144248361e-03
4.480960858039661002e-03 1.048321931697705593e-04
1.104866635276128238e-02 7.834983843338335155e-03
1.275171826897548641e-02 -3.528977357347224710e-03
-1.221456112087267870e-02 -6.705687472537830152e-05
-2.922400180661996125e-04 -8.208202956301480224e-03
-3.230638382361639832e-03 1.205394392890167489e-03
1.119912877901047682e-03 9.555406592391282525e-03
1.068869896105940388e-02 -6.826544844930938077e-03
-2.720910714694410094e-04 9.465550426819924548e-04
3.771244143130261968e-03 1.728501551315601154e-03
1.325442094179619251e-02 3.028254529869787125e-03
1.169343380778572940e-03 -1.237996792333444836e-03
-1.301477284887202039e-03 6.218211710525495609e-03
4.569763216188788349e-03 1.166693036526548002e-02
-6.981892999784280497e-04 -5.546398083566514078e-03
1.550609644609011670e-04 -7.963413595770678366e-03
2.907520271184961015e-03 -4.087337259470647140e-03
1.241828713517822026e-04 -2.637153506048536128e-03
8.374663566187545705e-03 -4.068784849702239761e-03
-1.486362535035867143e-03 4.104963631317138859e-03
1.225776489732637552e-02 -5.118320009715400347e-03
2.020741569381800766e-03 4.436958813171219124e-03
-4.058311242196487902e-03 -1.418092431996350287e-04
8.901219337279936764e-03 -4.540737198917132317e-03
-1.040255789991258867e-02 9.285838095668245279e-03
1.395883696819981423e-02 2.966626113153492637e-03
-5.208303944794410306e-03 2.939994901123792366e-03
-2.414492937455259541e-03 9.722665470692094802e-03
1.017526714172383405e-02 1.097241356557886183e-03
-1.010661373017010360e-02 1.310098816555492485e-03
-3.441101037116147190e-03 2.856365461974637830e-03
-1.775026170931586888e-03 -8.930245354551592796e-03
-4.636820090914166650e-03 5.476307556071991108e-04
4.753051929509101090e-03 -8.417228495122218955e-04
-3.706039344243705971e-03 -5.851091554481734937e-03
-4.290774919385216199e-03 4.463749446090494333e-04
-6.476125022815619296e-03 -8.306010154633816991e-03
-1.650172800670864776e-03 7.100487992239203072e-03
-8.858941598745652402e-03 3.401345873329627428e-03
-1.329590041191687153e-02 5.422087442711427327e-03
1.838506663485344741e-03 1.542690263247524247e-03
-7.222020519337414221e-03 2.059602346634742398e-04
2.991149710335476442e-03 -2.320134351791242142e-03
3.548455805033681049e-03 3.238589415118486945e-03
9.374895992828986835e-03 -7.492163396856654778e-04
4.886526831433327112e-04 3.151383593797711311e-03
-7.876207774448761717e-03 -3.214864086352609961e-03
7.211163603320609001e-04 2.563199405989026632e-03
-8.860538135574004548e-03 -1.122055542065642994e-02
1.067161531861011677e-03 2.461943594990877171e-03
9.651074524492570840e-04 -5.195052223531783711e-03
1.422390304483181836e-02 3.171469237617406331e-04
3.932404064513049871e-03 -4.860023388911231985e-04
1.271397460192830522e-03 6.418999026188997037e-03
1.030312251335811780e-03 -9.317642226697918362e-03
-8.663742161986523471e-04 -5.034818340069548842e-03
-1.072992289217097016e-02 -7.436985594181593807e-03
-1.071852324674716674e-02 -3.250116830048097472e-03
-5.212806364884082534e-03 1.181298648954681729e-02
4.987239913030846322e-03 1.835058050819530530e-03
1.268916381434114296e-02 -1.874078248964286195e-04
9.808817484582865211e-04 1.475761158026810734e-03
-2.453194293817922370e-03 6.035050766710988238e-03
-1.002735894160617508e-02 5.933571068086574904e-04
7.804105750226714502e-03 -5.722406263038919833e-03
-5.287911554333968658e-05 4.263473208446357660e-03
1.025199935554135973e-02 -1.019541608832059271e-02
-3.557460645214387263e-03 1.450739376172642363e-02
-1.397304637876268553e-03 -7.046810608279755264e-03
-1.164042692273935123e-03 -3.240441490947299462e-04
-3.135705415901191007e-04 9.396897015263206906e-03
-9.587210723420955608e-03 1.049215852647782457e-02
5.732081602129925763e-03 8.726009426222276072e-03
5.792911750432615768e-03 2.119474805632186494e-03
8.028937236437532626e-04 1.242237343137497785e-02
7.083659888806095525e-03 1.038228118381116609e-02
8.768287164756558699e-03 -6.871472927717431518e-03
-3.833670828261303253e-03 -9.743868224711569812e-03
1.174088446532613184e-02 -3.724463984506307113e-03
-9.372245648575415131e-03 -3.180413102853076740e-05
8.214461334121597735e-04 6.955230136372392291e-03
2.414365167950814194e-03 1.634270735156028885e-03
3.177759266818300146e-03 3.058078815556189954e-03
-1.100121569522566518e-02 8.205200954927473200e-04
4.120482388316134854e-04 3.087104832829206877e-03
2.787712050419765934e-03 1.033760864004128980e-03
-1.273121766524485700e-03 -9.683964114328291392e-03
3.709615726415327937e-03 1.024085524913123484e-03
-7.132164353763068183e-03 -3.634863357941071210e-03
-2.077197067096761551e-03 4.653520424843749989e-03
-1.065564995027872778e-04 1.215995769899224114e-03
7.237667045842701959e-04 1.782178935273687854e-03
-2.935620250538566352e-03 -2.724359327369312196e-03
-4.481759126453266351e-03 -7.415782840163480556e-03
-9.315790150865678248e-04 -9.122283369045563984e-04
1.136223689435140148e-02 -1.561913171924870884e-03
-4.295149569971583661e-03 -2.037569672814688003e-03
3.199760289252521085e-03 4.120865696831975400e-03
-1.534739230490677134e-03 -5.045547486581690357e-04
-2.976684760752829929e-04 4.710774190974818462e-03
-2.995524360920702456e-03 -1.638102656338559678e-04
-1.673866478054766328e-04 7.822530390489315644e-03
4.512637219563526980e-03 2.089522750439976560e-03
-5.753284356149399904e-03 -2.477845660505713279e-03
7.669321501865875891e-03 3.882912586846863287e-05
-1.008541097615063033e-02 -4.938064949161070742e-03
4.629795096076731557e-03 -2.250554902316958227e-03
-8.885189502261796324e-03 -1.150232183121801914e-02
-2.062093269996671807e-03 -7.343553046436987128e-03
-1.776878246769050037e-03 -8.382742368439048035e-04
1.635995041488826594e-03 8.505999201871199209e-04
4.560215646602448075e-03 -6.119095165757031107e-04
5.470591907669542300e-03 6.548482586045416623e-03
4.964312852677213797e-03 4.818256728397017977e-03
8.527744685307680692e-03 7.416708878081531252e-03
-1.092611166963550033e-03 -1.005466065254481504e-02
1.008381443932113673e-02 -9.683836344823625736e-03
1.198912243852389044e-02 2.358165209243603087e-03
3.380941387721036638e-04 2.241805601145364316e-03
3.663218876301551057e-04 -2.303434017862800685e-03
-2.862464418894022228e-03 -9.190010742680321948e-03
-8.893012765493441094e-05 -2.051619662487274968e-04
3.274640427230081710e-03 9.201793696614036198e-04
2.061295001583066892e-03 3.260239944327756462e-05
-4.842780325581066969e-04 -6.674389763726133089e-04
-1.202871818141262091e-03 7.345277352769784621e-03
-2.617802827866525135e-03 1.719624480639342454e-03
4.456309491351870093e-03 -1.769342173918182076e-04
-1.169343380778572940e-03 1.237996792333444836e-03
3.564357870547375708e-03 -1.447533409168540392e-03
-1.059261606906122637e-02 -2.622305247957557820e-03
1.392371199400626973e-02 -5.547994620396007673e-03
3.268541470310697312e-03 -4.828730335902769837e-03
2.208404933287339954e-03 -5.587749784181385987e-03
-8.540485328554369045e-04 -4.893935134789325833e-03
-2.378186386335915531e-03 -8.522571766307707880e-03
3.743016394273352299e-03 6.273741170322405698e-03
1.024657089753227591e-02 2.723561058955707714e-03
-7.266022564205856099e-03 -1.919613527888096652e-03
-6.369696292816136134e-03 1.834930281313723859e-03
6.753516782790839300e-03 5.797414170522287996e-03
-3.919152343250423276e-03 -3.419100014681926251e-03
4.006358164571199344e-03 3.592968927915774803e-04
4.850859127840295541e-03 -7.025607854260280255e-03
8.210853300553690171e-03 -1.073260488781538607e-03
1.963615572756538530e-03 -5.140448801654285207e-03
-5.230304967228631245e-03 1.877208019848006920e-03
8.258303958089307367e-03 7.582243450049546037e-03
-1.796228924951061463e-03 -2.682081588835029135e-03
2.261028509822710954e-03 1.286264941906464267e-02
1.031522430908714781e-02 5.130901232067725491e-03
2.064073115339941193e-03 -1.210535427711768169e-02
9.754469601720626437e-03 -6.957752711120156024e-03
8.396536819117103589e-03 8.350938237419166382e-03
-3.249989060543651258e-03 -6.384129591009569515e-04
1.198209744368531303e-02 6.552410625352052959e-04
7.386629053386017420e-03 4.109466051408171977e-03
1.104349343375994781e-02 -1.959911421080252208e-03
-2.593151461180094684e-03 2.001390891199788906e-03
6.084609039087470177e-04 -1.969714529674562471e-03
6.367045948563927055e-03 -1.053909810598384865e-03
-3.170734271978362280e-03 -1.355154668846649414e-03
-2.290182296600174090e-03 -4.271424241203204339e-03
4.525090672411406778e-03 -9.126530250125421129e-03
1.189926627294954527e-02 6.198988801848149405e-03
5.798212438935892478e-03 5.574338642028693960e-04
9.075503210419545025e-03 6.965927631500763370e-04
-1.064383418104136725e-03 -1.459990027155183903e-02
8.822762817130753304e-03 3.486955157822050917e-03
5.934848763131034873e-04 -1.329577264241949691e-03
-4.200918753810870161e-03 -3.394448647995495800e-03
-4.446506382756417949e-03 -1.025809831246074499e-02
1.905435768706058471e-03 6.850653482204662435e-04
-3.154859202056121276e-05 -1.334162676311696771e-02
-5.325461821307395441e-03 7.280072553883229491e-03
6.905927402999532255e-03 -1.384978954533053110e-03
-4.959810432587542436e-03 -1.369124831682004551e-02
-6.593282899328605298e-03 -3.965932501874378999e-03
2.278782651175009777e-03 8.455547706856633879e-05
-7.869981048024712530e-03 -8.822890586634058938e-03
-7.730694379573496743e-04 -2.345711756397084180e-03
8.944295344228966188e-03 1.630822122487712335e-03
-5.179150158018088618e-03 -5.651230276736285071e-03
-3.633809550518355292e-03 -8.270757410936968590e-03
-2.940920939036619484e-04 -1.162318385937930859e-04
-5.997275448266596413e-03 5.280405969015097498e-03
1.880784402019628019e-03 4.032989376600195752e-04
1.472315710498420770e-02 3.444486347005991725e-04
6.601233932085452845e-03 1.622871089730864354e-03
2.561890059546048475e-04 3.739567781606395989e-03
6.674389763726133089e-04 -4.842780325581066969e-04
2.321986427628704858e-03 -5.100821407372210792e-03
4.575989942613979851e-03 6.058903864982671458e-03
-3.768721568382498235e-03 8.847414183817185057e-03
-1.755004993839493453e-03 1.158144885027750232e-02
6.920903430604043258e-04 -2.025116219965180384e-04
2.246308021235036544e-03 -9.211085727195129566e-03
5.953145633893489747e-03 3.950956474278954043e-03
1.574366624772750682e-03 1.461838937860030331e-04
-4.325899893577398944e-03 -8.068245788939307911e-03
-7.283521166549044787e-03 -1.185539199758576731e-02
-4.918458731971310505e-03 -1.078465408355313432e-02
-1.087089489689491931e-03 -1.214177134480466658e-02
-2.450797962333232417e-04 -2.841377109915550585e-03
1.151792716674895868e-03 -5.951864649538624562e-04
-8.615887242490412106e-04 1.427351738975411906e-02
-1.379465885111010731e-02 2.716251746588577241e-03
-1.435749059871114022e-02 1.363833937546411875e-03
-3.685188885060239773e-03 -3.901273125148251811e-03
-1.347138934564285663e-03 -1.200842143972509837e-02
-1.435060155787438313e-02 -4.127212768789073963e-03
4.670084836052433575e-03 -1.075956839352427974e-02
-3.254114264098054415e-03 2.451724040847601521e-03
-6.887568485384176591e-03 7.838059353214802544e-03
1.374572918850707273e-02 5.397031003778934681e-03
-5.907977875495463039e-04 1.007644325850499956e-02
-9.976673607065958405e-03 6.175629703225184002e-03
-1.400029927933953318e-02 3.363770175578009031e-03
-5.661367213662345244e-03 1.204941872989180075e-02
-8.072856212501783313e-03 -1.280776609862778513e-03
5.722619365702710272e-03 -4.934169478390970469e-03
1.592783110872759283e-03 4.763156453437243643e-03
-5.091104354087564766e-03 -9.546739465287846713e-03
-1.000861793082603087e-03 -7.265117204804233224e-03
1.155050368776370899e-02 8.030811525132337467e-03
-1.746015333920853058e-03 -9.550063049170895782e-03
-4.731154677331500351e-03 3.642552740781109487e-03
7.181461555827446663e-03 4.805112301062796493e-03
-1.955034288642054727e-03 3.823571439019978792e-03
1.386965543383407266e-03 3.546772783301539202e-04
-1.143597775027697938e-02 7.397915028397618158e-03
1.021380538335458187e-02 -1.021244560792649615e-02
5.078740052595892909e-03 5.561902462677860079e-03
-6.766505708769223783e-03 -4.176005702837959702e-03
-9.044108754676861289e-03 -1.698809412748074343e-03
-1.116217009938543642e-02 4.130983403391819478e-03
-1.017479623051040921e-02 -3.452766793022775827e-03
2.706466368037317998e-04 1.237225914808541853e-03
-1.065277224821865182e-02 -9.426607481147078818e-05
-4.640572576163970626e-03 1.115273802767538340e-02
3.849780859634465736e-03 -1.470129112768777746e-03
3.377828764849068015e-03 1.815407457014182793e-03
-3.343196775017563249e-03 -1.051793651727416998e-02
-1.330393285435870279e-02 -3.099844406697401487e-03
1.054245281623205147e-02 -3.008700591188842241e-03
6.218436163099943202e-03 8.859570017554362249e-04
1.229922586952554402e-02 -9.625243245814647623e-04
-5.761305052151192638e-03 -4.960790598853307733e-03
5.985705325495344021e-04 2.626603823432131432e-03
-6.797452244732314110e-03 4.930155475733476352e-03
5.684732364475914360e-03 -2.528151037828321387e-03
6.987855000099219525e-03 1.104317736611237430e-02
-7.088654106357871951e-03 -1.122192993519506056e-02
