-8.179975207438423563e-04 -4.252999600942402973e-04
-6.454124000381398357e-03 -7.243223273358030678e-03
-7.612866004149553348e-03 -9.129308363882296731e-03
-1.925584715302816260e-03 -9.839823347203940224e-03
4.555713226513918163e-03 8.261082071845962660e-03
-4.952913207254551822e-03 -6.313879642621607509e-04
8.179975207438423563e-04 4.252999600942402973e-04
-2.797387389509410540e-03 -1.955664539998549535e-03
5.422215212215873541e-03 1.938964206068747621e-03
1.276046757014708162e-02 1.438911877501611487e-03
3.682314015476468964e-03 1.523339585065513037e-03
1.484825809097874150e-05 1.071679894041300922e-02
6.537753439530552893e-03 9.010426181036293794e-03
7.167417097468346690e-04 7.925478856392868419e-05
2.037441903311384105e-03 7.061786635875179352e-03
-7.898336566387428870e-03 7.079285238219728930e-03
6.037701110962056736e-03 1.672173823103944267e-03
1.742551540991614089e-03 -3.653958497121043017e-04
-5.990411038327798574e-05 2.560549061736817119e-03
-1.216963303808618613e-02 -1.987468671028221751e-03
-5.544673777233497143e-03 3.963154388118864287e-03
8.092769386121294317e-03 7.312802722831171845e-03
8.126968322392047559e-04 1.987340901522415514e-03
1.256855732516098077e-02 -2.377260348416503945e-03
4.669422490358586531e-03 -2.608925757191626893e-03
-5.227782392480867513e-03 1.245312375498079313e-02
-7.924584469903571057e-03 -7.824382466327918506e-03
-3.875022528878677500e-03 -1.265046245797711924e-02
-4.433510200502902357e-03 8.550671745659951459e-03
3.953479049031722453e-04 4.622770101238858121e-04
-3.698088311486859292e-03 -8.194152966625248280e-03
2.074546722845693920e-03 -3.872499954129771885e-03
-3.926975606502606034e-03 -1.243297480838403447e-02
-5.178351889603341821e-03 1.659720370256064252e-03
-2.732310360127301625e-03 5.278681662683440586e-03
-5.839564139552124410e-03 -3.464028097469780149e-03
-1.158742003769516315e-03 -1.886085090525407718e-03
2.656504184229187531e-03 1.967990223341764544e-03
-1.124150263566793713e-02 -7.605170510401816804e-03
-7.441360244769322160e-03 8.245978274746091491e-03
-8.792995820714022415e-03 -5.339285456942012261e-04
2.466136975222692380e-03 1.111910570751677672e-02
-1.404065327569454374e-02 1.058564051023709249e-03
6.890235147723132100e-03 6.222315189769978341e-03
1.149717331116235745e-02 -5.481774460065199717e-04
-4.108122551519583117e-03 -1.005787902781667478e-02
-6.755747135393817132e-03 -6.932475079043637529e-03
3.575603344140980151e-03 -1.291974238418568642e-02
-1.073261431950665347e-02 -9.322546581621567879e-03
-3.261742660358593962e-03 -7.143801355725993771e-03
8.368569879832858660e-03 -1.139152727728741897e-02
-7.098690117495149408e-03 8.869049091731688594e-03
-3.018644958771159268e-03 1.152064949039263882e-02
-6.936691476335765140e-03 7.990026959376651805e-04
-1.200134260912129498e-02 8.063538043411537905e-04
6.772114666873585952e-03 1.083455320650174823e-02
3.775843052066708665e-03 -3.189277666809365447e-03
-5.077031824929765201e-03 7.950083050561841322e-03
1.855388978056005892e-03 -1.473250550536018763e-02
-4.729770751574565064e-03 -1.196734994426098750e-02
-5.604070528643767708e-03 -6.543139776802140740e-03
2.348900998194477716e-03 -2.718580131274743635e-03
1.358063863675742014e-02 4.921326757089158899e-03
6.057058452251799958e-03 1.225220222118723716e-02
-5.234541293166339836e-03 1.813479246884301633e-03
5.812834177664857232e-04 -3.957027370809596684e-03
8.475804861744762331e-04 -1.077227751707388395e-02
-1.164655030302863027e-02 2.160102277921625499e-03
-8.801498205665085270e-03 4.142683150571108835e-03
3.089195034491051817e-03 -1.376683931839398946e-02
-1.284228296192178095e-03 8.517790386806654867e-05
1.177482878426964856e-02 4.803140814297766382e-03
1.021668628592130833e-02 -5.811928766395894723e-03
-8.388956920176058110e-03 2.605163857338782616e-03
-1.090470402204861931e-02 -9.497211522898349814e-03
-3.171120960306343054e-03 4.129636788125852671e-03
3.715164823781184726e-03 -9.738546876008554593e-03
5.290176049731573626e-03 -7.041611139805910476e-03
9.475246005401272847e-03 -2.268880729787491751e-03
1.063501721127838604e-04 1.330641760624840138e-02
-1.174656179175752845e-02 -6.987566966276914128e-03
-9.151822713058628198e-03 6.904482724644167568e-03
6.491731067007010768e-03 6.468269780206675756e-03
8.039442203677834090e-03 3.613489527685746772e-03
1.309766239961400458e-02 -5.518333533951079797e-03
6.428846323892027127e-03 -8.546674209542115194e-03
-9.682602755410607553e-03 -4.303027419041106569e-03
7.631504250039832481e-03 9.714643052211899971e-03
-1.356158548960604074e-02 -5.541367676861081240e-03
-1.072743948060249711e-02 6.683393786224946405e-03
4.036641530025539618e-04 3.794309129816483893e-04
