-4.458496816644482233e-03 -1.065038091320730847e-03
6.396407215291876128e-03 1.104574464380603596e-02
1.076836870952588331e-03 3.383847270985758729e-03
-4.536825567290360059e-03 -4.394281940428311495e-03
4.443057770090603521e-03 3.728168136182373558e-03
2.207015876409473745e-03 4.812285540984143897e-04
-1.287047268231818545e-02 -6.752846283880538716e-03
9.787407250619625451e-03 3.148957137163333614e-04
3.916437532225846771e-05 1.664621924553218949e-03
1.243888269302914455e-03 -1.377262654592379190e-02
-1.049089723910326226e-02 -4.299252855853991778e-03
4.053010553692639600e-03 1.703850184629632355e-03
-1.084350438651255494e-02 -7.923913970993271341e-03
-2.423114469122979696e-03 -6.602159970004183552e-03
1.089625573254828905e-03 1.501737696838774784e-03
2.450879199021434307e-03 4.079913130423906166e-03
-3.843010917897729181e-03 -1.331828474286214864e-03
6.617599016558743143e-03 -5.086244513984050815e-03
-6.152543892677982650e-03 -7.447060067480082424e-03
1.550306046549791358e-03 -1.351551150204977417e-02
2.649479189391751571e-03 2.650660766320054283e-04
7.863211592186159209e-04 -1.559390597177107369e-03
8.936759271375106697e-04 4.535564279917159505e-03
1.836319338192160793e-03 3.007179545356556370e-04
4.088263297388127111e-03 -1.138465287668773748e-03
-7.708821126647365587e-04 -1.103739447684535125e-03
-9.602058981511934349e-03 -2.246404139351846491e-04
-6.032991210923040019e-03 1.014571422074024912e-02
-4.001057476067351043e-03 -1.921337834221575024e-03
-1.095724530174213736e-03 -7.250647402402948458e-03
-2.337760723639665909e-03 -1.569991974186844439e-03
-4.757842704006297677e-05 2.701432267017040562e-03
7.206533413730356608e-04 4.586192185416233802e-03
1.325665632614606926e-03 -3.913452520537840686e-03
1.628842277144442732e-04 1.050461197932570437e-03
1.882971727312811967e-03 1.645271246371888185e-03
7.360244293156542605e-06 1.103686757312931539e-02
2.903480870053743411e-03 2.762661549525852363e-03
-2.525759336998994933e-03 -8.792268032533346028e-04
3.797619816150850369e-03 5.275233050015124686e-03
8.610112837083634674e-03 3.895953918193972420e-03
-6.615283921762255513e-03 -5.028719383150844456e-03
4.665510858732604439e-03 -7.115863154041429835e-03
4.951987169334569512e-03 4.677373523116114089e-03
3.778732156929225181e-03 1.408432918597934090e-03
1.519763202893891938e-03 1.144692014092142706e-03
3.963617407077890502e-03 3.521680997806289539e-03
1.220926043236883300e-02 1.629097816155375411e-03
4.097331440351256390e-04 1.320206872996410215e-02
1.212424193633987977e-02 5.930873246756450910e-03
-5.599149429607121024e-03 -6.395273697421297726e-03
2.595338786473278848e-03 -7.594185824879204046e-04
6.098866508719896599e-03 4.399582628934090543e-03
1.178092681950167067e-03 3.729892442515390059e-03
-8.746604984106506192e-04 -1.202570035434627135e-02
6.832771571354197097e-03 5.080672460776133881e-03
2.453992562234029624e-03 1.275899880282502317e-03
-1.173255012405344548e-03 -3.268940604518179999e-03
2.329011422466711109e-03 -3.397897260663132555e-03
-6.060165152357234637e-03 -7.119679249529839785e-04
3.642223602234227753e-03 3.904703219366246775e-03
1.197368339196807838e-02 5.021295254104784361e-03
-7.488013798392678970e-06 3.200686327169868350e-04
-3.687949953436828448e-03 -9.295242070056893013e-03
1.063237123284774613e-02 -9.093001812762731978e-03
8.291960164956441864e-03 -9.881973316234918953e-03
-8.213838894262411733e-03 -7.479662466924501436e-03
-5.288357001773085625e-03 -3.654214036121721746e-03
-3.007850044263917465e-03 -3.046934709140794104e-04
6.203235682935076198e-04 1.941614550321879682e-04
-1.349125926957071842e-02 -4.924014959485519677e-03
-2.774923348116735411e-03 -2.915870438149290814e-03
-6.151282605304782096e-03 -2.159102199914260042e-03
4.290647149881340709e-03 1.091056126123839468e-02
-6.772069192557314196e-03 -3.302708755192410028e-04
-2.983198677578058171e-03 -2.292706035295229670e-05
9.617370258561939306e-03 8.918446574920985831e-03
1.696234401326683714e-03 7.623994284871219752e-03
-7.286299280306489379e-03 2.825646789758736940e-04
3.606970858537950943e-03 6.747018691662830768e-03
-4.149891714104992323e-03 4.340492612658344244e-04
-7.382797132200985372e-04 -3.165034449266460135e-03
3.034225717283935576e-03 3.851424969614282087e-03
1.102931567457984124e-02 5.991176491346531137e-03
-2.085818598765051129e-03 -1.167130501585184749e-02
6.957752711120156024e-03 9.754469601720626437e-03
7.085511964642987950e-03 2.290310066104158434e-03
-1.581519389115993313e-03 9.507828165351221716e-03
-3.126445036714972474e-04 5.350911456408111687e-03
2.490506593304079013e-03 3.721542275551059827e-03
-4.179380750335674570e-03 -3.086689872925029669e-04
6.775980824184086454e-03 4.837208272370866272e-03
-5.155089579794559437e-03 8.010465119098813744e-03
-2.268181274165381994e-03 -3.208637359928099772e-03
-5.237776573349447323e-04 -1.166600432734675105e-02
-7.827958848498968447e-03 1.275159049947150423e-02
-5.211289538502340835e-03 -5.612928054580424916e-03
-3.223948636979354597e-03 -6.425624886820310334e-03
1.142839938255251365e-03 6.572207914813115934e-03
-8.980937144804251523e-03 7.280471688090032166e-03
-2.057383369955724777e-03 4.474334997407666825e-03
-4.124649558954873035e-03 -1.266411331344654764e-02
-8.844636070055305211e-04 -1.590667824494389681e-03
1.346277598170390714e-03 3.218312699018424823e-03
1.071010919502936309e-02 7.616171021618356983e-03
-4.171429717578827891e-03 -2.651730399436016961e-03
1.041555408216474424e-02 9.522931962451309726e-03
-5.126398811978053263e-03 1.442232720664121800e-03
-1.712599485799975096e-03 -9.148786811563044746e-04
1.818692966344307750e-03 1.721875690683607411e-03
-6.632447274650292608e-03 -5.630554426428277526e-03
7.047608876694502061e-03 5.913646009116080987e-03
-7.134351679056251914e-03 -4.876835666652938953e-03
-9.390670288830289163e-04 -5.921597041871081270e-04
-9.729307157014394081e-04 -3.818822570170324511e-03
2.591427154846507024e-03 -5.266355979339545565e-03
-4.035384181844786991e-03 -3.125007920777583912e-03
-7.471982798869331206e-03 -9.141634047225510873e-03
-3.187897624867760266e-03 -1.956989712125224799e-03
8.679229267596960326e-03 4.280301311879463472e-03
-1.729299819730347951e-03 -3.539706503862087138e-03
-6.423245907277283420e-04 -1.256948336307973577e-03
-1.477485464359608661e-03 -2.284083339679647377e-03
1.186043714707585121e-03 1.386831030371195837e-03
1.257810489474481827e-03 9.901579533424897765e-04
3.754080790242794730e-03 1.126666508037487205e-03
-4.401243050515346242e-03 -2.844566682342670842e-03
7.809278669227258038e-03 4.072489001377846071e-03
-7.678533821997066307e-03 -2.983725581289416347e-03
-5.758585044660403940e-04 -9.158047190782424686e-05
1.739901196739404576e-03 4.156246210032345841e-04
-2.711698394571518053e-03 1.241044688223970696e-02
4.159598704583855264e-04 7.594042229680832146e-03
7.451370833314117925e-03 2.009868827668564485e-03
3.671840407970716237e-03 -6.709514737922398289e-03
3.136998354665757917e-03 -1.322844440298354823e-02
-9.192533317433527074e-04 -7.713451316243330642e-04
-1.363883222023322753e-02 2.719330003568173372e-03
6.230537393868710618e-03 1.442360490167425915e-03
1.517112858642253367e-03 1.925712484806801038e-03
1.548326201208454454e-03 5.933395821505356091e-03
9.919876404183404842e-03 4.668624221944519745e-03
-5.086308398736382776e-03 -9.391309136359319264e-04
-7.192642844945987268e-04 -1.065517052369671300e-02
4.590630720753683357e-03 -3.915176826871999069e-03
-9.135742570256042555e-03 -7.469987127833034937e-03
7.789464972086221697e-03 4.251674428813929235e-03
-9.143693603014819982e-03 -5.126925715689982163e-03
-4.664584820813192853e-03 3.069877595188156942e-03
1.865808374424774221e-03 1.043436203094454465e-03
1.093508485841969934e-02 7.348055466526659356e-03
-1.645207361620236236e-03 -3.795496375610569757e-03
-7.471982798869331206e-03 -9.141634047225510873e-03
-1.802918670334707589e-03 4.948937690874306156e-03
-4.170040660701751847e-03 -8.720708737717639339e-03
-2.784135668248715126e-03 -5.860766893572059988e-03
6.057514808103663800e-03 1.492988395667180657e-03
8.047378284376344518e-03 1.125620729856054332e-02
-9.465550426814215140e-04 -2.720910714701214005e-04
-9.707689443095308957e-03 -3.054630202889233644e-03
-1.038795002513533128e-03 -1.442344293496065216e-02
-2.266161697896509127e-04 4.077351580295815632e-03
1.140470009770289594e-03 2.181549873823572169e-03
5.029517362893053123e-03 -3.293010420297375757e-03
9.706186814578543834e-03 3.616516153028539234e-03
-4.802137372687365069e-03 6.677974705844203114e-03
8.101988678265850674e-03 -1.063488728074492469e-02
4.980268544898278776e-03 1.176757751393505552e-02
2.290143579958917389e-03 6.715339482785914402e-03
-1.061681604502436038e-02 7.510639996566248304e-03
-5.854184199685426304e-03 5.846728114667752545e-03
5.112333874077841511e-03 1.122819096205871989e-02
-5.499521790053845532e-03 -1.132068724457314587e-02
-3.793535078282222073e-04 3.827383487637282724e-03
7.080958791025573212e-03 -7.795175505561802165e-03
4.476633516608600344e-03 5.377443601948126740e-03
-7.051526084658584631e-03 -7.348320859859343648e-03
-2.280189521055216943e-03 -4.863761823824639882e-03
9.212155142919148387e-03 -9.476404447160901093e-03
2.078090299975581152e-03 1.340252968814200155e-02
7.197564981113009457e-03 -1.637455443992024470e-03
-3.987386522676633627e-03 -5.054896992297705505e-03
-9.593023774509663870e-03 6.051176226066870209e-03
-6.785845482791661235e-03 1.179588816628295879e-02
1.266778088030616131e-02 7.125377113958233921e-03
-1.356753213911062600e-02 5.781573978468652376e-03
-6.107726211043306916e-03 6.171273481238101141e-03
1.028556386178603420e-02 -6.211192217372136712e-03
2.109840587989461353e-03 1.057946214714567019e-02
6.101578614312225951e-03 -5.723290533326827814e-03
-6.899620694833844513e-04 3.153655303925744923e-04
5.075055311470217864e-03 1.945225575828950790e-03
-1.185265646529871236e-02 6.735220453307004009e-03
1.682206991391208602e-03 -1.155937123040410262e-02
-7.904037930184969890e-03 6.224634617562220919e-04
-4.561678719768618405e-03 1.249778225347498994e-02
5.844108243372233159e-04 -1.277233427094713082e-02
1.443513994018167171e-02 1.471813745560269322e-03
3.786631029653616306e-03 1.085248215385337806e-02
-4.504640140671383255e-03 -1.928870148242528559e-03
-1.507480826781737318e-03 4.805095027356173429e-03
6.666654482699383225e-03 -7.167758355794701629e-03
-6.045402709769439470e-03 4.325702521910276127e-03
1.096868141744110348e-02 -4.319847332846196708e-03
-2.218618272499914019e-03 7.727647589520503409e-03
4.981848254708350424e-03 -1.253794138609233035e-02
2.082964333713206891e-03 1.236004445684807558e-02
-9.214161039338060813e-03 -5.451412164539985034e-03
-3.143503506867183824e-03 7.776046783689333046e-03
1.019838540643436958e-02 -9.959723425055026086e-03
-2.835438957041643438e-03 -7.030194243596529259e-03
