1.805105995627320162e-03 -3.706965382161757534e-03
-3.359068134794906024e-04 -9.998332924328152613e-04
4.572541329946233808e-03 -4.710263112961601134e-04
7.259460588327446354e-03 -1.806303398248869634e-03
4.134372957106215770e-04 -2.981873505451953631e-03
1.173718031364369896e-03 1.245947825090972612e-03
5.457930974871176566e-03 -2.926344045655043108e-03
-8.938196387310371957e-03 4.118087583074640096e-03
7.833355655118270575e-04 -1.011231355288268532e-02
-7.814116338773441015e-03 -4.533440839376198447e-03
7.022957510008642767e-03 5.631879598554953223e-03
1.327389938948765526e-03 -6.484874323987651224e-04
7.249657479732565801e-03 8.628729131603011387e-03
-6.277652801949177089e-03 -7.639210025782725358e-04
2.588649041089632723e-03 6.871600697221414561e-03
2.377643656925759481e-04 -2.150225129238681789e-03
3.645672214900613339e-03 1.043463339564393820e-02
1.767202907678834057e-03 -8.362943914983519793e-05
1.041555408216474424e-02 9.522931962451309726e-03
-1.285575219372936872e-03 1.532088886237787393e-03
7.238944740889348764e-04 -9.574757270571934362e-03
-1.193994747465003175e-03 9.562303817729982764e-04
-6.741191099447625158e-03 -5.656530965242064120e-03
8.620714214092689565e-03 7.718720353351200825e-04
2.426020352387592499e-04 -1.689273291240329846e-03
-7.033095868058674045e-03 -4.530790495123308489e-03
5.134349844734900810e-03 -3.785294132807634927e-03
1.134540879091772321e-02 7.170195211216109574e-03
-3.264837318635200290e-03 -1.135521189951328551e-02
5.469330620296340012e-03 1.260524718479594675e-03
1.809736185218934965e-04 -2.393689317643268952e-03
6.485002093491088263e-03 1.916963183635207128e-03
8.291369376492181004e-03 3.497955669038590662e-03
9.647785332712602996e-03 5.615179264625370752e-03
6.460287424026539896e-04 -1.492699389910740262e-02
8.893731323481542106e-03 -4.220668566200145265e-03
1.414292394993237056e-02 -2.231076454631642468e-03
-5.123620698220607804e-03 -1.069572395589751986e-02
-1.013947166862521265e-03 2.608526622983001891e-03
-6.415885662977761743e-03 -1.532615789949716076e-03
1.290295408994129693e-02 -2.688610579091102459e-03
5.575192179114650710e-03 -2.551972996561784925e-03
-1.020751695112314533e-02 8.568507145650904044e-03
3.172193680829960352e-03 1.296784150026484596e-02
-4.315400971517880518e-03 6.105857537451231214e-03
-1.320787808669551637e-02 6.553884270351838411e-03
9.986168895059712239e-03 -1.119251801671499597e-02
2.341544796229308271e-03 8.155013176032486349e-03
-1.330670968401767573e-02 -5.717868928016078128e-03
-1.042984559045723398e-03 9.967959247161640307e-03
-9.155144050248103030e-03 8.330670832546217819e-03
3.215847418751676973e-03 7.051148986425869944e-03
1.306423389769540561e-02 -1.903807965145053053e-03
2.212079841259062454e-03 -2.840449420885493223e-03
8.014309042604309680e-03 -5.532462927807746574e-03
-2.600073539660964096e-06 -5.967848886151256964e-03
-1.202753662310818671e-02 -6.174673490503919046e-03
1.183374096200801723e-02 1.134434982663673225e-03
7.188988686634558561e-03 1.174115031476961543e-02
-5.908964250545205299e-03 -1.243806415433577374e-02
6.263491755020944574e-03 -1.000768068682907075e-02
-6.748002160598989309e-03 -9.865464649478784126e-03
5.930387169830573721e-03 4.727616419680376846e-03
-9.794682809701553070e-03 -8.195116367809309604e-03
3.982878905710384755e-03 3.047133132895671944e-03
1.756823363298353445e-03 7.028706863050858226e-03
2.498709289393423287e-03 -3.862364457792176096e-04
-1.436834922035466929e-02 7.883492508217031800e-04
6.755045122244770182e-03 5.422211627534408900e-04
-4.848320607632707535e-04 -8.183353316733728636e-03
1.324372209124325891e-02 8.905105449695919790e-04
-5.197653870893256811e-03 1.378757587247129643e-02
1.219981725211428860e-03 -1.376917008433392771e-02
-8.515728204241948193e-03 1.775623410096196359e-04
5.379611742176852382e-03 -4.234421397804808557e-03
5.989492416472197781e-03 6.129711400603318240e-03
-3.379539077839466190e-03 -8.791004126121446452e-03
1.003186560488019373e-02 -3.853945860324234710e-03
3.250236346114093212e-03 -4.383851361808902523e-03
1.456032772369378206e-03 -1.256069868971746231e-02
1.075475938328123923e-02 -2.705786729228421960e-03
3.078930820902519259e-03 -9.412636026757247726e-03
-4.442687815267419398e-03 7.265971782046088019e-03
9.771469404799367278e-03 -1.019621061106884899e-02
1.205143411077714763e-02 5.014754685203928058e-03
7.976348489532943120e-03 1.159363210183881124e-02
-3.709651974225432105e-03 -5.287880157135302177e-03
8.068195606620240379e-03 -4.175445187890024570e-03
3.743519982103095736e-03 -5.738982891201221438e-03
-8.474998379529091394e-03 9.652049233070053927e-03
7.970184144856947567e-03 2.367562703146240048e-04
