-2.513896672614805271e-03 1.284649181454096227e-03
9.582735298906564642e-05 1.326502231880525087e-02
-9.355545314645833527e-03 2.593023691675430328e-03
5.134318193344279517e-04 -7.923786201487464237e-03
3.838971516767082735e-03 8.181827283282034138e-03
-5.364035408166754372e-03 -7.764478355944640087e-03
1.188614232119158259e-02 -1.252845050424423144e-03
1.060136537023576150e-03 7.590194482811179469e-04
9.421548381948495476e-03 5.953369521519268764e-04
-9.675214813155336158e-03 6.241011001374462477e-03
-7.059264061127415620e-03 1.261335763844416945e-02
-1.388555336704674209e-03 -2.078921373430919935e-03
-1.284297524337041016e-04 -1.120372731722332413e-02
5.055893324585718218e-03 4.242398223931548307e-03
5.565620992243860282e-03 1.250255425785831709e-02
-6.019148701196152564e-03 -7.139317118106310381e-03
5.341108347813121847e-03 1.074767703352212840e-02
3.884027369058240097e-03 -5.095520718866431743e-03
3.210489435764881608e-03 -1.036015239187364038e-02
1.787479623779467553e-03 -2.285807646013805761e-03
6.265662368061111938e-03 9.956981223718287116e-03
-1.502264600550703467e-03 8.791086455605527303e-03
-1.019991850841026407e-02 -1.379007767118333068e-03
3.163709277140926319e-03 -3.477694778631094854e-04
2.385309827168365440e-05 -7.029184236431901787e-03
-5.707430235443495745e-03 -8.444243015661830054e-03
-9.091277506428574462e-03 -7.367406144708670349e-03
-1.624723165568327070e-03 1.469320504979313921e-02
-1.021818489175612635e-04 3.699940387324322007e-03
-9.255087772062429996e-03 -4.371881783787967893e-03
-1.484825809097874150e-05 -1.071679894041300922e-02
3.213139780018451578e-03 -1.114117286258783750e-02
-2.504221333525160232e-03 2.206552857448516782e-03
-2.873991833822490873e-03 -2.019943300968195417e-03
-7.951032756847112998e-06 2.343061412143513777e-03
-1.555814215005486487e-03 -5.613327188787227591e-03
1.123617029578475451e-03 -6.628535643024310517e-03
-6.808247974171642569e-03 6.558030155631756897e-03
-7.533738985090071040e-03 1.510886132218993913e-03
6.995783568573877426e-03 -5.225802547137598127e-03
4.471413288451958970e-03 -1.217400768867255532e-02
1.020694350325020150e-02 3.081931913827873609e-03
3.252511635291415425e-03 1.121432869423374251e-02
-9.617833277520965521e-03 -6.895453795493779528e-03
-8.434471558463802789e-04 -8.018017017648178604e-03
-4.104963631317138859e-03 -1.486362535035867143e-03
-1.447533409168540392e-03 -3.564357870547375708e-03
3.883101331138828511e-03 -1.049535160013158851e-03
-1.260349471892451348e-04 1.072912462375622336e-02
-1.465958049431139582e-03 -9.454150781391772174e-03
8.697781677365366837e-03 -1.186841983123122085e-03
2.791160663082373726e-04 7.563691040289085427e-04
-3.585432855063545952e-03 -3.661239030961660045e-03
2.681953819331725237e-03 9.560707280895702417e-03
2.496270300768313119e-03 1.365085546949972115e-04
-8.840516958483052995e-03 9.291138784174023460e-03
-6.162011751819645826e-03 1.232191588879157432e-02
-9.373043916991521951e-03 -7.342754778022021755e-03
-6.995783568573877426e-03 5.225802547137598127e-03
-3.225337693857220807e-03 -3.566465485405102831e-04
9.183272938239409044e-04 4.817330690477605523e-03
1.009681062157465233e-02 9.124933713297068982e-03
4.023186268005446604e-03 -8.372811490350084290e-03
-4.953839245172603385e-03 3.414597594592254023e-03
-1.125395608851445517e-02 3.610882490164722333e-03
-1.653621413336679637e-03 5.705578159608317443e-04
-3.939556828854931178e-03 1.014001439802948885e-02
1.903583692868595321e-03 8.777036465928153910e-03
-1.555941984510151276e-03 5.743609017058393974e-03
-2.667105561239604614e-03 1.156091659515946345e-03
9.570382619986706613e-03 -1.760050143336163234e-03
-1.035750204762143217e-02 -3.991509906480220603e-03
-6.591558592994446047e-03 -7.009674137353023513e-04
1.433611188995831572e-03 -1.119842662871754421e-02
-3.946581823693727162e-03 8.437090251318586989e-03
7.226395169923782551e-03 2.277984382760262546e-03
-9.440324679330872742e-04 1.030382466366198263e-02
2.791160663082373726e-04 7.563691040289085427e-04
4.059237280115899488e-03 -3.904176315653638298e-03
-1.040852908732730828e-02 -7.820007815741551044e-03
1.645670380579832308e-03 1.772503596182682141e-03
-1.278869531900513230e-02 3.106327741506553081e-03
-9.095779926523469942e-04 1.505585443712291558e-04
5.066622471099221058e-03 -1.023861986477542924e-02
1.389190786297773983e-02 3.824251028179408325e-03
7.211546911832803809e-03 -8.438814557652746240e-03
-1.365506953520378465e-02 -1.928490598562994894e-03
1.294455455188214116e-02 -3.758790690283742193e-03
-2.504221333525160232e-03 2.206552857448516782e-03
2.839792897549500705e-03 -1.054066299143593781e-02
1.777804284688461623e-03 -3.207711322009368198e-03
-2.600176456017530210e-03 2.984667444900300070e-04
1.777324858054226894e-04 1.176726013834557966e-02
1.020879557908766465e-02 -5.010039203879814926e-03
-1.286373487787112729e-03 -5.778861760755241508e-03
-8.816663860211369774e-03 2.261954547742122974e-03
5.953145633893489747e-03 3.950956474278954043e-03
-1.732077933485861362e-03 8.598250172700015737e-03
-5.165898436755462023e-03 -9.556332630309334955e-03
-7.428108523506695565e-03 4.340875921173042475e-03
-1.619616153679339591e-03 -1.814496709171740615e-04
6.430990308433842846e-03 -2.759435771132671359e-03
4.128144515149805016e-03 1.238560158205602967e-02
2.147595047213914608e-03 1.258973797756109819e-02
-5.623740712717728921e-03 3.821461921671122190e-03
-3.092762038995693161e-03 -1.253573763836395537e-02
1.004677861859927003e-02 1.071359777103468060e-02
1.064935732512183389e-02 -6.221590248514357463e-03
6.307158890725871525e-04 7.545770742701391094e-03
9.174029220167877197e-03 -3.314020005707560279e-03
6.669561957402603443e-03 -1.195039818744191192e-02
3.853638114033770649e-03 -1.175895671262041763e-03
1.445928324074958853e-02 -3.773774116778759544e-03
-1.174408521647194673e-03 -4.260698931660336815e-03
-5.827451612115878803e-03 4.398484950253070489e-04
-1.715163620497818942e-03 -5.365755287870413968e-03
-1.362760337064893718e-02 4.860098439400424228e-03
-6.308943602664251853e-03 -4.247174530518864344e-03
-1.789282871529893938e-03 -1.473588992822678304e-03
5.125722032113066637e-03 -1.382459813547030555e-02
-9.293904430779738671e-03 -7.301367916435401104e-03
5.141729299534259206e-04 5.628471978886972690e-03
-6.268574785958260127e-03 4.150494419029119794e-03
1.035205947588735409e-02 5.073170755023991138e-04
-2.573487875987028311e-03 -8.351029248916289754e-03
2.844296525907534599e-03 1.264301082011536938e-02
6.267005298840203423e-03 1.252826850674071055e-02
7.445898266389747340e-03 -2.070916198822049439e-03
-9.014419807019876133e-04 -5.530298164074131349e-03
4.828212131151251446e-03 -9.004725914537091772e-03
-5.407548371777769897e-03 -6.629496292328557324e-04
-7.820614333561019121e-03 -5.543524852591797704e-03
-8.182715699026718581e-03 9.051157922802460093e-03
-2.226609986669610217e-03 1.034677055476966243e-02
8.060615992251295159e-03 4.641685566274339697e-04
7.724093963345186192e-03 1.559740659348694347e-03
-9.193328647422751437e-03 -1.061265295356698772e-02
-3.422282386429167760e-03 3.003837514463290632e-03
-8.425423218905502774e-06 7.750613782147594034e-03
8.412164872599877524e-03 -1.148132488962360677e-02
1.124534746286958396e-02 -2.687644698932067054e-03
-3.108162787854944296e-03 -1.154162063491539353e-02
-7.723726426815615172e-03 -7.489417257087648862e-03
3.952277803341347137e-03 8.001891037047353591e-03
5.662658150738961128e-04 6.854225894097093486e-03
-9.495132246220451891e-03 4.745526235506754634e-03
4.155829106567223569e-03 4.853350198853007176e-03
-1.628258516892751306e-03 3.091250108093475391e-03
1.407719829085120799e-04 1.108101194040442619e-02
-8.612433376868229833e-04 -1.358980397272419906e-02
3.240002578214121621e-03 -4.799377256679560055e-03
