-9.765070978730605068e-04 1.008183459398287159e-03
-9.894426769081438727e-03 2.924092835610097706e-03
-5.903842900521771159e-03 -3.387423653156700250e-03
3.600281113155666575e-03 1.437803797137330794e-02
1.973387029965446848e-04 -9.102804921357041806e-03
-3.004401431598103904e-03 6.225236705364291592e-03
7.132930970785177939e-04 -6.450675387714223039e-03
-5.754210394067451467e-03 1.568139898348701496e-03
2.694407272172316052e-04 -1.655345719666536774e-04
-7.625319456998575461e-03 2.086744636684463583e-03
-5.993571296590310959e-03 -1.090353626639913726e-02
-2.853044618812127300e-03 1.444576534500898769e-02
-1.390078493365399723e-02 2.564795942817379645e-03
-2.827339444701620474e-03 -6.753900091294605303e-04
-6.236764120292759804e-03 4.165666010114021760e-03
-4.100716750236578501e-03 1.235451828823485101e-02
1.329577264241949691e-03 5.934848763131034873e-04
-4.061089355953362637e-03 1.199614743336132640e-02
4.798778280710559903e-03 4.548816001179786100e-03
8.619995656122842343e-04 2.550873722645811623e-03
-3.138131872535084715e-03 -3.416449670429716739e-03
-4.918586501475755851e-03 5.722821222949900193e-04
2.562401137574279834e-03 -8.032067007324408814e-03
3.925251300169807674e-03 9.168009720246100142e-03
6.593410668831909197e-03 -7.391003703972384882e-03
4.167390316448181010e-03 9.501729208431834717e-03
1.422747942700208074e-02 -4.509859105808014003e-03
-5.084919341857375118e-03 -7.008109251917092435e-03
5.083322805029022971e-03 -7.613792042068965801e-03
-4.812828270387934163e-03 -7.954664294599084889e-03
-3.432670577720774510e-04 -1.203670086556280980e-02
-9.877789737924181496e-04 -1.453562151058333460e-02
1.319901925149801879e-03 -3.284187996810979506e-04
3.720217103424384129e-03 -2.099996357945729288e-03
-9.995682580080947344e-03 2.578047664080005807e-03
-5.412539873124868478e-03 -1.017060530073185184e-03
8.985616557434603774e-05 -3.840823592604545450e-03
4.753850197923848754e-03 6.469227797480127211e-03
-6.268855441724887397e-04 -3.920078381168473972e-03
8.380762523106930970e-03 1.680124855861933261e-03
2.525168548536666120e-03 1.425915578852730500e-02
2.844167548140169631e-04 -8.056718374006272389e-04
-2.143072364894759579e-03 -9.891776424829228781e-03
5.353050722639841018e-04 4.495936885633943642e-03
1.940560742898460225e-03 9.199686081771326143e-03
1.228321453242439340e-03 2.474397047830107204e-04
-5.293657690277723225e-03 -2.092173094693546963e-03
-1.086205679627959969e-02 -2.456770675989543469e-03
6.166258632900207051e-03 1.518964934479144924e-03
-2.581751815754930370e-03 6.188259655334427123e-03
-4.118215352579765454e-03 2.418739818537182090e-03
1.172153378714297853e-02 -5.568271336496070228e-03
3.200814096675236569e-03 -1.128205606786806051e-02
-9.844197997790307686e-03 -5.583599021209209590e-04
2.553524066898020702e-03 -1.643020036327623012e-03
3.240441490947299462e-04 -1.164042692273935123e-03
2.158974430410956144e-03 5.205653600541981785e-03
-3.683240053395880551e-03 2.522645973787760072e-03
-1.003186136169584644e-02 9.466348695231684152e-03
-1.289151601543987464e-03 6.359094915805718617e-03
2.474397047830107204e-04 -1.228321453242439340e-03
4.373478320616320039e-03 5.366813521923628240e-03
1.029322328665292774e-02 4.068114350791940045e-03
8.576249150270581116e-04 6.692910522071351259e-05
3.613532834416931846e-03 1.047293561779911661e-02
2.261156279327375743e-03 1.505713213219020668e-03
9.301740161183080086e-03 5.716435075624200224e-03
1.995291934280404075e-03 -3.155758244384079206e-03
2.392491915021039035e-03 -1.078545235196788112e-02
5.321885439135774776e-03 -2.453066524314618038e-03
4.380503315454897448e-03 7.069737668632027766e-03
5.867791888410175960e-03 -1.081211521538385286e-03
-1.225671108990229827e-03 -1.028460175498349498e-03
-4.076735882459088176e-03 -6.031602154044031494e-03
4.400204486844187801e-05 2.125573762551570892e-03
1.175573272341711231e-02 6.992334955906702107e-03
4.760076924347897941e-03 8.612012971986793188e-04
6.747290056365649533e-03 1.140544067080509656e-02
-3.037674329946676074e-04 -1.038135514589355211e-03
-2.209362622602596520e-04 -6.581883253903440985e-03
3.092277751829180556e-03 9.382847025585833514e-03
4.073287269793273747e-03 -4.983280222343386412e-04
1.393603767734948387e-02 -5.407111415115784664e-03
3.818950339674770725e-03 -1.232986692154956418e-02
-1.137283827136045811e-02 4.685995054783724523e-03
-3.650509884446796315e-03 -1.089558523364228884e-02
-6.753644552294144066e-03 5.559522035324475885e-03
4.575191674199233054e-03 -1.252046782009676781e-03
7.892109839963598258e-03 -1.471258737935777616e-03
2.669755905491813693e-03 -1.937112130231284906e-03
-3.493054114741436181e-03 3.073853111566580282e-03
-9.116982680539080855e-03 7.753749209429778091e-03
3.557460645214387263e-03 -1.450739376172642363e-02
3.529423968630825137e-04 1.295860454155837310e-02
-2.125573762551570892e-03 4.400204486844187801e-05
2.465136668643028899e-05 2.817664105604467768e-04
1.016029111412955141e-02 1.737378621991640844e-03
-3.154033938049920389e-03 1.269673153858671705e-03
-1.649246762750311741e-03 3.054502433384568855e-03
-6.507929153845291512e-03 1.066235493942960764e-03
1.615590555884318692e-03 1.440971433289853568e-02
4.777575526691085761e-03 1.079697976689635019e-02
-8.363934419673825157e-03 -1.041223323900223457e-02
-4.534766011502412708e-03 8.204626574129859559e-03
-5.830016569965565561e-03 8.814811784373906625e-03
-3.327391773270117498e-03 -8.013642367061809407e-03
-7.060062329542381859e-03 5.302406991449317569e-03
1.588544383953428406e-03 -7.804904018641461300e-03
-8.893012765493441094e-05 -2.051619662487274968e-04
5.763885733159598845e-03 -6.462362223544999493e-04
6.565182919973857646e-03 -2.845764084964220314e-03
6.411974031350419628e-03 -2.974321606901228314e-03
2.969946956316002300e-03 3.928029413925321518e-03
2.667903829661640285e-04 6.154858987473243179e-04
1.035485170335785025e-03 4.772530377195292883e-04
-5.010166973383117957e-03 1.148140626759098799e-03
-3.933202332926655220e-03 -6.824948308102585931e-03
-3.001623317841229169e-03 -5.912719971196668534e-03
-6.441000048623217109e-03 2.086105789170446430e-04
1.395711266186565498e-02 -2.983389749855840101e-04
-5.885290490753363780e-03 -8.854566948159284939e-03
-7.721434000379379797e-04 -6.391697315250357073e-03
4.345378341262714703e-03 -1.444883064916331096e-03
-5.281523079207414706e-04 -1.414994894477116655e-02
7.808352631308636618e-03 8.118474560232942158e-03
-3.405976062923964012e-03 1.137098619552299669e-02
1.413762326142909559e-02 -6.690355132023262374e-04
1.210283170236991883e-02 -8.511842619792844150e-03
1.156091659515946345e-03 2.667105561239604614e-03
-9.660111016056608171e-03 -5.756062469907416088e-03
3.839897554685133864e-03 4.135841724427618930e-03
-2.959441697424855001e-04 7.975739279112752794e-03
-2.486594961677307189e-03 7.853951213005650085e-04
-1.191344403212793879e-03 1.752099110576593906e-04
-1.103819274525667110e-02 3.978704796509359778e-04
-1.360455357351068439e-03 4.732775213409039401e-03
1.348927942422600444e-03 2.437292228303085829e-03
-8.798239219948770368e-03 8.151747458586518572e-03
8.056718374006272389e-04 2.844167548140169631e-04
-1.273939258563227227e-02 3.669860562627447718e-03
-1.267948847524512888e-03 1.109311500891552822e-04
9.788796307498062385e-03 -5.754082624564147569e-03
-1.593717302953401652e-03 -1.989991245775985483e-03
-4.233521153254147726e-03 -1.333153646412428691e-03
1.209912755069385282e-02 7.672099615623891207e-03
2.780687055580969083e-03 -6.691632827067718007e-04
-1.435335495324327926e-04 7.933461540585540032e-04
1.439710145916358068e-03 -5.449516923154732947e-03
-6.626811336691294449e-03 2.141348058561961653e-03
3.932404064513049871e-03 -4.860023388911231985e-04
-3.005199700011708386e-03 -1.085713941629417971e-03
2.763188453237781696e-03 -1.060494175240444224e-02
6.947406873126138385e-04 -9.835320927118569242e-04
4.728400562822671072e-03 -1.123489260072668564e-03
-8.984721006925785666e-03 -8.583401914607895547e-03
-7.133090391682480637e-03 4.111222009122021161e-04
-5.268080285673023937e-03 -5.856392242985012514e-03
-7.036177579875118639e-04 7.372579063709786343e-03
-6.917327048423334811e-03 -2.801889809600443225e-03
7.844690833811534224e-04 6.532580520530580082e-03
-4.903610473880330896e-03 -6.785514314012553241e-05
-1.237996792333444836e-03 -1.169343380778572940e-03
-1.310121205317275536e-02 -2.899697007932779125e-03
1.041210546949892894e-02 2.993001786172939157e-03
-5.344684729984743379e-03 -5.920671003953516948e-03
7.290673930889080131e-04 2.201379938455128276e-04
1.179561449279515912e-04 2.970872994235413886e-03
-8.242529662078917907e-03 -9.114300684898097096e-04
-2.632140007945431466e-04 -5.442491928315936096e-03
3.501005147498283294e-03 -5.416914523710094492e-03
-5.416116255295346828e-03 3.809945499494065378e-03
-2.464466169738421895e-03 -9.508754203269270677e-03
6.120532281698966813e-03 -3.871573916210360733e-03
-3.293863335907428781e-03 -1.412092292749814876e-02
7.660444431189616758e-03 6.427876096865255302e-03
-4.193095490557326513e-03 5.619426145707754304e-03
1.110604788839679793e-02 -5.301480953531266874e-03
4.384239118522025372e-04 6.633836331528730410e-03
2.658643450467522255e-04 4.661471457600596668e-03
8.997748840568952841e-04 1.028447398548133426e-02
-3.432670577743605640e-05 -1.203670086556008888e-03
-2.018218994634037033e-03 6.138956921961567087e-03
0.000000000000000000e+00 0.000000000000000000e+00
2.661804872734967013e-03 4.059492819122288709e-04
-8.594769908645211523e-04 8.025042012486972853e-03
7.018582859422846029e-03 3.147934981130535992e-03
2.191704599357537607e-03 -8.212577606887847687e-03
-1.831609438145066120e-04 1.151717008930719897e-03
-1.387693183538231401e-02 -4.464388293614523009e-03
4.651796118510952496e-03 -1.187768021041172781e-03
-3.614586641839647764e-03 4.929986146900920164e-03
2.491640111171693206e-04 2.036643634896636874e-03
-9.601260713097187552e-03 7.086310233057164024e-03
8.158101954513654816e-03 -8.166723486181944394e-03
1.939762474484855092e-03 1.888735434777617014e-03
1.276698148696107015e-03 4.856958084759679939e-03
4.551338575926188942e-03 5.777137454421083992e-03
-1.886883358939012417e-03 -6.152208643224193682e-03
7.965137902103696169e-03 3.420026052601338271e-03
2.201252168945239639e-03 4.066262274954476896e-03
-4.198268409558660215e-03 -4.175469118710834794e-03
2.877440446489446749e-03 8.549873477245204662e-03
-2.477845660505713279e-03 5.753284356149399904e-03
7.873557430196333196e-03 3.995884557065445750e-03
1.623669358145611585e-03 7.097167149068965867e-04
-2.922400180661996125e-04 -8.208202956301480224e-03
-5.148399834412274202e-03 3.794458393883361376e-04
-2.817664105604467768e-04 2.465136668643028899e-05
8.052343723424473104e-03 3.602229307109890664e-04
1.903137081577487011e-04 -1.080572906806794367e-02
-3.337194881864427327e-03 2.421390162789392037e-03
-3.914905462168501160e-03 1.042178080858993487e-02
1.879060095685469636e-03 -2.861666150479056422e-03
-3.131106877697649189e-03 -1.713525523719957623e-03
6.675188032144962341e-03 2.468170321414707782e-03
-2.783337399834539486e-03 1.450183753420968696e-03
-4.518736176482910510e-03 -7.838432456004150450e-03
1.259493299818042859e-02 1.169471150284379611e-03
-2.562273368069615045e-03 -3.324869198521211884e-03
-7.447459201687346535e-03 2.497068569183059916e-03
5.718829880867299167e-03 1.263111177979532596e-02
7.639241677170143484e-03 1.267603986258181853e-02
5.029389882060465028e-03 1.205260293107764807e-02
-3.118462352573216079e-04 1.266186210340114124e-02
-3.345177566004826734e-04 -7.068811630713976203e-03
-1.130405709030228231e-02 -4.263600977951021581e-03
1.593717302953401652e-03 1.989991245775985483e-03
1.250507683260722314e-02 5.010294742887564171e-03
4.569763216188788349e-03 1.166693036526548002e-02
5.648579932484075125e-03 -4.398129687302750924e-03
1.999794354371437627e-03 -1.202874983280596485e-02
-1.807756339879529892e-03 4.487985852877096095e-03
6.251612378383300311e-04 6.551132930293980831e-04
6.454379539383923699e-04 -1.547064913833892143e-03
-2.335110379386666664e-03 -2.351012444900360890e-03
8.496738822690691169e-04 2.409990517365587746e-03
-9.860546674594016479e-05 -1.127065642244289663e-03
9.537078070240932043e-04 -9.381920987666421061e-03
2.060368963665015762e-03 4.078587958297692773e-03
2.829063751034636975e-03 3.940355097269897418e-03
1.421952839424409087e-02 -2.166797693663138034e-03
5.887270336096634034e-03 -1.059434037539538562e-02
-5.705578159608317443e-04 -1.653621413336679637e-03
-1.034610240219626699e-02 1.953588576544176142e-04
-1.126005504543384043e-02 -2.138027215399450690e-03
7.540763979928867891e-03 1.920380144919075181e-04
-4.293553033142090067e-03 1.258433162117000848e-02
-2.447893605319431437e-04 4.473009825284612363e-04
2.616749020442667335e-03 1.368329728406205564e-02
-3.665613681546885626e-03 1.101488237638447625e-03
1.535793037913392618e-03 -1.489836701604186665e-02
-5.188953266612398446e-03 4.783802253114917240e-03
7.310024609074297977e-03 4.045187290439667543e-03
7.825979003157630676e-03 6.697316824083629494e-03
-1.597293685125022750e-03 2.837014783792625970e-03
-1.686223812779957202e-03 2.631852817543898528e-03
-4.681748173702020982e-03 2.468042551908901112e-03
-1.979389868765567967e-03 -1.530364579904309238e-03
-6.048845217382678007e-04 -2.857291499892688526e-03
2.712959681945509207e-03 -7.122489014672062253e-03
-9.485827142916999910e-03 -5.187325078402074338e-04
4.471413288451958970e-03 -1.217400768867255532e-02
-1.962848955738292003e-04 -6.300116843342994100e-03
-7.195198235037088622e-04 1.205870188799703160e-02
1.302380934044492823e-02 -4.475532400029217164e-03
1.641295729993464412e-03 -7.114410212410550785e-04
-7.625958304527391540e-04 5.887142566592187820e-03
-8.697653907859559733e-03 -1.017009422272386124e-02
1.816505641051123802e-03 4.799033819717388009e-04
8.370288915602319690e-03 -6.552729467127339606e-03
4.512637219563526980e-03 2.089522750439976560e-03
-1.349853980342012030e-03 1.608693330550186847e-03
6.395273697421977738e-03 -5.599149429606550300e-03
-7.489609170718326131e-03 -7.720476311076199076e-03
-5.485567935266108053e-04 -5.908345320608939747e-04
-4.233521153254147726e-03 -1.333153646412428691e-03
-4.731050907074881018e-03 1.904509730788007341e-03
1.107516979528517381e-02 2.477913619109567422e-05
2.446967567394091759e-03 -4.270242664270382238e-04
1.071536182447379790e-03 4.945888212414614390e-03
-2.958164002378204944e-04 -3.381196926732868771e-03
1.259493299818042859e-02 1.169471150284379611e-03
-7.925478856392868419e-05 7.167417097468346690e-04
1.095191296185394660e-02 -1.384052916615001981e-03
-6.059383291609835021e-04 1.254563026480734825e-02
-5.953145633893489747e-03 -3.950956474278954043e-03
-2.043668629734072401e-03 -1.453760135592590012e-03
-3.003475393678691450e-03 2.179251146511018700e-03
1.487064685337666572e-04 9.001549110360034661e-03
-3.697705002973304244e-04 -4.226496158416711765e-03
1.271397460192830522e-03 6.418999026188997037e-03
-8.916993633290326224e-03 -2.130076182642604010e-03
2.446041529476040630e-03 3.618961292427376984e-03
3.884825637472987328e-03 2.215429928125916929e-03
-3.633011282102247604e-03 -9.598067639434776019e-04
4.421056747656382582e-03 2.665381254906587678e-03
2.310459012700236212e-03 2.069246034339914438e-03
6.819647619596806883e-03 -2.371161391497119113e-03
-3.321292816350733101e-03 -2.264732661497635951e-03
-5.145877259663369022e-03 1.095536157451976016e-02
1.295065350880152469e-02 1.990119015280431697e-03
-4.789102941619554840e-03 -3.626912325184223664e-03
-3.084454488575636907e-03 -3.689722318825834103e-04
-1.762637184785293461e-05 1.421157736147951557e-03
-6.312601947577149708e-04 -6.404022998593572082e-03
6.895326025989113872e-03 1.739102928324657779e-03
5.441821429402428009e-04 -1.893110085362843028e-03
-5.641554937646640032e-03 6.101053834012509607e-03
-5.962948742490301914e-03 6.484076055572466843e-03
6.601361701588756743e-03 -9.734065116115898225e-03
-3.455278796296824915e-03 1.080745337440210119e-02
8.734758727393869548e-03 -7.641923672810904331e-04
6.218211710525495609e-03 1.301477284887202039e-03
1.023031717489265684e-03 1.169330603828606929e-02
5.086771417694837399e-03 -1.083861865790594799e-03
6.427876096861829657e-04 -7.660444431185534737e-04
4.474734131614469500e-03 5.712858693452579559e-03
6.262213755393937487e-03 3.427051047438772931e-03
-2.041018285481862888e-03 -2.234780606307928789e-03
-1.725595668054500948e-04 -1.972364873928132874e-03
-1.426075116143820428e-04 -3.252639404795860771e-03
5.582449095678108410e-03 3.770445874716657052e-03
1.548789220166909078e-03 3.910403042078828932e-03
-1.085848041410797903e-02 -7.283776705558154922e-03
-3.989657830642758321e-03 2.265530929913743639e-03
2.191576829854233709e-03 3.144358598958914893e-03
8.877070676259132820e-06 -6.389046970996787103e-03
-1.826180980142129732e-03 -1.401807057967301021e-03
-5.380831860208584033e-04 7.642019790927016484e-03
8.197218270780009565e-04 3.690265048233316511e-03
-4.014309197328046024e-03 1.983764519351936297e-03
5.005664553293446596e-03 7.724850961663927429e-03
-1.947713507241702205e-03 4.543259773658967632e-04
9.682239807995273589e-03 -4.538086854664923238e-03
1.907287844544881643e-03 -7.406905769486079108e-03
1.426330655149285476e-03 9.812521636266439973e-03
1.953588576544176142e-04 1.034610240219626699e-02
5.258404946580875691e-03 4.934488566990810968e-03
-1.420017771606343904e-02 4.010605045653121460e-03
-4.746026934671666864e-03 2.544646996221981011e-03
2.451342217980459655e-03 2.056920350996698996e-03
1.393856025210453691e-03 5.168804320013841531e-04
6.687513715488177350e-03 2.609053526694930791e-03
3.323017122683749602e-03 5.529697749638072188e-03
-9.765070978730605068e-04 1.008183459398287159e-03
1.240382102160771279e-02 4.664249571357472271e-03
-8.401263126838693154e-04 9.868849364476956279e-03
9.688116041178178144e-05 -2.137899445894786334e-03
-1.323162165094836709e-02 5.345482998399708752e-03
2.047245011905693499e-03 -3.373245893976022092e-03
1.835058050819530530e-03 -4.987239913030846322e-03
-1.157815965850104295e-03 -5.932070649378680394e-03
4.464260524108716773e-03 -2.519995629535331551e-03
-2.781613093500381103e-03 4.715148841560044476e-03
-3.929625950756176003e-03 -1.165195433766983736e-02
4.503760148887486423e-03 8.478569721439266002e-03
6.116029861607934562e-03 5.001417672211524480e-03
2.463667901323675097e-03 2.197803556276922438e-03
5.644205281898849111e-03 -6.882074304727848167e-03
3.456875333126537518e-03 3.814447919585098497e-03
-3.673564714304875054e-03 3.444549649783322509e-03
5.612528920373622242e-03 -8.866764861999196917e-03
5.744535054977805560e-03 -2.490043574343122051e-03
-2.425094314465677491e-03 1.284674735354980613e-02
-4.919512539395167437e-03 4.618267681148263346e-03
-2.792086701006133830e-03 -3.517705481427866199e-03
1.001030695055044745e-03 1.063051915701028471e-02
-1.255715767973581559e-02 6.564129112551142162e-03
-1.073959823126197609e-02 -8.358889270177156244e-03
7.277549979134324311e-03 -5.250453913824029012e-03
1.294452290049766946e-03 -7.921135857235254291e-03
-8.424764567975372848e-03 -3.805698618413504587e-03
-7.906287599144275549e-03 9.422346650363242274e-03
-1.577113087144711365e-04 8.744434066484875478e-03
3.817098263836166128e-03 -4.237895803840516055e-03
-1.972364873928132874e-03 1.725595668054500948e-04
-2.363338128244936789e-03 2.194227174105301340e-03
-7.459657115526114463e-03 -9.000750841945287864e-03
4.720449530065824392e-03 1.219572152070845213e-03
5.432561050208311064e-04 2.152875473490429431e-03
-1.065564995027872778e-04 1.215995769899224114e-03
1.343758188561069988e-02 1.876537520939067227e-03
1.846457696242191854e-03 -8.003711488959894217e-04
8.208202956301480224e-03 -2.922400180661996125e-04
6.092591723234940318e-04 5.341236117317786636e-03
-3.940355097269897418e-03 2.829063751034636975e-03
7.070663706546870741e-04 -8.426488874302726995e-04
-2.318410045457083325e-03 2.738153778035995554e-04
2.697185385935118446e-03 -1.379330239623179771e-02
-9.078951823085358586e-03 -7.226522939428447340e-03
-3.040324674203890697e-03 -9.600334675177776833e-03
-3.813394112161239830e-03 -1.194604643157485928e-02
6.318541483605593506e-03 5.693508015270567699e-03
-4.622770101237934706e-03 3.953479049027859224e-03
7.818954008318834692e-03 4.994392677372728497e-03
-7.264170488378403822e-04 -1.001158464559490958e-03
-4.135841724427618930e-03 3.839897554685133864e-03
-8.814013515959159828e-03 1.480934077026783546e-03
-3.605101211159433133e-05 -4.468635174695085102e-03
-4.123388271579739132e-03 -7.376155445880265560e-03
1.070610144529328227e-03 8.991873771269028731e-03
-2.104626547545071415e-04 1.650971069084470125e-03
-1.408832052802233884e-04 1.232568334321514449e-05
4.366996055180437201e-04 3.368871243389653762e-03
1.648320724830900155e-03 9.914831254687040372e-04
-4.286400268799990185e-03 2.930319562034147327e-03
6.122256588033125196e-03 -6.066088280712845192e-04
-2.273609732175036965e-03 9.710339787348878926e-03
1.130140674605007237e-02 5.044621448666361876e-03
-1.392003949372990542e-03 -8.608851549709072362e-03
8.143796425829671892e-03 1.114130063209228458e-02
-3.013022963265251600e-03 -1.009958873533266764e-02
9.282517252505735617e-03 -7.484308482212545348e-03
9.486753180837553812e-03 -3.527253051014426349e-03
-8.709181322788028812e-03 -3.000026781011734707e-03
1.253898857848281378e-03 -3.516779443509815504e-03
2.712959681945509207e-03 -7.122489014672062253e-03
7.645596173098638017e-03 -4.288922843547753050e-03
-5.755934700401608983e-03 -1.696825189790374501e-03
4.379832816544815439e-03 -1.159814918420594421e-02
-9.930477781193032191e-03 -1.544542339084986095e-03
-8.232726553484606344e-03 -1.134646259834101029e-02
-7.053420643216704641e-04 4.107613975570709695e-03
2.328085384548089255e-03 6.480882981919625562e-04
8.960197409743802729e-03 -3.055300701800676109e-03
8.133322818323919165e-03 2.908446309104372168e-03
1.280367134660191815e-02 -3.746465006940528052e-03
-1.046060993445704392e-02 3.754416039698516613e-03
-4.460684141937096107e-03 -2.307010400033280336e-03
2.975119875317336869e-03 1.372292467834390975e-02
-2.691756927926034632e-03 8.743252489554993517e-04
1.386831030370515609e-03 -1.186043714708155845e-03
6.841393103010546574e-04 2.140549790147214422e-03
5.534200169727744416e-03 -1.219600871110677540e-02
4.313701979737487834e-03 -3.429573622187678545e-03
-2.949670240214797862e-03 -6.130207620789972743e-03
4.939661485991925227e-03 4.536490317835210201e-03
6.963181169129239838e-03 -3.164507545555673550e-03
3.547944727005447954e-04 4.866633423850685869e-03
-3.087104832829206877e-03 4.120482388316134854e-04
-1.709630299770977316e-04 1.264953642005792536e-02
3.433150004358158196e-03 -5.133040498297631628e-04
-1.817431678970535605e-03 3.566082176881534092e-03
1.413206703391104661e-03 2.360687783991366820e-03
7.669321501865875891e-03 3.882912586846863287e-05
-3.787146208645098076e-03 2.957621272972787291e-03
-3.743942432192763885e-03 -2.227755611469132372e-03
-3.784368094889584665e-03 -9.180335403589316018e-03
2.136973407976735205e-03 4.142866719266196339e-03
-7.545266400018540119e-03 8.680953573931117842e-03
-5.335935428813148168e-03 -9.527817691046811845e-04
9.719089088520474137e-03 7.241498967023871428e-03
-4.851529626750596125e-03 -1.164227899858019319e-02
5.705705929110478809e-03 5.179277927521392516e-03
-5.665408035918323253e-03 1.313023807044440966e-02
-1.919485758383431863e-03 -4.090913641639765466e-03
3.922856494925347839e-03 -1.276484222073344908e-02
-4.165666010114021760e-03 -6.236764120292759804e-03
-5.365089215589469857e-03 7.638443408755395819e-03
1.360484076391151216e-02 5.410943336295374884e-03
7.169269173297378867e-03 -7.299423232063879594e-03
-5.607100462364539295e-03 -4.052212285277103504e-03
-5.799010707350639275e-03 -7.868384511195218936e-03
7.060988367460432555e-03 -9.348392550303731910e-03
-7.299934310083197077e-04 3.825847565007760038e-03
4.560215646602448075e-03 -6.119095165757031107e-04
-2.422316200708803623e-03 7.087906769888455659e-04
7.739954758754005867e-04 -1.700273802457330594e-03
-3.474629474478836341e-03 8.963646022410978048e-03
1.648320724830900155e-03 9.914831254687040372e-04
-9.052033420659789898e-04 2.634503161794966158e-03
-3.514129099256245534e-03 -2.034919328562478057e-03
8.476717645601802853e-03 3.588210968820200811e-03
1.027930106647885651e-02 -1.069467014847412349e-02
1.149159268470315541e-02 5.595828586444039771e-03
-1.060137700905662561e-05 3.124081882858852771e-03
-1.362949213059794218e-02 -5.692709746855820901e-03
-4.446634152262225054e-03 1.098837893386238329e-03
-2.518143553693787248e-04 -1.255623164181297879e-03
-1.039460686715574199e-02 6.942776683524731068e-03
-2.217154234458933865e-03 6.198605493325505490e-04
6.512431573933822292e-03 -9.939227082364627402e-03
1.723200862810963336e-03 -2.209203201702086752e-03
7.139987617016611832e-03 1.264873815164432175e-02
-4.236969765922464493e-03 -7.863083822690582203e-03
4.362078675191155726e-03 1.179944757788990023e-03
5.545472045647102492e-03 3.347796258874844409e-03
-2.644178500885972088e-03 -1.827107018061541101e-03
4.151743789942455472e-03 -8.526020378973521441e-03
-1.011536303134169708e-02 -3.657790418293342845e-03
1.226731246691271579e-02 7.160519872125783655e-03
2.729660015875092112e-03 -4.497661191968102892e-03
-3.996682825481554305e-03 5.626067832028426412e-04
1.046763492929583990e-02 -2.051491892987615182e-03
-1.780454628940671353e-03 3.988731792724706758e-03
8.712757704959649477e-03 -1.826979248556876746e-03
-1.135942712920548579e-03 6.487652437742727485e-03
-1.184293854473788751e-02 -3.932531834016353769e-03
2.169575807420012770e-03 2.081571717683129447e-03
5.161523786169093693e-03 7.072388012885596868e-03
-3.072160456629850246e-04 -7.568065690867507855e-03
-2.809997935360577029e-05 -6.811696586839959336e-03
1.466682937677254994e-02 -1.922008333131196463e-03
1.100689969224842709e-03 -3.645336965446823937e-03
-5.968249430993578623e-03 8.046116997001783941e-03
1.068087569780423480e-03 -1.584041963862395938e-03
7.872631392278282500e-03 8.041870115919861825e-03
-9.826060547924451213e-04 -4.740726246165886948e-03
2.870543221155315121e-03 -4.509986875311317034e-03
7.302806214009834387e-05 4.891284790537115887e-03
-1.721348786973500838e-03 -5.882767916005600915e-03
-4.399853993636909308e-03 -8.913545020623150905e-03
-2.152875473490429431e-03 5.432561050208311064e-04
-7.488012633888831669e-03 6.901424982908499137e-03
-2.596727843351715782e-03 6.828396920768401226e-03
-1.141856462256305924e-02 -7.045437959069238837e-04
-1.193068709546952263e-03 -3.089755177081416823e-03
-3.312543515179139191e-03 2.703156573351198945e-03
-8.447691628327643615e-03 -8.224999408348748244e-04
3.546859268204187454e-03 -1.138331187886621083e-02
-4.465027141123539822e-04 7.066161286461548549e-03
-4.400204486844187801e-05 -2.125573762551570892e-03
-2.052417930905666744e-03 -6.421649370441425558e-03
1.076038602538412258e-03 -3.927103376007270823e-03
2.832512363702953742e-03 1.047028527354804811e-02
7.864009860609992922e-03 -8.282955324775737385e-03
-1.198739813218973119e-02 9.067998788954735601e-04
-1.778602553112296040e-04 -4.103239324985968753e-04
-4.819054996811764774e-03 -2.346637794315134876e-03
-1.409441948497425559e-02 -4.516341371239812434e-03
-7.340902702183417158e-03 1.281072799282475562e-03
1.035140309070090373e-02 -1.757399799082593264e-03
7.705468632095862670e-04 -8.230203978735702031e-03
-6.225236705364291592e-03 -3.004401431598103904e-03
-6.952707561623487978e-03 1.139736186854358423e-02
-6.258637373222315954e-03 -8.254057077007385251e-03
1.095986399461079328e-02 -3.727114328758515758e-03
4.776905027780785178e-03 -7.870907085944123249e-03
9.545060754388396762e-04 -2.070970340674072822e-03
-1.164968730193346709e-03 3.721941409758542946e-03
-2.147574784985791831e-03 -1.018784836407344001e-03
5.295381996611882476e-03 5.357138182832623177e-03
-6.824150039693986126e-04 1.124415297992080150e-03
-1.118345060112212012e-02 -2.073748454430947123e-03
-1.088670816296489000e-02 -2.738537086551350811e-03
-1.328044030189301158e-04 -1.368767193464842311e-02
1.025809831246139985e-03 -4.446506382748910500e-04
8.565775542760041203e-03 -7.563563270777835627e-03
1.230045759576597723e-03 3.512404792922086717e-03
-2.056122082583094080e-03 9.762292864974169218e-03
6.543181897539636707e-03 -3.908550966240005760e-03
-5.933794955712838777e-03 -2.107149122288971485e-03
-9.679589463743065378e-03 3.757066383949583810e-03
2.867892876903106042e-03 -3.728966404595978473e-03
1.055656505695077435e-02 -1.846329926738887739e-03
-4.092765717479730954e-03 1.001145687609133854e-02
7.546064668433286049e-03 -1.370002926938770037e-03
2.589702848512919365e-03 -8.531321067479301357e-03
-1.370002926938770037e-03 -7.546064668433286049e-03
3.245614409958425244e-03 -1.845531658324141375e-03
8.115696446474925108e-03 4.329604045253684398e-03
-1.323478307321422978e-03 5.155424829249709295e-03
8.057516642426947387e-03 1.015511819512821858e-02
7.660444431171926645e-05 6.427876096850412195e-05
-8.946945688482536158e-03 -8.498016517735143549e-04
1.048433526322428179e-02 5.733359297177059374e-04
-5.242502881067180598e-03 -9.620611391277839389e-03
8.860538135574004548e-03 1.122055542065642994e-02
-2.759612071066160164e-03 5.777935722835829922e-03
-1.633344697236617299e-03 -1.631620390902458698e-03
5.956594246560665065e-03 1.048088665055846649e-02
-9.899599688082771562e-03 -6.870802428808490091e-03
6.358967146302414719e-03 1.264608780739075178e-02
2.679431244582819623e-03 -1.015208454235722686e-03
-1.103739447684192430e-02 7.708821126643283783e-03
4.524962902906741989e-03 2.230405955720200437e-03
-2.017165187210179667e-03 -9.263964842739830577e-03
-1.248572615442406983e-02 -3.166487390897800187e-03
3.003475393678691450e-03 -2.179251146511018700e-03
-6.565981188388605311e-03 -4.465186562028129226e-03
-4.231796846922491681e-03 1.931811441726865881e-03
2.473343240414680594e-03 3.119707232272484441e-03
-7.229173283680656419e-03 9.859972293800698881e-03
2.556972679565196020e-03 4.886910139951889873e-03
-5.889824562234310425e-04 -7.543414324181076103e-03
-1.314729006149828634e-03 1.012331406409854376e-02
9.807220947760661792e-03 1.357102862802510648e-04
-1.101791602915546710e-02 -1.804307727213715247e-03
1.321339041086295324e-04 -4.980214918192050338e-03
-6.596157131204304427e-04 9.498152826260214052e-03
1.113015652566916053e-03 -3.504453760165239171e-03
7.123670591604667731e-04 -2.404689828859808698e-03
-2.273609732175036965e-03 9.710339787348878926e-03
-9.588807260240657989e-04 -4.129742767510251799e-04
-4.719523492148915795e-04 -5.265557710923898663e-04
7.163042446874689703e-03 -1.691396731781290904e-03
-2.980420563820613579e-03 -1.216088373691459265e-02
-1.955664539998549535e-03 2.797387389509410540e-03
1.931140942816564864e-03 -1.443609000591798176e-02
3.368999012894099976e-03 -1.179363581136616893e-02
-3.833000329351001802e-03 8.924018628128903632e-03
-4.869155998599590182e-03 -1.022112126243088052e-02
-1.288200009724665279e-02 4.172211578315860800e-04
-5.582321326176166269e-04 -1.512738208056456195e-03
1.029335105615623164e-02 -7.288821855054824703e-03
2.664455216987176092e-03 -3.750711888031099065e-04
3.411148981923937257e-03 -1.576090931105548609e-03
-5.512071377788202095e-04 1.901859386544447756e-04
-1.210972892770405263e-02 -4.548017732763677545e-03
-1.963615572756538530e-03 5.140448801654285207e-03
2.690830890006623045e-03 3.171660309897773432e-03
7.173516054379300982e-03 6.541457591207980662e-03
-9.958577760550719332e-04 -8.356238925928371726e-04
-2.867094608489501126e-03 1.103991705158968717e-02
5.096574526290288676e-03 -1.151889439564315713e-02
3.476353780812994725e-03 -5.698680934271901401e-03
-2.753385344642329553e-03 1.699092225518799085e-04
2.250554902316958227e-03 4.629795096076731557e-03
-3.418972245177480471e-03 -7.437783862597701495e-03
1.080387699223048052e-02 8.282284825865435934e-03
5.953273403398154535e-03 -7.405979731566667522e-03
1.054835848518938333e-03 2.321060389709292838e-03
-6.338019931290909265e-03 3.819620838585071742e-03
-2.195025442520048570e-03 -9.674288775237287197e-03
2.755109650975127479e-03 3.095055865586053990e-03
4.524962902906741989e-03 2.230405955720200437e-03
-2.469766858243059929e-03 -7.946713261841095027e-03
1.348250996839855248e-02 -4.387427536263477368e-05
1.324129699003937302e-02 -4.423579322404145447e-03
-3.415395863007000821e-03 -1.226478989216495119e-02
2.454918600152080754e-03 -2.770085678571912891e-03
-1.340683156200488460e-02 4.154138595185554415e-03
-2.613428177280157239e-03 4.203569098063079240e-03
-3.097706209838263936e-03 3.536130121690466040e-03
1.601668335711390646e-03 -3.530701663688889675e-04
8.443316977742417601e-03 -1.661444676590222418e-03
-1.278604497475292409e-02 2.325307270791214520e-03
-9.014991903896927769e-04 -1.354943907361926686e-02
-6.152208643224193682e-03 1.886883358939012417e-03
6.882872573142594964e-03 1.295515592889119778e-02
3.992715137836135714e-03 -8.477617556836883686e-03
-1.182413907133127336e-02 -4.943487879843359509e-03
-1.188660233687475684e-02 -1.215529912446872965e-03
-1.112167549176739344e-02 1.354481622317359147e-03
-8.637446184430952944e-04 -2.247781274618828457e-03
1.100372760719312351e-02 -1.106771600172327518e-03
3.635852140934039359e-03 -6.930817235435823322e-03
-4.811205849679946883e-03 -5.466798412034120508e-03
2.855502328734268753e-03 1.314102877432902182e-02
-6.977103273569055554e-03 -4.616898628344587655e-03
-7.466623880541765727e-03 -6.960240872135566373e-03
3.959905858033891876e-03 -2.364622728569785483e-03
1.212667205250515280e-02 7.911464469750670650e-03
3.999104485964419600e-03 -9.185552587638094041e-03
1.012105282874016694e-02 -3.763926402142331491e-03
1.198244202874023875e-02 3.327518974820161887e-03
-7.488449460739923964e-03 1.296732172006885044e-02
6.042084911283730417e-03 -2.029147407587830482e-03
-1.259965227157771803e-02 1.596739336839472995e-03
-8.112016785373907940e-03 7.180197824832069975e-03
7.323161030663714530e-03 -7.938107305879962871e-04
8.405319539616169094e-03 -9.170172347509570471e-03
6.893104529850192959e-03 -9.419423704160703389e-03
-6.511133619434105249e-03 6.989351645410682781e-03
3.170188734481196782e-03 5.686555449042048158e-04
-9.636555083167425845e-03 7.961409029124656700e-03
-3.611006813836580530e-03 1.453065498953512620e-02
1.082256876299325307e-02 3.778356411723889433e-03
2.177759394385006021e-03 -1.417985438211077573e-02
-2.394511660770623756e-03 1.214122703279898671e-02
-8.589736974504507197e-03 9.278145784806218072e-03
-7.421052124196695927e-04 7.443310359533748116e-03
-1.099909886541530768e-02 3.204568612677179910e-03
1.613520502250574912e-03 5.067979103685961093e-03
1.158354668009016313e-02 2.310490200344367077e-03
3.664776264197047283e-03 -3.096302433810772890e-03
-4.103040633573085995e-03 -6.118956042576055576e-03
1.252595469856969922e-02 -1.245637100184759103e-03
-8.038816558603670975e-03 1.148887373275284639e-02
1.094217841044062452e-02 2.269675750476431511e-03
1.104567534264111646e-02 1.844089305176905592e-03
1.180781484991402265e-02 1.182218351314721959e-03
4.419715385854306247e-03 1.162560341761305523e-02
6.013954428614188587e-03 -6.536232550187423725e-03
1.280859120228635198e-02 -3.828414896712924436e-03
-2.297537688890289101e-03 -8.906091965670338059e-04
6.038802657840087323e-03 -6.660201688621691929e-03
2.719868170094467009e-03 -5.739954812302837210e-03
-5.957448186017252553e-03 9.424428106227568727e-03
-8.970031692993062078e-03 -1.960067270557862371e-03
5.919778989634074014e-03 1.145936413654469882e-02
