9.020899788540686498e-03 1.695100883456215901e-03
2.637153506048536128e-03 1.241828713517822026e-04
6.759743509214670779e-03 1.893876702383371149e-04
4.901758398042868614e-03 8.159826260847812332e-03
8.619995656122842343e-04 2.550873722645811623e-03
-2.191704599357537607e-03 8.212577606887847687e-03
2.463667901323675097e-03 2.197803556276922438e-03
1.050448420982103871e-02 9.728093928701178617e-03
-4.028359187005420283e-03 -1.422083774067363143e-03
1.364711850244579652e-02 4.271552010707869995e-03
-1.742838731396086950e-04 -5.237329962067208654e-03
-3.648115079202337348e-03 1.103726670733725865e-02
-6.237690158211952815e-03 8.211651568969796991e-03
5.105994326372183603e-03 1.211688169204615251e-02
-6.647886321206103802e-03 -2.967424381567096685e-03
-3.571382865387313574e-03 -2.553907375409999320e-04
-3.383719501481774385e-03 -1.028009933489360504e-02
-1.266224541190354722e-03 3.375896238228231171e-03
-5.305185105207333753e-03 5.077894347019940025e-03
6.809972280505800953e-03 -3.293065067492681550e-03
-9.725315814944304749e-03 -1.633472466739921414e-03
-8.357835462753298444e-03 -4.663323533439420708e-03
1.520689240813303308e-03 -2.901293544761130404e-03
1.370928964856821383e-03 3.500079109578871275e-03
2.514822710534217291e-03 -5.330634740307369120e-03
-1.519763202893891938e-03 -1.144692014092142706e-03
7.151515031946221491e-03 5.478670709930834326e-03
8.813185924018765438e-05 -7.105788680743621230e-03
1.201390157471498438e-02 -8.717004586041573327e-03
2.414365167950814194e-03 1.634270735156028885e-03
6.408397649179940411e-03 1.852684422666022249e-03
-6.093230570760107406e-03 3.372319856057971396e-03
-1.223307955143197040e-04 -5.454817611659151105e-03
-1.341915724534810048e-02 4.013255389905330539e-03
9.043826848894317288e-03 -1.288097794121271546e-03
2.930319562034147327e-03 4.286400268799990185e-03
-1.001956732974456765e-03 -6.584533598157011822e-03
-1.108641001981689606e-03 5.988398377590337281e-03
-4.612168724228878081e-03 8.293971661690066697e-04
-2.826924484798582545e-04 4.070636925539702911e-03
1.497602759542457579e-05 -6.401372654351154433e-04
-1.351591063625657771e-02 -5.205781370046647441e-03
3.891052363896817939e-03 -3.392596572158033518e-03
4.331232233464230551e-04 8.195877272958266083e-03
-7.162914677368882599e-03 -9.665539474065691986e-03
9.095779926523469942e-04 -1.505585443712291558e-04
-1.520689240813303308e-03 2.901293544761130404e-03
5.201151180452310424e-03 6.714017158012070517e-03
-9.135407320802823444e-03 1.863956298586740782e-03
-5.234807387318303473e-03 1.075019960827103445e-02
-2.804412384349348406e-03 -3.658588686708089642e-03
3.501005147498283294e-03 -5.416914523710094492e-03
-8.917791901705073021e-03 -9.441026829634952683e-03
-6.427876096861829657e-04 7.660444431185534737e-04
-1.254697126261886076e-03 -3.794171203483894493e-03
-7.984616349790153375e-03 6.093102801255662060e-03
-1.265311280222954776e-02 4.656042999591512854e-03
3.549381842953093068e-03 -8.073961437347857307e-04
-1.605244717883011962e-03 5.180076195937501071e-03
-1.144692014092142706e-03 1.519763202893891938e-03
-6.309792182434000030e-03 -7.256187804217323692e-04
-1.432515885582882550e-02 -6.631920952920519752e-04
5.383386086348765365e-03 9.608285707935764960e-03
6.128355544951149137e-04 5.142300877491747489e-04
2.403891560446203349e-03 -6.598583587833242031e-03
8.836940576311432330e-03 -4.464132754605412874e-03
1.208680186735041837e-02 7.531216410341165859e-03
-4.151616020439151573e-03 -2.830915826873241573e-03
-6.064204553487309926e-03 6.138030884042154633e-03
6.170633283486793089e-03 4.002909551905384916e-03
8.805519753793298546e-04 -2.916269572357915816e-03
-8.474993339267645337e-03 -3.232458806811250307e-04
-2.582677853674342390e-03 1.023424521418770002e-02
1.137548861561402808e-02 -5.467015525497919901e-03
3.867997534038739200e-03 1.094753831126757740e-02
-1.034795447803373014e-02 8.287329975362104847e-03
-1.547064913833892143e-03 -6.454379539383923699e-04
-3.301942138168940249e-03 -4.209253095090142831e-04
-4.575191674199233054e-03 1.252046782009676781e-03
9.756066138550120032e-03 7.664148582864542189e-03
7.968586514770652912e-03 9.949956228878347950e-03
-6.675986300559709138e-03 -9.779120968407056455e-03
-1.748650497910998703e-03 -5.383513855852069263e-03
2.814087723440354336e-03 4.580492362703652079e-03
-4.136767762347030516e-03 7.885883113538407624e-03
-5.690729901515053854e-03 -5.819415192956508068e-03
7.179615011299826828e-03 1.229036729677079540e-02
2.299059367276432789e-03 -2.117622729793581897e-03
1.129715986496815025e-02 -8.796259374605501849e-03
7.183382465751862733e-04 1.470115608254998762e-02
2.059570695248908508e-03 -3.232362688695798215e-03
7.383978709133808341e-03 4.890486522123510538e-03
7.776005770873110033e-03 -1.253410284987888090e-02
1.373068231086023439e-04 4.814680346225396444e-03
-6.416348681936787091e-03 4.903769894774910945e-04
1.435335495324327926e-04 -7.933461540585540032e-04
-1.450311522925414476e-03 8.573598806013585719e-03
-1.145209305992574839e-02 5.402736764529415467e-03
-1.348158393047914176e-02 -4.002111283490637252e-03
-1.024922124178448586e-02 -1.942540588240368286e-03
4.048954744895125191e-04 1.274111689196506976e-02
5.477744672012783630e-03 -3.105529473091807151e-03
1.077577701287687519e-02 1.470588239025477466e-03
-8.423168031145660678e-03 1.081620267557369466e-02
-4.321971854283719258e-04 -1.224186283181268042e-02
5.054296787756006049e-03 -1.037950307005565224e-02
-6.785514314012553241e-05 4.903610473880330896e-03
2.123721686714108610e-03 8.047969072839245355e-03
-2.381890538011982410e-03 7.661370469109028344e-03
8.919516208033522863e-04 1.270599191778083292e-03
-1.578741275359118795e-03 -2.630128511209740144e-03
7.563691040289085427e-04 -2.791160663082373726e-04
1.068885838195170277e-03 5.726908683129952951e-03
-5.711804886029863207e-03 -1.092818763308556727e-02
-1.454686173510640491e-03 6.089654188588486741e-03
3.623335943012602998e-03 3.790308794905704673e-05
-1.694973113952912003e-03 -2.336036417306078250e-03
-3.230638382361639832e-03 1.205394392890167489e-03
-6.112390176667634178e-04 1.410767120623688392e-02
3.176960998403552915e-03 -4.252871831436158719e-03
8.094621461959897180e-03 -7.791683948778758452e-04
-1.008541097615063033e-02 -4.938064949161070742e-03
-3.527253051014426349e-03 -9.486753180837553812e-03
-5.665408035918323253e-03 1.313023807044440966e-02
4.423707091908592529e-03 1.884360784191249118e-03
4.140344144517291158e-03 -1.271288914310815879e-02
-1.128550468053637727e-02 -9.730744272953388563e-03
1.135814943427254956e-04 4.869283768103161011e-04
-1.866734412343396075e-03 3.002549355760640755e-03
-8.720582132213652513e-05 3.059803121889206889e-03
2.182827528682639798e-03 -1.823530635889920436e-03
-3.836448942019319436e-03 2.394088451850752072e-03
-7.372451294205339262e-03 -1.206055396383563794e-02
-8.073546477445087827e-03 5.887940835006934617e-03
-2.403763790940397112e-03 -4.758352618013739557e-03
7.497687972978476709e-03 -5.979521306914078148e-03
1.270851449252179133e-02 1.656399527093553939e-03
2.131129990067164373e-04 -2.431991539799808685e-03
-2.832640133206258508e-03 8.866509322987144691e-04
-1.567469399438619487e-03 1.291367645877052051e-02
2.950181318230734803e-04 -3.929753720259479902e-03
-2.152875473490429431e-03 5.432561050208311064e-04
-6.959604786957618305e-03 -1.662498484012938336e-03
-2.478643928920460076e-03 -1.557666290842948985e-03
2.816865837195868180e-03 -7.557464313858450362e-03
-2.173950458005238784e-03 -4.565516335108227124e-03
1.304488432496109934e-02 6.332400401009834895e-04
2.533119581293512800e-03 1.191609437638379253e-02
-1.577016969024960195e-03 6.348365769293358527e-04
-7.661370469109028344e-03 -2.381890538011982410e-03
3.585560624567991732e-03 -7.695697174886464292e-03
1.288809905416581948e-02 5.331688547730084604e-03
-5.483971398435472794e-03 8.713555973374396274e-03
8.458293005338061998e-03 -2.301581942022835198e-03
-1.162318385937930859e-04 2.940920939036619484e-04
1.024312228486395915e-02 -3.806369117322444279e-03
-3.136279796697621566e-03 -1.150842078813740441e-02
4.609390610472004213e-03 1.130855951039195367e-02
-5.212550825866102758e-04 -1.090088592214644202e-03
-1.221456112087267870e-02 -6.705687472537830152e-05
7.278636989611117665e-03 1.035312768245142713e-02
-1.445816448099257641e-02 3.299847463183466041e-04
8.674001399077854724e-03 -7.320174360276268492e-03
-5.297582097947702365e-03 5.375452296311761767e-03
-1.229579201907384867e-03 -7.582556698195470467e-04
-1.054614561670139464e-02 2.328559924479376309e-03
8.463622696156861830e-03 -3.899299335494250604e-04
-7.266114570312127117e-03 -3.009224194600259097e-03
6.298792067457948188e-03 -7.274873375126000852e-03
-1.155198197027387276e-02 -4.743917741460981427e-03
-7.184783633038490692e-03 -4.873121144535690931e-03
-6.019929723073019247e-03 -1.264533355099667009e-02
-1.080204874174404625e-02 -4.220109844845660110e-03
8.412455960942777713e-03 1.826577901161562274e-03
7.007609569822312312e-03 8.567180864934628021e-03
-7.088601708372955709e-03 1.241686074076734508e-02
7.692251807074798262e-03 -1.706721673998047497e-03
-1.732938362268500627e-03 -1.057881197364578252e-02
7.910925412352680722e-03 7.583096001922218568e-04
-2.275965768645091714e-04 2.921033424055631718e-03
-3.289026995681807852e-03 -8.204292370720449312e-03
6.212940455088911997e-03 -2.218243966873686100e-03
5.402517306716823724e-03 -1.208890353135242367e-02
4.682960641778226058e-04 5.231760661135355026e-03
-8.858971881304507009e-03 1.075156473499223539e-02
3.334694169740856379e-03 -9.406013291813097518e-03
-6.066563593578442118e-03 1.058907445420171137e-02
9.390902130159139993e-03 -4.169218272633058199e-03
5.668345088667189891e-03 1.151151829321800726e-02
-8.139880327899595008e-03 -5.408452112096139019e-03
3.727908954943967915e-03 -8.917329589188034179e-04
-1.132323337885788109e-02 3.957736573280949514e-03
-8.474014845478517258e-03 1.224687429991259263e-02
-3.135232752625764178e-03 -1.483265646378126692e-03
-7.068332332779200117e-03 1.162420856857266163e-02
-3.510809703196475593e-03 5.908530725074704650e-03
8.008423042395273680e-03 -3.902609089265704229e-03
-4.314766130103849830e-03 9.685821409819864516e-03
2.389138790045578723e-03 4.251358134789138838e-04
8.590580086810925206e-03 1.058481033228349244e-02
-1.063778236965213890e-02 8.944224527505985692e-03
-1.073761170722593687e-02 5.149153239054624250e-03
-9.274006439367906210e-03 -3.079235203261713495e-03
-2.251046557692894072e-03 -6.070546758932094701e-03
3.369794807043587082e-03 -3.085450814021425785e-03
1.007940803239919594e-02 -8.009520020667969947e-03
-8.158071684001186666e-03 1.057636517856743201e-03
1.242617805024942568e-02 6.810155722406238156e-03
-7.931397507489980347e-03 1.185148052691261354e-02
-4.122456609735422237e-04 -3.405008424537566726e-03
-8.526008936948483927e-03 1.088119793156402774e-02
