6.059366883942486973e-03 -6.598982722039364694e-03
-2.204365532155903341e-03 -1.262249024812611394e-03
-5.518170334709603976e-03 -3.847050319028376495e-03
-2.175674764339397167e-03 -7.830481423247303771e-03
-3.302405157128537189e-03 1.602067469918873333e-03
-8.510629391480773170e-04 3.658987820915572328e-03
8.307862230474437120e-04 -1.456809614051601982e-03
1.035842808553948287e-02 -5.447565237419373790e-05
-5.503992575527566662e-03 -1.179813823145469884e-02
-9.618759315440376240e-03 -2.849468236640506202e-03
2.646828845139542058e-03 1.046086547347344423e-03
-9.767593553478018387e-03 -4.940811411530965369e-04
-6.749940400619219502e-03 -1.062442020009089945e-02
-6.433049015865799705e-03 -2.134450833227150013e-03
6.885139608887834439e-04 4.624494407572093957e-03
6.477514079692695340e-03 2.237031816352193746e-03
-3.330968155441167873e-03 -3.186636337493878833e-03
4.120482388316134854e-04 3.087104832829206877e-03
-8.465605190570444152e-04 -5.214003767506312018e-03
9.919078135769228768e-03 -2.642326425048509807e-03
-3.500877377994979396e-03 -5.940021682136669388e-03
-7.564952327656272561e-03 -2.496797204479561140e-03
1.188694058961155091e-03 6.058105596569989416e-04
4.976575233267598389e-05 -1.459459958304491507e-03
2.226829573549149628e-03 3.020431266611895609e-04
-3.258738361715246036e-03 -5.606302193949791630e-03
-1.278870230224068202e-05 1.882109574146983945e-03
6.465651415310438160e-03 7.315583164522456924e-05
-7.513127019534287902e-03 8.642651351775259422e-03
1.102712834928665751e-02 4.749204182634662527e-03
-6.445709948664163705e-03 -1.160927746492760974e-02
-9.554480554471871806e-03 -2.926072680952225644e-03
-1.447306705594898768e-02 -2.353790558658377073e-03
2.878829503367883683e-03 2.480895138964725466e-03
-3.203336671423571026e-03 7.061403327359560417e-04
1.268512441320913432e-02 6.662590984098247689e-03
-7.785090321500424092e-03 -1.767729811389511570e-03
-5.628766235343038785e-03 4.218944259866666893e-03
-1.053052463338590566e-02 -3.940882000981145439e-03
-7.614845849492822734e-03 1.031959895967237383e-02
4.923424171021938828e-03 -1.113302842966385105e-04
-1.123447764082856869e-02 -5.902246363691597553e-03
-3.590733543567964543e-03 -2.099198089530982057e-03
-1.595441609287560252e-03 -5.254956333915062131e-03
-1.037466540050889854e-02 -4.593344949758333684e-03
-1.086828352270285958e-02 3.151255824293726533e-03
-4.923424171021938828e-03 1.113302842966385105e-04
-9.943729502455658786e-03 2.360560014488062922e-03
-1.901859386538738619e-04 -5.512071377795006548e-04
-1.772040577223656793e-03 -3.773223988473749712e-04
-8.699042964737998401e-03 -4.101115884443380308e-03
-7.713451316237621234e-04 9.192533317426723706e-04
7.189290350394477846e-04 1.321227097276477577e-03
-7.907421117014173939e-03 -7.222547423049343121e-03
1.302818399103129743e-02 -1.991587782605479078e-03
-6.680153471195020808e-03 8.427814046434382866e-03
-8.153934783879704037e-03 -1.004021152866063984e-02
-7.983562542366866299e-03 -9.309818963445055592e-03
9.613586396440403428e-03 -6.945427027776940147e-03
-4.355053680353720633e-03 5.229793889207688760e-04
-4.519199195441936726e-03 -5.815439676576943280e-03
5.559985054284862123e-03 4.730651772868078343e-03
-3.639701027486464020e-03 6.671212515766538134e-03
1.381530341867238465e-03 3.759972267211608189e-04
1.260725868152421346e-02 1.310354355563922608e-03
-2.399389140354599940e-03 -2.274408000589321893e-03
-5.744694475876034601e-04 -6.160558810188304472e-03
-8.827137467716550043e-03 -5.970899775246468581e-03
4.655707750136363864e-03 3.319169375809310606e-03
8.351608736330038557e-03 1.027135003372268984e-02
5.697595475460848387e-04 -5.657329233655668602e-03
-1.144228995133688082e-03 -5.032295765326352203e-04
4.265995783194120525e-03 1.062879485067612546e-02
5.955795978147059716e-03 3.169936003564756931e-03
1.037996608901410600e-02 3.031304008329479324e-03
2.995524360921273180e-03 1.638102656331755225e-04
-7.425793428708275454e-03 -5.774087975961391360e-03
-1.089162554295803340e-03 -3.524730476265982605e-03
2.870670990662263673e-04 -1.586692308115966125e-03
-1.188821828460025036e-04 1.075112564619000672e-03
-5.284780619601464960e-03 -8.481220065690332766e-03
-1.220038336169200141e-02 -8.018144787152842526e-03
-1.080215268589632127e-02 -5.017319737726361022e-03
-6.688775002861377904e-03 -7.897011394260753173e-03
2.974784625861614986e-03 4.388981251924353906e-03
-2.221528885045301761e-03 -1.864084068091186779e-03
-5.565285742788710424e-03 -3.168610831438081667e-03
5.520357660002217851e-03 5.089022627740924683e-03
3.742218125858605068e-03 -1.037209476669943625e-03
2.875301180252519320e-04 -3.609685087543173729e-03
-5.776211416502242263e-03 5.053530170735964951e-04
-7.023085279511946666e-03 5.725056607291809790e-03
1.156348722897392912e-02 -6.157780696432110616e-03
-1.091182254861170625e-02 -9.973107176857315403e-04
6.160957944395787159e-03 3.081005875909822913e-03
-7.205655434864123923e-03 -6.503155369051440496e-03
1.663296752427685351e-03 3.513458600347304757e-04
7.189290350394477846e-04 1.321227097276477577e-03
-1.317781649748447567e-02 -2.963975768901282691e-03
9.431223721040072130e-03 1.517240628146808868e-03
6.018989280303370555e-04 -5.695631455811528757e-03
4.739337189287450014e-03 5.086372283488035592e-03
-1.823067616930104922e-03 -4.205820308108024208e-03
8.206478649974125426e-04 -3.557205106199565984e-04
7.251046536609641845e-03 2.559750793321390310e-03
-9.774283298862233502e-03 7.136938138556919199e-03
-8.228351902905964906e-04 -8.862517980919120113e-04
9.370856591698339955e-03 6.100782469310152278e-03
1.029494759298651627e-02 7.333079438931696704e-03
1.452548315253330245e-02 1.133101296392274512e-04
3.378546582481230416e-03 4.852040704768380546e-04
-2.565242554103258632e-04 -1.307351120802595183e-02
-6.564592131510168377e-03 -1.053416490030860929e-02
-1.017699144805799157e-02 -4.362206444696961963e-03
6.483277787157500603e-03 -1.348001904504549965e-03
-4.072824250832887509e-03 -1.524664757191726864e-03
-1.153294438531938908e-02 -8.502422819710949223e-03
-1.054125377990019867e-02 1.054013608772400891e-02
8.733992110374483309e-04 6.737742486780449840e-03
2.971336013193868510e-03 -2.140948924354478533e-03
2.571150438745873745e-04 -3.064177772475574569e-04
8.030214931489886672e-04 1.065437225528675404e-03
2.447893605314074069e-03 -4.473009825280991128e-03
1.293861501585505218e-03 5.458793128038255324e-03
-3.075032360581484922e-05 -6.030676116124620775e-03
-1.064364310876767493e-02 -6.450803157218207816e-03
-4.867559461769307289e-03 4.400780031555640015e-03
-1.183728619911097492e-03 -1.150179492750609198e-02
-2.188926485602024196e-03 -3.925379069674253887e-03
3.693841430404938043e-03 -5.646727856646611976e-03
5.090683049322180381e-03 3.423075531060349591e-03
4.981013186606226412e-03 7.443084551101658217e-03
-5.833337413129436114e-03 -9.072054597752369706e-03
-5.084121073443199045e-03 3.028413950759366834e-04
4.582344438541113493e-03 -1.090605884114804330e-02
-2.166797693662567310e-03 -1.421952839424477089e-02
-1.125971979597868884e-02 7.195916211020786032e-03
-1.433702152021301517e-02 -2.827068079999482154e-03
7.408757845324112981e-03 -6.184683273163486469e-03
1.210489125815865721e-02 4.087065894767148364e-03
5.317510788549978037e-03 -4.937011141739036137e-03
3.148142461081811228e-03 1.367229677284483545e-02
-1.016597511114730561e-03 3.389547093698341319e-03
4.231126348016271818e-04 -2.059969829456391628e-03
3.685092129227681671e-04 -1.061461709150251630e-03
5.700069991150909926e-03 -2.592624557468166217e-03
8.964572060330390502e-03 -5.713560843744365514e-04
2.903480870053743411e-03 2.762661549525852363e-03
2.943236033840262739e-03 -8.952645511194437869e-03
-1.593254283994947028e-03 -4.012984025202512642e-03
3.441899305530323264e-03 4.454585185018391721e-03
6.853048287454830377e-03 2.878494253912162668e-03
2.078921373430919935e-03 -1.388555336704674209e-03
-2.053806987784674402e-03 -3.526710321602642912e-04
1.256624223036313312e-02 7.737703548717249878e-03
6.427876096850412195e-05 -7.660444431171926645e-05
-4.181105056669832953e-03 -3.573634075431578964e-03
-4.144128006640758650e-03 -3.150984459590228191e-03
8.779096021717463019e-03 1.069532482169071631e-02
3.087328720447254232e-04 -9.857848853259736088e-03
1.030647500791533446e-03 1.630119972163878231e-05
-5.204264543664335017e-03 -3.910003907871346246e-03
-9.085178549509190932e-03 -1.618496439144496458e-03
2.849803486095656493e-03 -2.848158890201390840e-04
2.449617911646871996e-03 -1.208044737143057230e-03
-1.881247420980014257e-03 1.619693841766046147e-03
-6.416220912432911601e-03 -1.086655921636995280e-02
-7.704190937043505372e-04 -3.126732227110600414e-03
4.609055361016282763e-03 1.974616083972397830e-03
-2.676780900329820377e-03 2.341879835222060186e-04
6.407599380765193614e-03 -5.458266224326326424e-03
-1.373916199331332716e-02 -1.672700726815192288e-03
2.402502503567195691e-03 -5.296052495520822819e-04
-8.745695353858648491e-03 -5.445669176279613506e-03
2.622305247957557820e-03 -1.059261606906122637e-02
-2.103907989572500678e-03 -8.227154500276008531e-03
1.030428768262100885e-02 -1.078960311494119896e-03
1.011443699342364638e-02 7.703775977147758053e-03
5.284445370147675125e-03 -8.527233607287612073e-04
-1.109843210509452865e-02 -6.375523885033164070e-03
-3.064640791435960590e-03 -5.481576593198084560e-04
-6.772069192557314196e-03 -3.302708755192410028e-04
1.039839072927727613e-02 8.921096919173195777e-03
4.445245095383787252e-03 4.970140444894242601e-03
7.437193074133439767e-03 9.960956740096029577e-03
-7.238257834307401488e-03 -4.441860367468374038e-03
-3.422548627349672294e-03 -2.610777833028409163e-03
9.562431587229289209e-03 5.830112688080309885e-04
3.736454418394370963e-03 2.547824244186118990e-03
-1.440636183834408980e-03 9.495502482009147288e-03
-8.250225155832096062e-04 -2.128224106804460850e-03
4.093100966934310955e-03 -6.775134496704213714e-04
-8.413700172005929984e-03 -8.952773280698421779e-03
-5.909478838480768451e-03 -1.115932613814693899e-02
-1.142041669840504134e-03 7.387427321792333895e-04
5.563433666951247275e-03 1.126058194914576933e-02
1.164055469224603394e-02 -8.116494714889671905e-03
-8.231928285069859547e-03 -4.035511951348662481e-03
1.267107442353233165e-02 3.256742690678268888e-03
9.832798352366504263e-03 -3.628508862012575810e-03
-4.307810502769378672e-03 -1.151239630451582688e-02
6.863314415010098035e-03 -9.579531055365785377e-03
7.424196891879352583e-03 -8.847813318023986864e-03
-9.288616209425691606e-03 1.735398776649052770e-03
-1.105064619810068724e-03 1.161392348021725611e-03
-7.329966075719209807e-03 7.490934342843858645e-03
8.799037488362946441e-03 -8.407968115934907546e-04
8.881277870635024066e-03 6.995384434366394739e-03
3.497891784286258701e-03 -2.612901273569370221e-03
-3.738641743687554694e-03 -3.789796552897987600e-03
1.517112858642253367e-03 1.925712484806801038e-03
4.524499883947145050e-03 4.253398735148087619e-03
-1.429613283855717121e-02 2.102518932693492153e-03
-6.953314757763041920e-04 1.436346107798468566e-02
-1.913722050918627033e-03 -7.675947362496509177e-03
1.928362829060832661e-04 -2.298133329358381769e-04
-7.331099593589106463e-03 -9.153959730568726749e-03
1.895632660111177051e-03 1.112009787807234813e-02
6.537753439531123617e-03 9.010426181035613782e-03
5.978723038499331351e-03 1.867373259861276023e-04
-4.731849175489056224e-03 -5.406440916205021777e-03
6.142246113735520645e-04 -5.554748250531305748e-03
-2.536823732969008954e-03 4.267847859032263685e-03
-9.540765814250218996e-03 -8.854167813952481397e-03
4.234910210133156251e-03 -4.735824691868732034e-03
5.911330914319593358e-03 3.067355020440393210e-03
2.628787513388216972e-04 -3.891451498103620180e-03
-1.084787903710006385e-03 -1.040785858841564724e-03
3.645464734950698994e-03 -1.025624623662260183e-02
6.075476429407238727e-03 9.405774085938786028e-03
-7.712397508815476907e-03 -6.210388447272632839e-03
2.683007626754441155e-03 -5.842214483804334356e-03
-7.127661933673968414e-03 -1.250785494636341699e-02
1.263800900513002874e-02 7.341030471688543384e-03
-1.097424923374274754e-02 -9.012677391081700198e-03
1.611343674802396360e-03 5.688335096266731441e-04
-1.787942642738492901e-03 4.308800425441012931e-03
-1.012192500722010856e-02 -7.383707344430309565e-03
1.718363193264209419e-03 -2.670155039699758249e-03
-1.596830666165997186e-03 8.140220043654189082e-04
1.633472466734697294e-04 -9.725315814946369503e-04
-2.838739090126213629e-03 -4.862258773264778976e-03
8.766770338374819602e-03 1.055444161640981329e-02
6.264401080686550494e-03 4.669023356151322419e-03
6.203235682935076198e-04 1.941614550321879682e-04
4.999437826869396542e-03 1.333287746194537597e-02
3.484640063024992563e-03 1.292201080004821328e-03
-3.520691075134655280e-03 -5.760836254699444776e-03
-1.166680259576081610e-02 -6.787172989656832349e-03
5.522672754798705480e-03 -5.025941269393969721e-03
1.332042400909885620e-02 6.216615173697143462e-03
3.567343464256667127e-03 7.105389546536819423e-03
6.418663776734635611e-03 -1.060534088661124405e-02
-1.723536112266113845e-03 -7.124740224718149537e-03
3.774229736838192496e-03 1.028142450701981930e-02
7.836708149669772408e-04 -7.783701264624490364e-04
1.840693988778528689e-03 2.784662571959392856e-03
4.826079991649199867e-03 4.049561941024894425e-03
-1.773972363502723977e-04 -2.433316711925342934e-03
4.113377683034943368e-03 -2.879691656534392585e-03
3.283852747362061859e-03 3.865075825084173227e-03
1.628842277144442732e-04 1.050461197932570437e-03
1.804515207163629592e-03 9.672963603111071201e-03
1.100226950265246421e-03 -1.622344186018935888e-03
-6.116029861607934562e-03 -5.001417672211524480e-03
-8.399314932873977457e-03 3.787018439141794177e-03
1.877671038808964316e-03 3.207312187801885511e-03
1.215326795361289583e-02 8.696584274743136486e-03
8.310720054674192864e-03 5.341763021029715536e-03
1.045080682586159090e-02 6.680616490154046155e-03
1.692785788660298779e-03 1.094064108593529195e-03
1.054676194835589380e-02 8.588702603112993716e-03
1.216618442541901254e-02 -4.542461505251291567e-03
-5.436728220851130833e-03 -3.321819720062200564e-03
-6.459424688885245791e-03 -5.681182331928032701e-03
4.377389952243663021e-03 9.873750918774572630e-03
7.478209525293161818e-03 3.533607546941560859e-03
5.180076195937501071e-03 1.605244717883011962e-03
6.132985734541403699e-04 -1.508762691678032421e-03
-3.236402089825874372e-03 4.790428113746229670e-03
-5.723332300958332286e-03 -3.758120191373441610e-03
-4.439146138463832131e-03 7.787692606692514941e-04
1.678272780022538931e-03 -2.887914053997046307e-04
-1.104084308950830859e-02 1.178890950365594527e-03
-6.775517805225061106e-03 -6.860201051798073442e-03
5.711597406079378138e-03 -9.762691999180291014e-03
-1.594180321914358614e-03 3.300153365076035922e-05
-5.154498791331658600e-03 -5.369463866175837319e-03
-2.265530929913743639e-03 -3.989657830642758321e-03
2.010140192371383250e-03 7.561040696028929579e-03
2.006563810199761717e-03 1.238804672559754190e-02
7.896484490549394997e-03 1.012685879488640049e-03
-2.160826506247848135e-03 2.886317517165025437e-03
3.699477368365296226e-03 2.125174628344768651e-03
3.172586347817756176e-03 -6.736816448860576817e-03
-2.948408952841596875e-03 -8.422497532241505786e-04
7.814579357732467230e-03 2.510448059948991277e-03
-3.218568238021169391e-04 2.406015000986483961e-03
2.355770403993920001e-04 -3.392197437950550398e-03
-2.519532610575735479e-03 -6.487253303536603954e-03
1.124415297992651091e-03 6.824150039687182758e-04
6.832899340859433478e-03 -6.276263745070169431e-03
4.907522105507102286e-03 4.574792539991750367e-03
1.875355944008746164e-04 1.332227608493017105e-03
-3.279478096774904230e-03 -1.381131207658614114e-03
7.455873253404579452e-03 -6.863122760752638982e-03
1.266232512236073818e-02 -1.711146544170566441e-03
1.369204658524023240e-03 2.351140214409373763e-04
-7.911588287653700553e-04 1.098438759179435871e-03
-2.539346307717343411e-03 -6.308067876099840779e-03
5.147936815452678130e-03 1.643546940039551912e-03
-6.516678455016315132e-03 -3.901653740906554577e-03
-8.768159395253256536e-03 -4.485463278129333230e-03
1.049662929518393930e-03 -7.473834874707473500e-03
-3.876874604715569057e-03 -4.558491340270111152e-03
7.936574903791064617e-03 -1.368677754811414328e-03
3.298078565595347761e-04 -4.749076413130678617e-03
-1.016134492155134489e-03 1.366554314270453270e-03
4.805005007134391382e-03 -1.059210499104164564e-03
-1.156070911521784456e-02 -5.980175980130672704e-03
5.314757105324426079e-03 -6.427419538302749785e-03
-7.126177762496728116e-03 6.529148954056618673e-03
-3.900101549000925885e-03 -1.800074837808690294e-03
5.254029362576658271e-03 1.353059345706740025e-04
-8.280620917381862137e-03 9.214403475758949080e-03
4.873597066020885285e-03 -4.073232143929346287e-03
-2.093514145977492125e-03 -8.932985437459795008e-03
4.149816238412421497e-03 -1.070369902452431715e-02
-1.018993910683051694e-03 1.111152023229763225e-02
-2.417478487660960039e-03 4.353225666741405639e-03
-1.181495737099691294e-02 -1.756971107014924233e-03
5.087739361356203617e-03 5.659689528409926791e-03
-2.779878433431908370e-03 1.425352155881767779e-02
8.667736646598264618e-04 1.464103218883589831e-02
-8.105029263324596209e-03 -8.076560138122879443e-03
5.096205086975652727e-03 6.237487992003653593e-03
1.304325260210053780e-02 -4.843834283359143428e-03
-3.209174694141407949e-03 2.146134608629565212e-03
-3.024886693377452310e-03 3.178166990079724433e-03
-1.535890844915630124e-03 7.886294170787603100e-03
-6.602877940505766201e-03 3.223306974320068637e-03
-8.637001309260910337e-03 5.992005799418457547e-03
8.618044502404654389e-03 8.228965085748014135e-03
-1.023577607771167762e-02 9.798974545013827697e-03
8.226003476164828881e-03 -1.245585369796204690e-02
4.065264855278969032e-03 -9.194834069315514086e-03
-9.397610340182221619e-03 -6.605187593020866131e-03
-5.813364675795342981e-03 -6.901160332308048199e-03
-2.066139574373532933e-03 -8.739379819264699728e-03
5.941263351173064165e-03 -6.531802854674327585e-03
4.272011711979393340e-04 3.185648639437864763e-03
5.090444133733791794e-03 8.784977273360089142e-03
-5.423237625155444795e-03 -1.438373811436062391e-03
6.946176032036587879e-03 6.576167673100119862e-03
-5.973403591937680689e-03 -3.094670332223469107e-03
-1.253548332329045695e-02 -4.939708509548073993e-03
-4.486741401659208317e-03 5.281283488747776089e-03
3.291350280039659175e-03 -4.650154373337205861e-03
5.377320718232520003e-03 1.396826055770082793e-02
-1.456681107456263106e-02 3.108529008544328939e-03
3.561212981561225326e-03 8.879539768532972166e-03
3.216338925259827099e-03 -1.395312722385451398e-02
-4.132260179572886521e-03 1.187540682199952208e-02
-1.060778581692692867e-02 3.649513550441184015e-03
-5.625266024315648747e-03 -5.447941712837966154e-03
-1.232854692119981707e-02 4.516482477243662606e-03
-5.863665970628924133e-03 -1.223935411826883486e-02
-6.104682718439805207e-03 4.341728693979471539e-03
-9.172378692668875511e-03 -1.162357308351186745e-02
-3.947117412418212415e-03 -1.301935277842110501e-02
-1.456146671160659170e-02 1.494136126328896421e-03
