-7.169269173297378867e-03 7.299423232063879594e-03
-6.512303804430517526e-03 -1.417709123482137346e-03
2.124647724633520196e-03 4.001983513985973330e-03
-1.431640955465723203e-02 4.304697139556783354e-03
-9.036801854056881328e-03 2.991021940831030228e-03
-9.912851409344038134e-03 -2.965700075234299626e-03
1.288902509208523194e-02 1.285702988876811712e-03
3.934926639259452713e-03 1.008991339624052200e-02
6.538679477451106795e-03 4.964440622181660011e-03
-4.902684435960919310e-03 -4.113840701993397991e-03
7.094389035319817807e-03 -4.098736904893308247e-03
-6.134454501870533968e-03 -1.089121058305592138e-02
-3.530701663688889675e-04 -1.601668335711390646e-03
1.452834097673178209e-03 2.002316929119200492e-03
6.718136269589812049e-04 1.999666584865630523e-03
-4.247571142931521118e-03 -4.739001939831728565e-03
1.039061552507406123e-03 -4.349752991849082165e-03
-8.769755932077088643e-04 -1.910736457210696071e-03
-9.709541518934133864e-03 5.037340914817311707e-03
-3.603985264830591138e-03 1.805904264042067393e-03
-7.156815720449499069e-03 -3.916629768501517228e-03
-9.467402502654400503e-03 5.371060403004189465e-03
3.276364733564240527e-03 4.185144457800479834e-03
-4.584068744875272744e-03 7.641093753008966656e-03
-4.134915686508207344e-03 -2.060880041681390287e-04
1.104601600850885386e-02 8.616004314051172244e-03
5.820085691866808651e-03 1.297715695132541786e-02
-1.798081000788523962e-03 5.409889528872658532e-03
4.503089649977185839e-03 -1.018931713140120744e-02
-1.362977932098832171e-03 -5.843140521723745942e-03
1.000615618758670181e-02 5.654806658907905736e-03
1.133135880124228230e-02 3.764346917797271787e-03
2.474269278334092180e-03 -9.262783265807883427e-04
-2.138027215399450690e-03 1.126005504543384043e-02
1.208785567477449474e-02 -7.871705354357728598e-03
-3.777215330541775374e-04 -1.883434746273197988e-03
8.602752592781256341e-04 -7.140913654932644827e-04
-1.557538521338502988e-03 -8.878292276927664262e-03
2.211853545954296264e-03 9.421803920956245589e-04
1.085410576352161156e-02 4.799832088134417703e-03
2.283285071266042462e-03 -8.788436111353319091e-03
1.168707931186223868e-02 4.584994782794685197e-03
-1.263018574187591350e-02 1.672844322014026275e-03
-1.037420238154987406e-02 -6.616337729185541722e-03
7.215921562418029823e-03 -5.954869940227648130e-03
-1.144944271567353844e-02 4.621716293814078641e-03
-4.994264907869424598e-03 -3.537982197527928321e-03
-1.482706326023592799e-02 9.052666448464748855e-05
1.558592328770087192e-04 -6.524629487771886789e-04
2.740133623380844406e-03 3.735193131019808651e-03
3.200814096675236569e-03 -1.128205606786806051e-02
1.226996281116628576e-02 6.379499401411586543e-03
4.412179676980124317e-03 9.054428225903375649e-03
3.851424969613602076e-03 -3.034225717284506733e-03
3.434076042277569782e-03 -4.559289608683036489e-03
6.991408917988651411e-03 -7.709747164562697104e-03
-8.983922738511038869e-03 -1.272451267615545573e-03
-4.576915980532030546e-03 -2.012918306128257118e-03
4.128688960085519048e-03 5.814114504450729019e-03
-6.182032928910596511e-03 -8.189778316038880818e-03
5.617701839373595921e-03 9.281304024182511665e-04
8.560283781975644088e-04 -1.455497218876398297e-02
1.649118993247007409e-03 8.302433772462194592e-03
-3.192735294412583219e-03 -2.417941550122435293e-03
8.494344017448295439e-03 2.167053232671108023e-03
-9.127584057549278929e-03 1.087783109228999089e-02
-5.337659735146165103e-03 -4.217746857245117421e-03
1.018574074922958678e-02 9.330095679545798160e-03
7.043234226108133732e-03 3.429701391692343768e-03
5.032966264232085693e-03 7.225596901509035754e-03
5.045547486581690357e-04 -1.534739230490677134e-03
2.844167548140169631e-04 -8.056718374006272389e-04
-8.923092590210852937e-03 -7.878985888205417010e-03
5.247133070661518482e-03 -1.060931640299080971e-02
3.909732543168042409e-04 -2.021667607299851462e-03
1.879060095685469636e-03 -2.861666150479056422e-03
4.819054996811764774e-03 2.346637794315134876e-03
1.806830301960118089e-03 -4.420002940238235275e-04
-9.977130170313684016e-03 -2.889095630921219727e-03
6.677710606893868389e-03 1.304408605654613224e-02
-3.546731498700883556e-03 2.637567301944695325e-05
-9.725315814944304749e-03 -1.633472466739921414e-03
-6.471622602725509701e-04 -1.717900174305183637e-03
1.353791165869079952e-02 6.268568251322432019e-03
3.566082176881534092e-03 1.817431678970535605e-03
-4.227773853464761311e-04 1.139391325587662748e-02
3.429573622187678545e-03 4.313701979737487834e-03
-2.135376871145880720e-03 1.047903457471964332e-02
-2.893342512004282857e-03 -3.863750652956817085e-03
-7.723797154240070496e-03 -1.039725721140795194e-02
1.491864373214192921e-02 -6.663851689498977160e-04
6.182160698415261300e-03 -3.167157889806740748e-03
-5.107814750819998639e-04 7.142765730774627148e-03
4.098736904893308247e-03 7.094389035319817807e-03
5.055893324585718218e-03 4.242398223931548307e-03
-5.459064492744012927e-04 -1.371855002776232752e-03
7.465085573535199144e-03 -3.918226305331011690e-03
-2.306084362113868316e-03 4.146985830838228896e-04
4.588283974569294481e-04 -6.925278081180182357e-03
-7.779326614035618828e-03 -5.352763532246254848e-03
-4.177193425042490839e-03 9.333033214193656429e-04
-2.562273368069615045e-03 -3.324869198521211884e-03
-1.034159998210659563e-02 -8.677632730768608180e-03
-3.259664399634657189e-03 -1.560316635096519172e-03
7.722711695437446504e-04 -4.965238890596625383e-03
-1.329577264241949691e-03 -5.934848763131034873e-04
1.369124831682004551e-02 -4.959810432587542436e-03
6.506204847511133128e-03 -4.331200582082037412e-03
1.034686901922180109e-03 -6.833697609274180275e-03
-4.127092423256024586e-03 8.807786789533969193e-03
-5.923321348207086917e-03 6.125705200698939625e-03
1.364957777442101124e-03 -1.360576680183092461e-02
-7.245745848105793543e-03 -4.121791734751386986e-03
-1.039987590426817710e-03 8.395738550702355057e-03
-6.266588405979162633e-03 -5.910995664863871041e-03
1.035127532119623980e-02 9.599536406763028301e-03
6.261415486979189822e-03 -3.883899599553575742e-03
1.204810051098661322e-02 3.843601706361419752e-03
1.007838598131205118e-02 3.235140802452672517e-03
5.917892890198002236e-03 6.793271946577359929e-03
-3.062453466141415968e-03 6.938146493932020355e-04
7.716101660490973062e-03 -9.973553788143423374e-03
3.021101765526544494e-03 -3.600408882658970040e-03
2.889893899337326981e-03 -2.666179523320193027e-03
9.950595076403251360e-04 -6.475326754399511608e-03
3.604783533245337936e-03 5.505046382950282147e-03
-4.492360503462322109e-03 -4.291700957304627785e-03
8.041742346415416479e-03 3.484304813569841838e-03
2.053343968825077897e-03 2.375663811588152232e-03
-1.430833075238957270e-03 -9.395300478434151547e-04
1.422882042482110157e-03 3.282591459986928823e-03
3.014875039103855764e-03 2.007617617623619517e-03
-4.510912913230729487e-03 1.175442337697957338e-03
2.558696985897993513e-03 8.151875228089824205e-03
8.339410822490699038e-03 -1.226469377404976625e-03
6.575784296985416610e-03 -5.969845967823291660e-03
6.401372654351154433e-04 1.497602759542457579e-05
-1.099406293088242212e-02 -8.833491963644475586e-03
1.695899151870962698e-03 -1.709949141548336524e-03
-1.275781722589601312e-02 -2.219932348215589157e-03
4.675776986285235751e-04 -1.957388846331347028e-03
8.129746436152298500e-03 7.735452338672984055e-03
2.601102493938084112e-03 -4.344452303344664007e-03
1.592120766125049505e-03 -1.263191004821007449e-02
2.475195316252143309e-03 -4.972263885435202792e-03
-5.688079557261483885e-03 -6.600435663670705180e-03
-8.732108383141661337e-03 -1.682810343424812755e-05
-7.181467087137289977e-03 -4.198396179063106429e-03
-3.108307586848681019e-03 6.660212004548176495e-03
-1.755803262254240684e-03 4.270498203285153643e-03
7.554941739109545182e-03 -7.759049897935556273e-03
4.224771852082553382e-03 -3.634735588436406421e-03
9.199558312265520774e-03 9.416375462948522665e-03
-5.698680934271901401e-03 -3.476353780812994725e-03
-5.854540167147549365e-03 -2.823890832034664598e-03
8.919516208033522863e-04 1.270599191778083292e-03
-6.625087030357135198e-03 5.406313146701037867e-03
6.306343569765683263e-03 -5.804311395856419191e-03
-8.331013178439318836e-04 1.157177351118649639e-02
8.334908402401027677e-03 7.646522211018049603e-03
1.210283170236991883e-02 -8.511842619792844150e-03
-8.653779632496924959e-03 3.312415745674692977e-03
-3.619472370437869929e-04 4.787378635286537905e-03
2.321060389709292838e-03 -1.054835848518938333e-03
2.153801511408480994e-03 -4.589241663875246423e-03
1.318669356816051449e-02 -3.425071202098006751e-03
-1.420231698229900861e-03 -4.063611930702267817e-03
3.516907213013119402e-03 -1.010303734799848294e-02
-2.204828551116860304e-03 7.607437546141345569e-04
-9.980578782980857599e-03 -9.419025807200732611e-03
7.378805790132473771e-03 -4.904408742295077693e-03
-4.049561941024894425e-03 4.826079991649199867e-03
-4.617469412733516548e-03 2.391438107597181669e-03
-1.363571885702199310e-02 -8.468324657437322628e-05
2.446967567394091759e-03 -4.270242664270382238e-04
-3.051852089132359343e-03 -2.430267233465650302e-03
-6.626811336691294449e-03 2.141348058561961653e-03
2.769159640652500871e-03 6.500904159005354080e-03
2.763188453237781696e-03 -1.060494175240444224e-02
6.584533598157011822e-03 -1.001956732974456765e-03
-4.709049884640660079e-03 2.967296612063792353e-03
4.976766305526235910e-03 -6.397796272169741470e-03
1.067452120187872486e-02 1.124543067496526147e-03
1.449257715501557110e-03 6.829322958687811945e-03
1.075205168410849586e-02 -2.857163730389384627e-03
-9.543080909048068383e-03 1.260796083181270691e-03
-1.781252897355637159e-03 -3.322218854270144687e-03
-6.499179852672337145e-03 6.034124728792938409e-03
6.388919201493483205e-03 1.136581327652302215e-02
2.295610754609257471e-03 -8.647552906073094348e-03
-1.196517322212766257e-03 -9.619685353359786958e-03
-7.457932809193098395e-03 -5.735785753804851193e-03
1.665947096679894646e-03 -4.296746106806084101e-04
-5.410943336295374884e-03 1.360484076391151216e-02
4.685995054783724523e-03 1.137283827136045811e-02
-2.362412090325525203e-03 -1.851758384747971553e-03
-8.411512846712746252e-03 -7.710800971986554037e-03
-6.286098505055054582e-04 -7.185043469308911510e-03
-4.178917731376649222e-03 -2.331661766719710354e-03
-4.767101919185333034e-03 -2.564125443908438218e-03
2.359889515577761904e-03 -8.724157350384814658e-03
-4.191243414719864231e-03 -2.472544971999933797e-03
1.179018719869578654e-03 -3.160931163378828332e-04
-1.295250558464513526e-03 6.101852102429054011e-04
-5.429240207054670392e-03 -3.641888352779648185e-03
-3.040452443708555920e-03 1.756601530667846033e-03
5.337659735146165103e-03 4.217746857245117421e-03
1.191516833846438007e-02 1.512865977559760093e-03
2.872267527489473938e-03 -1.245021787172241471e-03
1.743349809406579461e-03 6.945554797282747252e-03
-8.827265237220426400e-03 5.386036430600975311e-03
1.391205680956883505e-03 1.297900902715581157e-03
7.387555091304068983e-03 6.348049255375763644e-05
-1.556740252924898073e-03 -1.567341629933954482e-03
4.185144457800479834e-03 -3.276364733564240527e-03
7.832205729581461287e-03 1.089290323799679047e-03
6.090580226507899195e-03 -2.591299385342631968e-03
-4.244920798679312039e-03 -5.520022410547067125e-03
-1.641295729993464412e-03 7.114410212410550785e-04
3.329243849107580214e-03 -7.832875064587782599e-05
-3.653958497121043017e-04 -1.742551540991614089e-03
1.266808882982497012e-02 -5.296180265026629273e-03
1.044362241013185606e-03 -5.911793933278618705e-03
-8.627978340272504740e-05 -9.861824369640664369e-04
-1.081275406290537963e-02 -1.893237854867508251e-03
2.520123399039996773e-03 -6.892675681736904793e-03
1.204372586040138894e-02 1.359657088936322075e-03
2.970074725820667522e-03 -7.428906791920300047e-03
1.317954080381727143e-02 6.228940857039216156e-03
-1.301758261402223907e-02 -1.132494100253372826e-03
-1.424762837359769448e-02 -4.644898893176821301e-03
-1.484825809097874150e-05 -1.071679894041300922e-02
1.258525765908942093e-02 2.475674742888171742e-04
-7.951032756847112998e-06 2.343061412143513777e-03
1.053111542184779733e-03 -9.439046984297831590e-04
4.728528332327118153e-03 -1.248042546592079312e-02
-4.823429647396990788e-03 -4.830582411740232986e-03
-5.349187150074634182e-03 2.952320584467008242e-03
-3.334544537612217814e-03 1.640369692074052609e-03
4.488911890796507681e-03 -2.238229218973743218e-03
3.772968449464420351e-03 4.993466639454676934e-03
-8.402763545541151041e-03 -2.742911737137718707e-03
8.805519753793298546e-04 -2.916269572357915816e-03
9.601260713097187552e-03 -7.086310233057164024e-03
-4.218545125659865086e-03 -1.973290911846183569e-03
1.481860114946195132e-03 4.768027957105886935e-03
1.288225563624575444e-03 -2.313109356952445725e-03
-8.650203250325304294e-03 -1.514590283893918910e-03
-7.951032756847112998e-06 2.343061412143513777e-03
1.034702844011567945e-02 -4.241344416507690507e-03
-4.303100602728431208e-03 3.054917393288262076e-04
-6.981892999784280497e-04 -5.546398083566514078e-03
-3.712266070667537450e-03 -2.430650541977844893e-04
8.571874499679426468e-03 -1.814653565213661304e-03
6.594879436157660875e-04 1.858783379585407080e-03
3.934256140350513020e-03 -8.577973456598811733e-03
-1.937623208249240198e-04 4.275798891788430353e-03
8.504147126043967025e-03 -8.267979297178953274e-03
-2.447893605319431437e-04 4.473009825284612363e-04
-1.034795447803373014e-02 8.287329975362104847e-03
-2.239283026397601017e-03 1.091400987390488825e-02
-1.957388846331347028e-03 -4.675776986285235751e-04
-5.129975194149673928e-03 6.269238750232733470e-03
-3.443623611863910489e-03 -7.719550273158148380e-03
-1.391046027274500316e-02 1.642892266821815474e-03
-4.662397495520009122e-03 4.311849903900025552e-03
-3.448126031953582717e-03 1.153441315264878281e-03
1.901061118119690358e-03 -1.798879269203270976e-03
7.853951213005650085e-04 2.486594961677307189e-03
-2.471618934080522210e-03 1.452578558665913386e-04
1.180516322629463627e-02 -3.801068428818025688e-03
-1.081211521538385286e-03 -5.867791888410175960e-03
3.752819502867661694e-03 -4.161291359528796613e-03
-6.232261700202869001e-03 -4.707325578306501696e-03
8.429139218561740310e-03 6.289643235837241372e-03
-9.294842935848949758e-03 7.343425276932323206e-03
9.642484644208755562e-03 7.177220206055366994e-03
2.658643450467522255e-04 4.661471457600596668e-03
6.411047993431007175e-03 1.071663951952044145e-03
-6.402170922756109800e-03 -7.460710922949972262e-03
1.076795374962333240e-02 -7.543286554677772204e-03
9.271788105992013335e-03 6.996709606491928121e-03
-7.498486241394583529e-03 -1.331429340079412407e-03
-7.143563999188232497e-03 -7.821732122075708560e-03
7.004660639249918851e-03 -1.161484951813688757e-02
9.641814145298453894e-04 -1.149066664678510602e-03
-1.243032446413296771e-02 3.145955135788628364e-03
7.590194482811179469e-04 -1.060136537023576150e-03
-8.563795697418132707e-03 -1.188534405277797551e-02
-1.001065860767637317e-02 3.218184929515120491e-03
8.178378670613717372e-03 -1.036890169304523560e-02
1.420455236664980650e-02 -1.526660428229383373e-03
-8.827137467715979319e-03 -5.970899775247148593e-03
-4.207145480234699905e-03 2.213577852288454648e-03
4.991614563617213784e-03 4.319002668243267749e-03
-3.715714683333351444e-03 -6.772995230476155926e-03
-3.869849609876201916e-03 -2.855567193559890599e-03
-3.298365755998461032e-03 -5.247931339076265279e-03
2.537622001383184594e-03 3.043102787960765433e-03
-4.332509928522295089e-04 3.161058932888717241e-03
1.605244717883011962e-03 -5.180076195937501071e-03
1.473110813773240548e-03 -1.998612777440897338e-04
-5.808813815946309994e-03 2.566648018654841493e-03
-1.118782525170848759e-02 -4.557693071854684343e-03
-5.227782392480867513e-03 1.245312375498079313e-02
-7.214069486580567542e-03 -2.137101177480039537e-03
6.652260971791329816e-03 5.451368998992194362e-03
1.326926919988379505e-03 1.374505347027300383e-03
2.511246328363737641e-03 -5.036287107401181233e-04
-2.906594233265768004e-03 4.135170061487169167e-05
-2.516674786372821888e-03 1.342260585801641724e-02
1.381450515025127272e-02 -3.550978379781444781e-03
5.649378200898821922e-03 2.912820959689598616e-03
-3.510552717084623568e-03 -6.861925358131090377e-03
-1.108404686596257613e-02 6.364267834807053187e-03
-2.121869610886656333e-04 -1.613994019054605655e-03
8.092897155627099687e-03 -4.044133483015810611e-03
2.275206269003388678e-03 4.911561506637178443e-03
6.601361701588756743e-03 -9.734065116115898225e-03
9.795693532832194447e-03 7.305777727992375861e-03
-7.448257470102311907e-03 -4.813882077811791095e-03
2.421390162797337395e-04 3.337194881868775953e-04
1.018759282506704819e-02 1.238124561838109192e-03
1.191159195629275941e-02 6.339872007128372414e-03
-3.338919188198585710e-03 -8.435749253496843941e-04
-9.683836344823625736e-03 -1.008381443932113673e-02
-6.231463431788122204e-03 2.603625068685847411e-03
6.427876096861829657e-04 -7.660444431185534737e-04
3.457003102629841416e-03 -7.542488286261665384e-03
8.146574539585185737e-03 -9.966560444698191641e-04
6.148760030557018363e-03 -8.416813535218526168e-03
7.810204707153387774e-04 2.650344252209404193e-06
7.761700242189127109e-03 6.773921268395348937e-03
1.089983211472421096e-02 1.019037093882506524e-02
-8.275930329938301425e-03 -6.161085713900233372e-03
1.291897714727630042e-02 5.428458009083814151e-06
4.625420445491505543e-03 -4.734499519742055469e-03
-3.704442807413993802e-03 8.770809739505464747e-03
1.056687924356401048e-03 -5.770910727998394829e-03
-1.150391836804637129e-02 -5.736711791724262779e-03
-6.758019202880512395e-03 3.075577417900738665e-03
1.277624186615518818e-03 8.109725259064068294e-04
-6.365321642230909252e-03 4.318874898738821536e-03
-5.389740582275899874e-03 7.356676998194948934e-03
-2.954172660305830981e-03 2.742783967631912470e-03
3.982505066299515256e-03 7.388481129223479701e-03
7.450109545940916504e-03 -3.278089039897257029e-03
1.704520683539253144e-03 1.461487629914726138e-02
3.034225717284506733e-03 3.851424969613602076e-03
2.149299091319950648e-03 4.283749924546420215e-03
8.418506190155257939e-04 -6.603884276337661924e-03
-5.914444277530827784e-03 -2.633417702978470450e-04
1.232568334321514449e-05 1.408832052802233884e-04
1.966265917008748042e-03 -5.921469272369623768e-03
1.177083652051720032e-02 -5.004738515374035010e-03
-5.005792322797891943e-03 3.632085244184196909e-03
-3.135705415901191007e-04 9.396897015263206906e-03
-6.251740147888183892e-03 4.805803275549137311e-03
5.005792322797891943e-03 -3.632085244184196909e-03
3.353767446289564018e-03 1.156037386576269296e-02
1.257385801366539893e-02 -3.939301289847181933e-03
-6.070303510407836639e-03 3.891211784793416339e-04
-1.086735748478423816e-02 -8.947297345613686864e-04
1.376335034104073096e-02 3.977459916802847210e-03
-5.701331278524111347e-03 -2.695333310097655730e-03
-9.222613142123598645e-03 4.923759420477089553e-03
2.594875767514253501e-03 1.263574196939286874e-03
4.348954723434335368e-03 -6.271889094484942549e-03
-4.189391338882401949e-03 -1.056451608970762103e-02
1.851758384747971553e-03 -2.362412090325525203e-03
-3.344219876704365192e-03 7.184660160798512791e-04
-1.242144739345556539e-02 -3.243091835209519630e-03
4.844632401417607245e-03 -1.417581353977691132e-03
-3.920876649584581659e-03 -6.684065102821002899e-03
-1.353446304602362246e-02 2.613619249570795638e-04
-1.841157007737554254e-03 -7.616697925321855777e-04
-5.593976510606576621e-03 3.399621566995468178e-03
1.988139169937162744e-03 6.498253814753144134e-03
1.708097065710873809e-03 9.787870269578651666e-03
-7.535909902720346748e-04 -1.185884061025272232e-02
-1.912460763544854671e-03 -2.387989494931367241e-03
1.958314884250758614e-03 -3.578407860224749534e-03
-9.098430270771815792e-03 2.286605914428552558e-03
-3.624261980930653694e-03 4.008082470905357728e-03
9.907678490344063588e-03 -6.829195189183148024e-03
-4.296746106806084101e-04 -1.665947096679894646e-03
-2.512970634696754576e-03 -2.761336377400318547e-03
1.299637986000276579e-02 7.380657865969936053e-03
2.113375848711660648e-03 -1.154182145599542790e-02
1.005651272838227646e-02 -9.184582284671238134e-03
6.241937039293874931e-03 5.629229254302063265e-03
5.852815860814751872e-03 -4.410742561032697344e-04
3.117184657526567105e-04 -1.304925897555519240e-03
4.280173542376159573e-03 2.677706938249803121e-03
-8.642379987071759778e-03 7.499284509809332061e-03
-2.792438358126840200e-04 1.060056710181921623e-02
3.546859268204187454e-03 -1.138331187886621083e-02
5.019044044059596315e-04 -7.537187597753382479e-04
1.203670086556008888e-03 -3.432670577743605640e-05
-2.347436062728739791e-03 -2.491895650181945223e-03
-6.352197690471587423e-03 1.177070875101253640e-02
-6.261415486979189822e-03 3.883899599553575742e-03
6.102107641436366539e-03 -9.761366827054758499e-03
1.525862159813276553e-03 6.893601719656316379e-03
6.711366813759860571e-03 -4.420130709736970996e-03
1.873759407182192492e-03 -1.299625209049739757e-03
1.599017991459181134e-03 4.279503043464497015e-04
-7.529204913605917759e-04 6.809046242586389366e-03
4.544441350592057748e-03 -7.282722898135439438e-03
5.067420739514187297e-03 -2.927669217780577357e-03
-6.221660323192670060e-03 -7.831407461166714490e-03
-1.135786224376617547e-02 4.045857789349969862e-03
5.436392971396550831e-03 -6.012123706358716603e-03
-7.703775977147758053e-03 1.011443699342364638e-02
-1.382325445142286620e-02 -1.416910855067390548e-03
-6.918253086342746397e-03 1.244095749252829668e-03
-5.110624515966521487e-03 8.113046102222496586e-03
2.046318973987642370e-03 6.727396648783928994e-04
1.044815648160938096e-02 7.461636960869383849e-03
4.973189923354614378e-03 -1.570790242601130017e-03
1.289605008692266790e-02 2.988627135586571261e-03
2.323582964457056570e-03 9.521079886613846577e-03
-8.100464879869952433e-04 -2.768361372237754074e-03
2.747414157230112499e-04 -1.727575513396189567e-03
3.490403770489226669e-03 -2.292832640851241721e-03
-9.551031941806058245e-03 3.603857495326144925e-03
-3.773894487383831937e-03 -9.474810806014042578e-04
-1.164320503649824215e-02 8.897515185605010465e-03
1.010833803650496455e-03 1.954866271577217294e-04
1.400376505098630681e-02 1.046214316850648321e-03
4.102441056569375993e-03 -9.089553200096918417e-03
-5.623928565797645107e-03 4.679896097863196942e-03
-5.422215212215873541e-03 -1.938964206068747621e-03
-1.284767339146921858e-02 1.620891244387595402e-03
-5.591581705356675393e-04 2.533247350797958580e-03
8.756759749828091355e-03 2.985945139946950128e-04
4.512637219563526980e-03 2.089522750439976560e-03
-6.744895251122550589e-03 1.052741127017331121e-02
-7.388353359720176670e-03 -7.374431139547247757e-03
3.727369867767626761e-03 -1.175400841708295306e-02
-3.746720545948276863e-03 9.910201065092969636e-03
-1.134633482883656494e-02 -3.124209652363517126e-03
1.575835392098063475e-04 2.612502139360745219e-03
2.042870361320467051e-03 -5.857190511401119334e-03
1.720550518558753824e-03 -1.428182730986747974e-03
3.421750358934135764e-03 -4.700172813965761837e-03
8.577526845303627689e-04 -1.129000710062605037e-02
-5.142300877491747489e-04 6.128355544951149137e-04
-1.743349809406579461e-03 -6.945554797282747252e-03
-3.527380820518871696e-03 1.870183025010571393e-03
3.907880467329923752e-03 -1.212470495529833353e-02
1.864882336504791478e-03 5.089421761948407369e-03
1.722274824891551533e-03 1.836782357151186358e-03
3.676087289052638787e-03 7.131366085349462834e-03
5.600203237030407233e-03 -9.007648067279419926e-03
8.921368283876693686e-03 4.614020800066341230e-03
-7.718624235238735927e-03 -6.023619469893628370e-04
2.778113756873867857e-06 -1.213795667656096186e-02
1.050646405516294721e-02 -9.720813394854633388e-03
-4.232722884840542377e-03 5.977797000581280655e-03
-5.262779597168604911e-03 -7.418433184415689635e-03
-2.870670990662263673e-04 1.586692308115966125e-03
3.073980881069884180e-03 -7.863882091105327266e-03
2.003115197533947289e-03 5.858116549319170030e-03
-5.907419282692250376e-03 1.439582376410551614e-03
-1.442232720664121800e-03 -5.126398811978053263e-03
3.557205106205275826e-03 8.206478649967322708e-03
1.282924875121298301e-03 -7.510684155231289521e-04
-4.337427308505867156e-03 -8.981783472271828977e-04
-8.089193003950813365e-03 -1.213980875239842327e-02
1.947713507241702205e-03 -4.543259773658967632e-04
-3.821600683927199246e-03 1.311088739226240127e-02
-1.710875179467748327e-03 2.350086406982310194e-03
-6.242351999202794439e-04 -4.701098851883812532e-03
8.869542975754709027e-03 -6.525427756188480199e-03
-1.162280055089373425e-02 -4.661599227106403773e-03
6.769291078799869604e-03 1.246822755208088288e-02
9.148786811556241377e-04 -1.712599485800546037e-03
-1.865808374425345162e-03 -1.043436203093774236e-03
-1.299120694100165153e-02 2.414237398446148972e-03
-1.213345425647014818e-03 -8.875769702181261636e-04
3.526582552104124899e-03 -9.181133672002919632e-03
1.998612777440897338e-04 1.473110813773240548e-03
-2.765711027985544562e-03 2.902601727165624902e-05
5.545472045647102492e-03 3.347796258874844409e-03
3.155630474878272536e-03 1.335222814012738610e-02
-1.782977203688434868e-03 -6.587183942408078585e-03
8.844763839564975111e-03 4.549742039097836796e-03
-3.836448942019319436e-03 2.394088451850752072e-03
2.913619228104345413e-03 1.661572446093526750e-03
-9.435858566401826575e-05 1.271381518102757124e-02
5.541225164566541267e-03 -1.049308456439587527e-02
4.213244437154085170e-03 3.535331853275719242e-03
-1.379250412781705265e-02 4.613765261057229360e-03
5.828292263632767201e-03 -1.207977687251184096e-02
6.444576430793696326e-03 -5.035616608484295639e-03
-4.066262274954476896e-03 2.201252168945239639e-03
4.254723907274763316e-03 -4.915010119305495209e-03
-5.099224870543860380e-03 1.229991486635735425e-02
3.290414723240472471e-03 7.590992751221139513e-03
-7.734526300753572468e-03 4.083760877299025607e-03
-2.243657676982827032e-03 8.430065256479791005e-03
-1.005558669046422576e-02 5.138596725816823793e-03
5.104270020039386110e-03 8.851916603908218176e-03
2.109671697036735218e-03 4.642120779419946566e-03
-2.922496298780604546e-03 4.727474524903260353e-03
-4.782876215196865677e-03 -9.234938825466814522e-03
1.074186526700949976e-03 4.164867741700417278e-03
-8.111321795889699093e-03 -1.845659427828586722e-03
7.598943783977987060e-03 -5.633476135383986248e-03
-4.494212579300926706e-03 3.800270160404420339e-03
9.431223721039501406e-03 1.517240628147488880e-03
-5.928494267207059729e-03 -3.669190063718507158e-03
1.248598169343862353e-03 -1.954738502079137949e-03
5.653752851484047937e-03 5.396765577114696726e-03
-3.918992922348554786e-04 6.067653166154266670e-03
-6.719317846516708118e-03 6.763192121880484339e-03
-1.121420092472793541e-02 -8.104424570555568766e-03
-1.193068709546952263e-03 -3.089755177081416823e-03
-4.179843769296060808e-03 1.714323792133562755e-03
3.546859268204187454e-03 -1.138331187886621083e-02
-4.817330690477605523e-03 9.183272938239409044e-04
5.142300877491747489e-04 -6.128355544951149137e-04
1.568267667853366068e-03 -5.602725811778170098e-03
-1.070619756340259084e-02 -3.109233624766732582e-03
2.861793919983721211e-03 -9.477876110160151496e-03
-7.299551001568545250e-03 4.187667032548243566e-03
-2.330735728800298334e-03 1.329321725233761128e-04
-5.706855854641359679e-04 9.703314792510084677e-03
2.409064479446176594e-03 3.196311676584203884e-03
-6.745693519537296519e-03 3.216460623180962108e-03
-7.207172261246435480e-03 1.092275917507648346e-02
-8.695131333111796867e-03 4.058215124089249726e-04
-2.700633998603435646e-03 7.263372219953647020e-03
3.504198221153187812e-04 2.382688806425587759e-03
1.870183025010571393e-03 3.527380820518871696e-03
-2.004169004956662774e-03 9.544805215380865876e-03
-7.538465292811448101e-04 1.085503180144102228e-02
1.038055687747836860e-02 -1.034862497694403159e-02
-2.114046347623102680e-03 -7.126065396843683786e-03
1.193624332297940800e-02 6.621638417691321638e-03
5.336861466732560622e-03 -3.093203789748591274e-03
4.601567347219821455e-03 2.294684716689846318e-03
-3.981706797884768459e-03 -7.753048223113102877e-05
-2.048969318239851883e-03 1.082808058369459864e-04
-3.177887036321604044e-03 8.298857390290573927e-03
-4.284675962465830934e-03 6.195284650173223974e-03
9.178483327750709686e-03 4.307603022819463459e-03
6.779125838783659277e-04 7.748576290429804413e-03
3.077429493738201381e-03 -1.333951914827175705e-03
8.946019650555616905e-04 4.895787210627444057e-04
-1.328529903490645488e-02 2.298005559853716871e-03
-2.245381983316985415e-03 5.165100168340715225e-03
-3.995884557065445750e-03 7.873557430196333196e-03
2.399389140355170664e-03 2.274408000588641447e-03
3.477950317641346871e-03 8.923220359714156835e-03
8.510118313458686634e-03 8.837866614230843049e-03
-6.096679183427282725e-03 -3.157610320221541922e-03
2.207606664872374148e-03 -1.289870043117623787e-02
-6.126631238618351211e-03 -1.877335789353813591e-03
-1.555015946590739473e-03 1.697623458205121299e-03
6.947406873120209533e-03 -9.835320927114267128e-03
-1.053376576610180748e-02 1.022006745500702272e-02
-3.390201766915153583e-04 1.804179957707908576e-03
1.828831324394339028e-03 6.207865872519620267e-04
1.163116654355884428e-03 4.370029707949144721e-03
-7.444808857435136588e-03 1.716048098467721356e-03
-5.117075130014114501e-04 1.118875128962790004e-02
-1.460520096005625545e-02 2.626424359534814713e-03
4.304824909062590459e-03 2.959473348810249572e-03
3.880450986887761314e-03 -2.685146892991807470e-04
-5.630027522718171820e-03 -1.069013607699616057e-03
4.135170061487169167e-05 2.906594233265768004e-03
-7.362105456204032748e-03 7.529236565000398812e-03
-9.115130604700257683e-03 -3.382219082767685611e-04
1.164400330491184923e-02 -1.586564538611300902e-03
-2.192119559261012686e-04 -3.316918165764365205e-03
-5.971698043661896257e-03 1.516186820723631513e-03
1.480263578116482528e-03 -9.853873336881313616e-03
1.851758384747971553e-03 -2.362412090325525203e-03
-1.103739447684192430e-02 7.708821126643283783e-03
-1.266531071606809798e-02 -6.841776411534331720e-03
-9.078951823085358586e-03 -7.226522939428447340e-03
3.794171203483894493e-03 -1.254697126261886076e-03
-8.679229267596960326e-03 -4.280301311879463472e-03
-3.147807211626090645e-03 -4.338353346425278742e-03
3.221889081190045488e-03 -6.173283627739002168e-03
3.161857201303464038e-03 7.744201639844577531e-03
1.525989929319083007e-03 -4.463334486190666077e-03
-4.045059520933861306e-03 -4.046911596772684479e-03
3.726316060343769394e-03 3.648913347618444603e-03
6.878753461565337637e-03 -1.224266110022628577e-02
1.186149095450629229e-02 -1.534611460986231787e-03
5.452167267406942026e-03 6.586896752010192903e-04
4.750401585256892878e-03 -6.070237879688290122e-05
-1.038933783004101791e-03 -7.007183213997680848e-03
1.060771986616131611e-02 -9.374768223323179731e-03
1.125475435692920197e-02 3.700068156827625906e-03
-3.822271182838642145e-03 -5.556999460576712152e-03
-4.180642037710807606e-03 -5.596626854858786568e-03
-5.590304010323638578e-04 -8.823688855048805735e-03
1.860507685919565463e-03 2.605477144523310126e-03
1.707074909679867289e-04 1.006433599163581924e-02
-2.145850478651633447e-03 2.246180251731731779e-03
-5.986577953144374062e-04 -8.465318000176639407e-03
2.906722002770213351e-03 -1.139828790646299495e-02
-6.822872344635919420e-04 -1.023252090785490252e-02
-3.902579778825285717e-03 1.056266401387015788e-02
4.382355391293720620e-03 -1.022233449074518886e-03
-2.245381983316985415e-03 5.165100168340715225e-03
4.981013186606797136e-03 7.443084551100978205e-03
8.945093612645074743e-03 8.941772769481203323e-03
3.677141096475354271e-03 -8.271555679350573939e-03
2.690830890006623045e-03 3.171660309897773432e-03
2.764912759571939212e-03 -7.339976664265366463e-03
-8.903741912027699629e-03 -6.035178536215653027e-03
-2.479442197334064991e-03 -8.868616937836658332e-03
-1.112217384153310271e-03 1.081540440715894960e-02
2.794737045258342909e-03 2.736685010712527639e-03
7.446405394263489602e-03 1.290585319551833601e-02
-3.464028097469780149e-03 5.839564139552124410e-03
-2.561475099654868248e-03 3.986081448471136789e-03
6.901552752414305374e-03 -3.868923571958151220e-03
3.268413700806251099e-03 6.528205869945354067e-03
-1.191781868271680860e-02 -7.318455068469247385e-04
-1.678145010518664743e-03 -1.106814480044773959e-02
9.285965865174052383e-03 -9.543783059343937877e-04
-6.777242111557857732e-03 -1.012516613993600691e-02
2.583476122089089187e-03 -2.923294567195351343e-03
-4.293297494132979064e-03 -1.012954079052373613e-02
-6.449749349794812320e-03 -4.759278655931790253e-03
-2.073620684926282334e-03 -1.734856047235010072e-04
1.611599213802857814e-04 -2.214503890206505343e-03
7.748704059935610650e-03 -1.203484878972534838e-02
-7.999592377385577463e-03 6.733240066690777612e-03
1.208162894834930411e-02 -2.263678854074920033e-03
5.779787798673293071e-03 -5.332359046641527503e-03
-1.412280665473053965e-03 -6.406673342845781161e-03
5.266483748843529475e-03 -8.765509050999684831e-03
8.375461834602292502e-03 3.242165797290108478e-03
1.012395372693419490e-02 5.900500103290765193e-03
3.639265612886660294e-03 -8.090718087937268793e-03
-1.502318129153020409e-03 -4.634560499849015719e-03
1.304975182793654447e-03 1.090657043973389077e-02
-1.374108878679400044e-03 2.287213076666851867e-03
-1.428963439068289647e-02 -3.929585008026977716e-03
-6.171213840905259533e-03 2.498624957525424906e-03
3.535307440895947909e-03 -5.583331636296042736e-04
1.063197457557734857e-02 3.361041125774847076e-03
-8.770167239520959210e-03 -6.828089739680584004e-03
7.059190260724963230e-03 7.616966908220291696e-03
-2.212939273736688403e-03 -1.275708249939407415e-02
7.556379138046308112e-03 4.411181016013438969e-03
7.247547584864507536e-03 9.193248840823070242e-03
-5.611603221666303098e-03 9.150768693891767058e-03
4.320390754547943565e-03 -6.352956085562071198e-03
-3.829316076913390730e-03 -4.274286968621412650e-03
-5.614925080918256248e-03 -1.146632208803430352e-03
-3.159035179680574706e-04 -7.204149219182091717e-03
2.661136760784640724e-03 7.578014798602129842e-03
-3.113124319791425211e-03 6.303094128218049430e-03
-3.773634026999538992e-03 3.424021468426899882e-03
9.246902024193735109e-03 5.374321876230219938e-03
-2.073552485483561979e-03 -1.409914001918780415e-03
4.959580271020936487e-03 9.427753981775775782e-03
-2.663903192725036468e-03 -1.460985647788183572e-02
1.025285895297903607e-02 -9.600816346512629218e-03
1.093375331838714569e-02 9.360909972187605316e-03
-1.211082868802171135e-02 -1.964644320741501700e-03
-1.073135893713984650e-02 4.631769932335202088e-03
2.863614586066688672e-03 1.008901771914764121e-02
-5.492674277858726820e-03 -7.900012400302363832e-03
1.352378751014072372e-02 -2.531998938689088412e-03
1.574388028258725787e-03 8.927057976547497775e-03
-6.321380141945149786e-03 -9.848180992824055388e-03
-1.003639900715892026e-03 1.185811830383278094e-02
-6.039823605423729098e-03 4.879380379695566331e-04
2.641171370476773275e-03 -4.579210308327544277e-03
-7.422376679007817481e-03 1.199405460767846883e-02
2.823024835608077890e-03 1.203410961373143316e-02
1.013671598806457170e-03 -4.814183563001000511e-03
9.038164572855035550e-03 7.270315171809292772e-03
-1.041745621958329281e-02 8.941762395532980301e-03
-9.210518730839910295e-03 -7.604456497567086380e-03
4.001174556826092316e-04 1.208167050554913823e-02
-7.786280014148101551e-03 -9.829370984202542849e-03
9.685053117104701695e-03 -3.492287236589942685e-03
1.153383453609408077e-03 -1.444387514242675779e-04
-1.434773241505981831e-02 -3.813320451625966476e-03
-5.213228803009124779e-03 1.067907626292234798e-02
3.944271998551370992e-03 -5.138579087775593107e-03
