-2.831714095288206945e-03 -3.159334626555700305e-03
1.674696397852849447e-03 4.538214624169368584e-03
-1.007931201923010361e-02 8.108447564017413900e-04
-1.152856973473416306e-02 -6.018478202285851980e-03
-7.169269173297378867e-03 7.299423232063879594e-03
-5.941873757974133405e-03 1.159284849570266750e-02
1.418957633905438241e-02 -8.865231627942678216e-04
-5.944396332721896270e-03 1.016932760569881286e-03
8.442770756526222359e-05 9.078153554671754971e-03
-8.506797470296175237e-03 9.048999767894290100e-03
-2.188255986691724046e-03 1.474250778316621956e-02
-4.009136278328073212e-03 1.177865978376938308e-02
7.132930970785177939e-04 -6.450675387714223039e-03
7.189418119894136656e-03 1.855334766919593086e-03
3.416449670429716739e-03 -3.138131872535084715e-03
-4.890486522123510538e-03 7.383978709133808341e-03
9.065443398909305180e-05 3.470127054387803656e-03
1.279041962533929155e-02 1.586373466325226994e-04
-2.035845366481889643e-03 7.560114658109517993e-03
-5.993571296590310959e-03 -1.090353626639913726e-02
6.797646597158284263e-04 -3.433948272778833627e-04
-5.881714108581742248e-03 -1.368157297772789466e-02
-1.672972091518691064e-03 -1.273249536030292804e-03
-8.606328974961526337e-03 1.196791968450327398e-02
-8.864242287250290869e-03 4.963386814757802211e-03
2.429341195546238716e-03 9.941334697209135499e-04
1.276404395231870229e-02 -3.388094152066999966e-03
3.225337693857220807e-03 3.566465485405102831e-04
-3.337194881868775953e-04 2.421390162797337395e-04
-1.068604861680719394e-02 6.045524374215598649e-03
7.494718786947764805e-04 -1.333897641886476124e-02
4.646495430006314029e-03 3.742729203870024356e-04
7.015134246754528395e-03 -3.381995195147615568e-03
-4.343526265425251554e-03 -6.647088052791357005e-03
9.273640181829474749e-03 -1.095261511215759112e-03
1.452578558665913386e-04 2.471618934080522210e-03
2.521719935868348486e-03 7.729225612249153443e-03
-5.929292535621806526e-03 -1.098014071071085583e-02
-1.830555630728497628e-03 -3.885751675391038024e-03
2.616174639650491185e-04 -9.179409365668762116e-03
-2.734960704379729712e-03 6.059702133396276807e-03
2.065797421674099577e-03 -8.840389188978607649e-03
-7.166139402410278900e-04 -1.143619099441091184e-02
-5.705705929110478809e-03 -5.179277927521392516e-03
7.340774932680112393e-03 1.007586340656428832e-02
7.145416075025694778e-03 -2.702389956319786735e-04
-7.555867777028957635e-03 1.180503545678882917e-02
2.562401137574279834e-03 -8.032067007324408814e-03
-7.735324569167177818e-03 -3.227189769694683522e-03
-4.112914664073986405e-03 8.566988771076466339e-04
8.196803310876316778e-03 -4.479108782200837829e-03
2.781485323995716314e-03 6.641787364285577089e-03
-1.558592328770087192e-04 6.524629487771886789e-04
-2.150225129238001343e-03 -2.377643656920050072e-04
-7.800944327959271913e-04 -4.048635903105482839e-03
-2.182029260266532111e-03 9.134481282883410991e-03
1.060137700905662561e-05 -3.124081882858852771e-03
4.382227621787913516e-03 1.033470275677246357e-02
3.465624634298131862e-03 8.782337154433933826e-03
-3.101154822506580703e-03 -2.993800054587685954e-03
-1.783775472104541689e-03 -1.389813458940156871e-02
1.190418365293382076e-03 3.870775647795613936e-03
1.091400987390488825e-02 2.239283026397601017e-03
-1.299915797375963966e-02 4.757298810591024073e-03
8.223977252313014602e-03 6.378573363492175824e-03
2.906466463761103215e-03 1.131558450523074966e-02
1.155069852667168703e-02 -4.275671122285127322e-03
-5.523471023212881553e-03 -2.285009377599059397e-03
-2.483944617423737219e-03 4.374650586367895971e-06
1.324924802279622144e-02 -6.766640734547659658e-03
-1.787862932292804893e-04 3.635661626355818007e-03
-8.504817624954048166e-03 -1.039990755565901870e-02
-9.903176070254392227e-03 -2.043796399239879071e-03
-9.877789737924181496e-04 -1.453562151058333460e-02
4.594542352379884023e-03 5.917605699803057777e-04
-1.031908788166666265e-03 -5.304259067287922166e-03
4.951188900920393439e-03 -2.633577123876915463e-03
8.576249150265793930e-03 6.692910522100754822e-04
-4.445835883846116499e-03 8.409788540379728450e-03
-2.954172660305830981e-03 2.742783967631912470e-03
1.455059753817875695e-02 -1.627916239227532834e-03
-2.629202473291689015e-03 -2.467244283495295763e-03
-2.177526840176860316e-03 2.614896944603844380e-04
-1.310226586058796166e-03 1.250322475676660062e-03
-5.313934406378928096e-03 1.100051121711046950e-04
-1.741753272576866858e-03 7.676346496704453300e-03
2.275206269003388678e-03 4.911561506637178443e-03
7.185171238812215408e-03 -1.198554605635226977e-02
-2.730171094000050243e-05 4.992540601537502273e-04
3.428903123276236947e-03 -1.435418487310162472e-02
8.813215247543053008e-03 -8.791884724020274100e-03
-1.734600508233625094e-03 -1.977665562432770474e-03
-4.834158793911854518e-03 9.650435676965602241e-03
1.177865978376938308e-02 4.009136278328073212e-03
1.408832052802233884e-04 -1.232568334321514449e-05
9.263964842739830577e-03 -2.017165187210179667e-03
-5.700533010109364550e-03 4.615617336894692509e-03
-2.899569238426971587e-03 1.744275847325772472e-03
8.151076959676218855e-03 -9.869647632891703076e-03
1.301540587665015944e-04 1.446869240536126019e-02
1.076357909903696494e-02 -1.002723117210151116e-02
1.172153378714297853e-02 -5.568271336496070228e-03
6.374869211815452569e-04 7.959964983096215257e-04
9.770243897732157345e-03 -2.869393295617805872e-04
2.042742591816021705e-03 5.499745694447004569e-03
-4.070636925539702911e-03 -2.826924484798582545e-04
4.553797847897536957e-04 -1.345520825745969568e-02
-6.533506558448631645e-03 4.830454642235568197e-03
-3.457929140550394884e-03 1.158847384511629830e-02
-9.130904900711788591e-03 -7.009035289835143998e-03
9.237557518330247186e-04 -8.101646456798693163e-03
2.380038462174520128e-03 4.306006485986593225e-04
8.224105021816316766e-03 -4.978362842354587189e-03
6.126503469113686422e-03 1.323427199519943559e-02
5.099097101038053276e-03 -9.429786605103717897e-04
-3.134683259869269854e-03 3.113480505848654264e-03
4.675776986285235751e-04 -1.957388846331347028e-03
3.035151755203918320e-03 -1.945605892396708170e-04
-7.643201367857557641e-04 2.622177478451751149e-03
-9.741217880457998107e-03 3.052650357547106140e-03
2.730171094000050243e-05 -4.992540601537502273e-04
4.508134799473854752e-03 1.096251433886300322e-02
2.887243555083756578e-03 -1.885159052605996132e-03
-8.720582132213652513e-05 3.059803121889206889e-03
4.793477592205922302e-03 6.110856942607961750e-03
9.726114083357910098e-03 8.944423113733631844e-03
6.218211710525495609e-03 1.301477284887202039e-03
-7.292526006729749266e-03 5.890591179259144564e-03
3.234086995028815151e-03 5.324535783389344745e-03
1.470460469522173134e-03 5.811591929698882615e-04
-4.413903983313141252e-03 -1.231939331404380972e-02
6.805597629920574938e-03 -5.777009684917780094e-03
-2.086744636684463583e-03 -7.625319456998575461e-03
-7.179615011299826828e-03 -1.229036729677079540e-02
7.638571178260061476e-03 -5.991846990256151709e-03
5.515519990456034007e-03 4.628070789742573174e-03
-9.774331357924720930e-04 5.054169018251559835e-03
4.933690298575843861e-03 -1.256935559357572757e-02
1.193902143673606503e-02 -5.516318258872141694e-03
2.954970928720578212e-03 4.568166679360436203e-03
-6.454379539383923699e-04 1.547064913833892143e-03
1.961763496917715358e-03 2.951522316052261011e-03
-2.225233036720226758e-03 1.431985816732418704e-02
-7.580391374210722864e-03 1.663328403827611483e-04
-6.520479888791558612e-05 4.122590003164992335e-03
4.790156749043412640e-03 -1.177600943951717313e-02
4.193095490557326513e-03 -5.619426145707754304e-03
-2.630128511209740144e-03 1.578741275359118795e-03
-3.714916414919746529e-03 5.379554165175542881e-04
-4.365655057362776391e-03 3.647061271779621430e-03
2.732182590622855844e-03 6.078254543164683318e-03
7.192642844945987268e-04 1.065517052369671300e-02
6.155785025395814347e-03 -6.713889388507624303e-03
-1.922008333131196463e-03 -1.466682937677254994e-02
-6.469227797480127211e-03 4.753850197923848754e-03
1.393153525725981251e-02 3.465880173307241997e-03
2.404689828859808698e-03 7.123670591604667731e-04
-1.048950818222425460e-02 -1.036823119413515272e-02
2.085020330350304766e-03 4.360354368859499681e-03
5.744407285473141639e-03 8.866892631502500816e-03
8.154525572342034151e-03 -3.339717456613332941e-03
2.223253191379460578e-03 5.129049156230263209e-03
1.445636672201804432e-02 -2.710372640467254707e-04
1.290665146393308454e-02 -1.354547472711400621e-04
5.106122095877990708e-03 7.599454861991687508e-04
-8.081944121495323111e-04 -1.086033248994544217e-02
-2.155525817742639377e-03 1.324276575736169992e-03
-3.943005441522106497e-03 3.610084221749975536e-03
5.788664869350694520e-03 -1.172140601763967463e-02
-1.217838233925778134e-02 -6.955357905877057947e-03
1.292727983715608563e-03 -1.118610094537433007e-02
2.597653881262258378e-04 -1.087438247962215897e-03
-6.814346931092169282e-03 8.091204500689443309e-04
-7.618166692655334131e-03 -7.567267422452760191e-03
5.382587817932658544e-03 2.297335060942273972e-03
9.042773041465674037e-04 1.411482397058306734e-03
4.870209806022306534e-03 -5.181800502269156249e-03
1.354228630927238044e-03 8.752512868749109378e-04
5.608824768698259227e-04 7.317177373411174173e-04
-5.012019049221723421e-03 9.240111744468147356e-03
2.165201156833645307e-03 -4.023728997406077722e-04
4.799704318629752914e-03 5.028304423240104355e-04
1.067266912603990169e-02 9.216514185203071932e-03
7.706170782392217887e-03 1.181841494755590111e-02
2.298133329351578129e-04 1.928362829055123523e-04
-1.261865832694744616e-02 -5.497223119698099389e-03
-1.834259782403421975e-03 1.229819056002433644e-02
1.123632971666660256e-02 -2.189724754016770560e-03
-4.745065753425630611e-05 -8.655503938829941027e-03
2.825646789751936824e-04 7.286299280305918655e-03
6.115231593193187765e-03 -2.309532974780825060e-03
-5.582321326176166269e-04 -1.512738208056456195e-03
-4.328678007334272812e-03 4.069710887621652215e-03
5.939893912632224042e-03 7.856058827853146243e-03
1.122930472182802689e-02 -3.892648900725169218e-03
-3.424400703186563852e-03 5.481193284678598059e-03
1.073879996284722929e-02 1.047938623184806704e-03
-2.589575079008473585e-03 -2.825615138368822981e-03
-1.054835848518938333e-03 -2.321060389709292838e-03
-2.859941844146258495e-03 1.385904992452464696e-03
6.551132930293980831e-04 -6.251612378383300311e-04
-2.486594961677307189e-03 7.853951213005650085e-04
5.705578159608317443e-04 1.653621413336679637e-03
-2.508468214605721024e-03 -1.163432796582220333e-02
-7.110291100834653481e-03 8.784859729181698426e-03
9.616236740692611640e-03 -7.726447498492279575e-03
-3.493054114741436181e-03 3.073853111566580282e-03
4.127890691670772251e-03 -1.496836142541619870e-03
5.523471023212881553e-03 2.285009377599059397e-03
-7.464159535617147581e-03 -1.277592535234035181e-04
-3.598684576324812090e-03 2.438633226125315034e-04
2.988371596578602140e-03 9.817822324769718417e-03
8.271555679350573939e-03 3.677141096475354271e-03
1.276314840175966307e-04 3.892776670229834007e-03
9.728764427611480067e-03 8.163402643019434732e-03
3.315193859430206388e-03 -3.484177044065177049e-03
1.117390303153283949e-03 -1.020509142741502385e-03
-1.239848868170907118e-03 6.922627736929115594e-03
-4.598118734551504688e-03 4.235245459588305242e-03
-5.168804320013841531e-04 1.393856025210453691e-03
1.352836408910445751e-02 -6.010271630518751115e-03
8.813185924018765438e-05 -7.105788680743621230e-03
-3.660312993042248025e-03 -4.605527037897273746e-04
4.363802981525314109e-03 4.444909845928066670e-03
-8.676578923344750380e-03 -5.061321782594802900e-03
-3.856725658121665321e-04 4.596266658716763537e-04
-5.395711769691981241e-03 -9.749168913215987969e-03
4.332509928522295089e-04 -3.161058932888717241e-03
2.594875767514253501e-03 1.263574196939286874e-03
2.822038756197201449e-03 2.237430950560137868e-03
-5.933571068086574904e-04 -1.002735894160617508e-02
5.102703970587718803e-05 3.828497909261330441e-03
2.704880879683996871e-03 6.577508603317073523e-03
-4.209253095090142831e-04 3.301942138168940249e-03
1.798751499698825196e-03 1.325799732396781491e-02
-1.125213566406827164e-03 -7.993365650961746852e-03
9.722665470692094802e-03 2.414492937455259541e-03
8.555972434164589926e-03 2.871469259074726707e-03
-1.757655338091703399e-03 1.236246932099284088e-02
1.135814943427254956e-04 4.869283768103161011e-04
3.443208651972948404e-04 -3.366220899137444683e-03
7.751098865178709593e-03 9.898003151253059392e-03
2.301837481031946200e-03 -1.425557940635568260e-02
3.210361666261577276e-03 9.967838139731230625e-04
-1.034702844011567945e-02 4.241344416507690507e-03
-8.338484784572646608e-03 -2.819516181449438150e-03
8.692353219356283023e-03 1.173213516415317660e-02
-2.659154528482757501e-03 -1.186969752627567648e-03
-1.015080684732418137e-03 -1.403636745042958350e-02
4.060035548530646285e-03 3.406774331338710809e-03
-2.749010694057103538e-03 2.653853839976977585e-03
7.391131473475689648e-03 -4.763525537014854684e-03
1.831481668647908997e-03 -1.602338834622347606e-04
-1.299903020425519432e-02 -6.599637395257099831e-03
6.130207620789972743e-03 -2.949670240214797862e-03
-1.317079150264567969e-02 -1.261051622190380826e-03
-3.304464712917845430e-03 -1.099684104464043917e-02
-7.546064668433286049e-03 1.370002926938770037e-03
7.080211276137779626e-03 3.852351007533014095e-03
-4.761002962265949504e-03 3.184784261655735672e-03
-5.470591907669542300e-03 -6.548482586045416623e-03
-1.784031011111150786e-03 8.815737822291957321e-03
-1.894834391697001628e-03 -3.809147231079318581e-03
8.617600850882025862e-03 3.575885285476985802e-03
5.274818090118017777e-04 -4.517937908068164581e-03
1.018931713140120744e-02 4.503089649977185839e-03
-7.181594856640593875e-03 7.158540026783657452e-03
-4.132265342255997398e-03 -9.871084748834780230e-04
-4.323249549316758242e-04 -8.849266259659167595e-04
-5.185376884440777781e-03 -4.320377645369464711e-05
1.496836142541619870e-03 4.127890691670772251e-03
-5.584173402012267660e-03 -7.035410962855732399e-03
9.757088294583132759e-04 -8.319134106390636482e-03
8.963262713897199654e-04 3.754543809201820511e-03
-5.117521741300651815e-03 -4.946814250334025977e-03
-1.847383734161603874e-03 4.846356707749262423e-03
2.481294273171527707e-03 7.766458201289707730e-04
-4.496735154048690439e-03 -6.775645574728365005e-03
-3.699940387324322007e-03 -1.021818489175612635e-04
-4.045059520933861306e-03 -4.046911596772684479e-03
7.401732850486107164e-03 -7.887607419872565140e-03
-1.210880288978463844e-02 -8.594003291616950438e-03
-3.458727408963999800e-03 4.277523198122589604e-03
-7.225469132005731855e-03 -6.323969941614678188e-03
-1.525063891399671204e-03 4.173489273373930759e-04
-9.773692510397972641e-03 -6.242990846716590415e-03
7.466011611454610730e-03 -7.964211864184285450e-03
4.876436532446137145e-03 -1.078982700255310713e-02
-4.747751241003322041e-03 -7.203180919173137776e-04
3.087104832829206877e-03 -4.120482388316134854e-04
-1.340178641251006317e-03 2.530597006545749067e-03
-7.668523233452270542e-03 7.272121521125241364e-03
5.064068244956315343e-04 -9.626710348198364367e-03
1.071536182447379790e-03 4.945888212414614390e-03
-1.193199644189748762e-02 7.219242405580540353e-03
2.158303931499513245e-03 -1.346223325229712990e-02
5.175829314855578955e-03 -1.223563610538884981e-02
-5.299884416701553837e-03 3.515853405590404351e-03
-3.405976062923964012e-03 1.137098619552299669e-02
-4.173744812376676411e-03 7.463233497697736862e-03
-6.255445463434561662e-05 3.341569532450795223e-03
1.457524890486654873e-02 -1.346149828665945368e-03
5.564024455415508136e-03 -2.119347036127741148e-03
1.957388846331347028e-03 4.675776986285235751e-04
-6.191708268001601574e-03 -9.111681992034442387e-03
8.730256307304198188e-03 8.108799221141936228e-03
2.798313427428822560e-03 -2.090321018854723358e-03
-7.803051942803999885e-03 -9.680515501661116073e-03
1.069013607699616057e-03 -5.630027522718171820e-03
1.210455600870293663e-02 -5.246877531652408347e-03
-8.694333064697050070e-03 7.716772159401272778e-03
-6.691090097659798883e-03 2.217952502873681096e-03
3.761696573545062709e-03 -1.055033833052694374e-02
-1.514845822906407419e-04 3.136407566200925898e-03
5.724130569373078216e-03 1.106907083836579028e-02
3.951882512198365630e-03 -9.999131192746762639e-03
2.237430950560137868e-03 -2.822038756197201449e-03
-4.569763216181061674e-04 -1.166693036526363428e-03
6.313368564604479247e-03 -4.101387249145518193e-03
-1.319774155646497547e-03 -1.102851740616566517e-02
8.259485535018314594e-04 -1.917761452050634153e-03
7.702913242004756980e-04 1.448366843295804431e-02
1.408832052805487206e-02 -1.232568334324361456e-03
-8.490767635276674774e-03 -6.994059262239719042e-03
4.876308762941472356e-03 5.671092032925144355e-04
-5.991846990256151709e-03 -7.638571178260061476e-03
4.647421467925726482e-03 -3.671712638466270457e-03
7.883360538790643024e-03 -6.439147972785754827e-03
-7.577741029958512051e-03 -6.146876303325774123e-04
3.217386661100373694e-03 2.699707960684024060e-03
1.549715258084959774e-03 -1.355825167755856254e-04
3.220037005352583206e-03 1.918687489968685066e-03
4.561141684523001109e-03 -4.657895075430336894e-03
-4.666772146106376584e-03 1.827905286476288332e-03
1.778602553112296040e-04 4.103239324985968753e-04
5.224206010309246848e-03 -7.626117725412180810e-03
-8.989766156419296949e-04 -2.973523338486481517e-03
-5.580852558848396240e-03 1.085145541927054307e-02
1.020509142741502385e-03 1.117390303153283949e-03
9.027126514965877133e-03 -3.912925616826592665e-03
-6.955357905877057947e-03 1.217838233925778134e-02
5.284780619601464960e-03 8.481220065690332766e-03
8.485594716276701963e-03 -2.800836002177727307e-03
-5.181002233855551767e-03 2.440740840971403463e-03
3.589009237235166617e-03 -1.165766998606951842e-03
-8.284807400613200534e-03 2.279612570976951788e-04
-6.000851830438217079e-03 1.010741199858370895e-02
1.056624039604178028e-02 -9.244262507433261694e-04
-6.794996252910375997e-03 2.652927802057565999e-03
7.396687700991066289e-04 -2.903943889014700373e-03
1.167130501585184749e-02 -2.085818598765051129e-03
-5.689612791324799232e-04 1.296827988064937903e-02
1.883338628144801824e-04 8.643178255486726885e-03
7.048662684117218413e-03 -9.489275755583956654e-03
-1.280274530867728331e-03 -2.995205519106805200e-05
-1.026608099660887216e-03 -6.866300008717457840e-03
2.571150438751583153e-04 -3.064177772482378479e-04
6.533378788945326879e-03 6.526481563611195684e-03
2.971799032153465015e-03 -4.163941703782366582e-03
-2.836088745874575275e-03 -5.643279243979437525e-03
-1.928362829055123523e-04 2.298133329351578129e-04
-5.121896391887020145e-03 -7.430758867757763196e-03
-4.627144751823160720e-03 1.469534431602761331e-03
1.079075304047251958e-02 8.304509735928642528e-04
2.019943300968195417e-03 -2.873991833822490873e-03
5.000619403797918264e-03 -1.342698050860164499e-02
6.722894228688329650e-03 -1.159019815144909579e-02
5.858914817733917695e-03 5.307835449458401383e-03
7.264298257871697716e-03 -1.345351560250979562e-03
-9.128254556459580379e-03 -7.790055760550482558e-03
-2.491640111171693206e-04 -2.036643634896636874e-03
1.229116556518439901e-02 1.313356356938827352e-04
9.285039827254639930e-03 3.091607252918879105e-03
8.417228495122218955e-04 4.753051929509101090e-03
-1.879060095685469636e-03 2.861666150479056422e-03
-9.545603483795612673e-03 -9.315119651949010579e-03
-3.161857201303464038e-03 -7.744201639844577531e-03
-1.404329632715064103e-03 -8.749734754990655394e-03
-1.916835414131222567e-03 -4.871934112355104027e-03
1.382328610280139300e-04 7.686947873721236600e-04
-2.506743908274065846e-03 -8.369362877682908972e-03
1.218725940993518192e-02 5.663109348789090863e-04
3.698088311486859292e-03 8.194152966625248280e-03
-1.359529319433017743e-03 6.867896545546248437e-04
1.053111542184779733e-03 -9.439046984297831590e-04
-4.812030001971826475e-03 -6.437136476055943350e-04
-1.466947972102475989e-02 2.703028803846533289e-03
-1.084363215601700028e-02 3.433022234854854297e-03
-1.178890950364914515e-03 -1.104084308950773960e-02
9.645262757965629430e-03 -4.960736470505593132e-03
-7.537187597753382479e-04 -5.019044044059596315e-04
1.147224200652250531e-02 3.752021234454057212e-03
4.010732815157567674e-03 2.843241510215315133e-03
3.035151755203918320e-03 -1.945605892396708170e-04
1.338326565413543601e-03 5.561374111161938166e-03
2.125573762551570892e-03 -4.400204486844187801e-05
3.909477004159417346e-03 2.497196338686364248e-03
-1.565617323601156772e-03 4.821705341062831537e-03
1.068074792830255720e-02 -4.483483432787423867e-03
-5.161523786169093693e-03 -7.072388012885596868e-03
8.039475310676106289e-04 -2.980548333326419816e-03
-2.481294273171527707e-03 -7.766458201289707730e-04
4.585793051208290547e-03 -4.376128664868529118e-03
7.731972074617949123e-04 -9.011224449451040591e-03
-6.723692497103076447e-03 4.279247504456747120e-03
-2.488191498505659335e-03 -1.383650617268549279e-02
7.895558452630555002e-03 5.058671438341232063e-03
1.273249536030292804e-03 -1.672972091518691064e-03
-7.251844805025177941e-03 -9.870701440315560876e-03
9.787072001163904869e-03 -9.019047712703223349e-03
5.061194013090138111e-03 2.680357282500870318e-03
-8.806860751615918498e-03 -8.173077982110438927e-03
9.986007240989941414e-03 -3.499951340075567376e-03
-4.394777192749180217e-04 8.769085433171307231e-03
-6.411974031350419628e-03 2.974321606901228314e-03
-2.542922689888964076e-03 -1.481061846531229759e-03
-1.982838481433884734e-03 -8.060294756182461232e-03
1.379952912265563006e-02 -2.910841114348832435e-03
-6.049100756387221049e-03 -5.859042587238582483e-03
-4.067986581287493832e-03 -1.063712919195197466e-03
-2.573002514583336460e-03 1.115614889018326158e-02
2.527403932887904194e-04 -2.790362394671975013e-03
-1.045160509426790738e-03 -1.399156713715091508e-03
9.914831254687040372e-04 -1.648320724830900155e-03
-5.628175446879346913e-03 -9.160984725406162710e-03
5.508494995618598913e-03 2.925146643032813625e-03
-1.021818489175612635e-04 3.699940387324322007e-03
-1.724306334158383358e-06 -3.264965088139075780e-03
-4.023984536419051954e-03 1.061860843356373860e-03
-9.210287458780382769e-03 5.064642625757311695e-03
-9.896151075415596243e-03 -3.408722525289776401e-04
6.889227069071090365e-03 -4.009806777238374663e-03
2.489245305929516702e-03 -1.566415592015904003e-03
-6.003374405185762236e-03 -4.685037365465744875e-04
3.364368823298621511e-03 8.436291982903840192e-03
-7.959038945184310904e-03 2.328883652962836052e-03
2.029618640057840456e-03 -1.952088157828070318e-03
-1.027534137578937912e-03 -2.820314449863043065e-03
5.580852558848396240e-03 -1.085145541927054307e-02
5.726110414715206154e-03 -8.379836485187518516e-03
-4.641066971997230214e-03 -1.329325006766330156e-02
1.421330166782140171e-02 3.441228806619451089e-03
4.028231417502116385e-03 1.277901997991412637e-02
3.576555784387286819e-03 1.005028600195844585e-02
7.452759890191984135e-03 -4.059109510611235566e-03
5.183652578107761713e-03 -3.221761311686741590e-03
2.689106583673825553e-03 -9.330477824016046584e-05
-4.346304379182125421e-03 5.490868623769603989e-03
7.121690746258457771e-03 -4.597990965048200790e-03
-2.412640861617797693e-03 1.630694352984408003e-03
-4.746026934671009837e-04 2.544646996229489111e-04
-5.181130003360217423e-03 1.379767704681702373e-02
-2.070970340674072822e-03 -9.545060754388396762e-04
-6.529930176279513318e-03 3.448612667174884988e-06
9.781643543154819320e-03 3.899929434573076205e-03
3.722867447676594076e-03 -2.881016828661067848e-03
-5.309304216776159890e-04 -2.011992268210206422e-03
-6.016498356943943485e-03 -7.920337588821648941e-03
4.035384181844216267e-03 3.125007920778264357e-03
9.453224743473721478e-03 2.580027509423274759e-03
-5.948770983308263732e-03 -1.467011856853855933e-03
3.486699618812941215e-03 1.389110959456299130e-02
-7.944062917588886816e-03 1.688746387527720501e-03
-4.342727997010504756e-03 6.638625942009923186e-04
8.186074164363956254e-03 1.000190930650477969e-02
-4.564590297188815537e-03 -1.872035100848033892e-03
1.945605892396708170e-04 3.035151755203918320e-03
-1.013921612961338203e-02 3.371393818138559376e-03
8.311183073633788068e-03 3.318770241601827486e-03
-1.363744316335615062e-02 -3.349648334713449874e-03
1.050381371091073726e-02 -8.939792924139294827e-03
-7.801327636469840635e-03 -6.415550413522040293e-03
-3.853277045451064791e-03 1.112619683499219483e-02
-2.728733977955680526e-03 4.516756331148291323e-04
4.843578593993748578e-03 1.398534041072370740e-02
2.122125149884614582e-03 -6.573932221145451990e-03
-4.934488566990810968e-03 5.258404946580875691e-03
1.223483783697274299e-02 -2.135121332137912033e-03
2.829989788954048562e-03 -1.056304615833756917e-04
-6.164662096070711722e-03 1.310293635950555285e-02
1.270771622410704627e-02 -5.654551119898795601e-03
9.503453514765993967e-03 -9.024252283091043630e-04
3.407444830256738501e-04 1.460785130431167204e-03
-6.145598608292732971e-04 -3.779195175888250963e-03
1.023287256498376686e-03 -1.102056637340767704e-02
1.278550224534930405e-03 -3.235013032946866280e-03
1.481208723263914215e-02 5.496106009493266151e-04
1.494984066704157372e-03 1.221986180937845862e-02
-1.363903970018243757e-03 -1.797154962870473049e-03
7.755473515763935607e-03 1.238194776867815664e-02
5.587877553687191357e-03 -9.148531272559642935e-03
2.179251146511018700e-03 3.003475393678691450e-03
1.149424302895672538e-02 4.814808115729842658e-03
-2.037569672814688003e-03 4.295149569971583661e-03
-2.075344991259298836e-03 -3.438450692863937678e-03
-4.580620132208316868e-03 1.417102392928597590e-02
5.377414898932685733e-03 -7.497560203475172810e-03
7.427310255091948768e-03 -1.165182656816539028e-02
-1.584041963862395938e-03 -1.068087569780423480e-03
5.678531987675143611e-03 -5.678404218170478822e-03
-1.465958049431139582e-03 -9.454150781391772174e-03
-6.427876096850412195e-05 7.660444431171926645e-05
1.338326565413543601e-03 5.561374111161938166e-03
-1.043768287410477141e-02 7.712173621198872842e-04
2.907520271184961015e-03 -4.087337259470647140e-03
1.090248245897642090e-02 9.409350468109726681e-03
8.496738822690691169e-04 2.409990517365587746e-03
1.188971870336320326e-02 -6.079851079993035465e-03
-8.964540408930242975e-04 7.602392396644943803e-03
3.533479777438256961e-03 3.878726680553602497e-03
5.999127524104058695e-03 -1.337237708672278473e-02
3.460451715289508852e-04 -1.012558109981495690e-04
-1.053111542184959580e-02 9.439046984291684164e-03
5.485695704769630310e-03 -5.448590885235320494e-03
5.642353206061386829e-03 1.209896812979839500e-03
-1.488086841370025743e-03 8.399985431780632953e-04
6.647886321204039047e-04 2.967424381572320805e-04
1.088364285881627484e-03 -3.786220170727046946e-03
-2.970872994235413886e-03 1.179561449279515912e-04
1.186321526083794833e-02 1.730353627153064303e-03
1.828831324394339028e-03 6.207865872519620267e-04
1.087875713020804158e-02 5.081598498694864588e-03
5.479468978345800566e-03 1.594356150486299535e-04
1.180953787687986228e-02 -1.317123811392927578e-03
2.940122670629599470e-03 -6.148632261052572150e-03
2.439016534637244212e-03 1.916037145716475770e-03
9.008286914807526503e-04 -5.118447779220064268e-03
-4.234478842567780156e-04 -7.273973596963845094e-03
1.222251215363066856e-02 -2.276004537419495932e-03
-2.720910714694410094e-04 9.465550426819924548e-04
-6.956954442705409226e-03 -2.443518954728277331e-03
-3.532681509023510164e-03 3.432223966438746610e-03
1.298498021457896237e-02 3.193789101836440152e-03
8.498016517735143549e-04 -8.946945688482536158e-03
-2.755396841377581556e-04 -5.583375133596159973e-03
-1.409269517864123952e-02 -1.251376283099375764e-03
7.003606831826060183e-03 3.788072246564509662e-03
2.561890059546048475e-04 3.739567781606395989e-03
-7.036209231270698639e-03 -1.726777244982584218e-03
-2.328085384548089255e-03 -6.480882981919625562e-04
2.143998402814170732e-03 5.845790865975955888e-03
-1.603616529666802154e-04 9.525454537200215774e-03
3.380941387721036638e-04 2.241805601145364316e-03
3.221889081190045488e-03 -6.173283627739002168e-03
1.082945439683632299e-02 4.518065677572610794e-03
-7.187693813559978273e-03 1.409630321219483562e-03
8.352534774250021735e-03 6.225364474868736939e-03
3.276364733564240527e-03 4.185144457800479834e-03
1.610545406387649779e-03 -6.742117137365674986e-03
7.025639505647963794e-04 8.030342700990251298e-03
-1.388660717447195991e-02 -5.386291969608943131e-03
8.164200911433038346e-03 -2.417813780617770070e-03
1.353430362513633346e-03 -6.435699360118798951e-03
-1.685297774861906290e-03 -1.414132741310516030e-03
1.060494175240444224e-02 2.763188453237781696e-03
-6.865341155487211279e-05 -2.407340173112017777e-03
-1.244609876014199715e-02 -3.524858245769967383e-03
9.397823053181257602e-03 -3.732415017264295240e-03
-3.706039344243705971e-03 -5.851091554481734937e-03
2.367712778831304685e-03 2.897174433184358799e-04
-1.134888905497832660e-03 -8.915269326957310156e-03
3.011170887424583116e-04 1.819155985304693988e-03
-1.445371637776697582e-02 -5.099832066672530667e-04
1.364804454036520551e-02 2.255664518545962352e-04
-8.947871726400586853e-03 3.196183907080899986e-03
-2.385339150677796838e-03 1.131440292830657775e-03
8.083221816528366431e-04 -4.966037159013218143e-04
-4.287326306718040880e-03 6.976305120888561667e-03
1.450982021835715494e-03 1.009428804682688946e-02
-5.128250887815515545e-03 9.534203838371809250e-03
-3.639238008527439106e-03 4.648219736339330964e-03
-6.397924041674186817e-03 6.380169900321887994e-03
2.160698736742611755e-03 8.470618688681277875e-03
-1.127238072877705458e-02 -2.278910420679674566e-03
-4.196416333721197933e-03 -1.226744023641852116e-02
-2.106095314865113685e-03 -9.469126808988558019e-03
-1.329590041191687153e-02 5.422087442711427327e-03
-1.073522358067560863e-02 -5.874944652753418158e-03
-3.198163752421666600e-03 1.050103559715386339e-02
8.648351174487841145e-03 9.606561401601605710e-03
4.631519402410889941e-03 1.014410185822117770e-03
-3.847050319028376495e-03 5.518170334709603976e-03
1.484468963208378234e-02 -1.511684400632599262e-03
-4.005559896156452547e-03 6.951653754200771626e-03
-1.433355649987862017e-03 -1.151544578297484037e-02
1.671311087963669312e-04 1.489134202120443243e-02
4.080312264630708841e-03 1.204596124475420691e-03
-7.080211276137779626e-03 -3.852351007533014095e-03
-3.145284636878326479e-03 6.237562388707506601e-03
-7.325160057558644314e-04 -6.750068170122523400e-03
-5.056021094089022117e-03 7.114537981915215574e-03
-9.930477781193032191e-03 -1.544542339084986095e-03
-1.204200155406722969e-02 1.905307999202754572e-03
1.257120766941318898e-02 -3.158280819131842505e-03
-6.504480541176974745e-03 7.596165670221112325e-03
-3.434874310692316579e-03 -2.751661038309312617e-03
-8.781538886019187029e-03 1.077657528129048053e-02
-8.248756388502746784e-03 4.696596431794141172e-03
8.794981679554727053e-04 1.248665219234348228e-02
4.073415039296577646e-03 -1.185526422808110165e-02
1.311152623978208186e-03 -5.296308034529933172e-03
-1.947713507241702205e-03 4.543259773658967632e-04
7.652461747038063512e-04 -6.668163037306166357e-03
1.174644069284352639e-03 -2.800037733762980510e-03
5.728760758967415233e-03 -9.160856955902858811e-03
1.166693036526363428e-03 -4.569763216181061674e-04
-3.456077064711790721e-03 3.496502727407250610e-03
8.726009426213407515e-04 -5.732081602130411485e-04
3.020303497112940012e-03 -1.091135952965268004e-02
-1.797123311486920755e-04 7.681647185209090900e-03
1.195664780858391590e-02 -6.937475995020092601e-03
8.398707736747591801e-04 1.284502304721679006e-02
-2.305482985693642350e-05 1.434013488342425133e-02
-2.889191749036890827e-04 9.678663425823652924e-03
-2.021667607299851462e-03 -3.909732543168042409e-04
-8.297931352371161473e-03 -7.223872595174877370e-03
-3.131106877697649189e-03 -1.713525523719957623e-03
9.675339091005713196e-06 9.219036759955622200e-04
-1.046153597237645637e-02 7.800401598551789072e-03
-1.578741275359118795e-03 -2.630128511209740144e-03
4.926409764729298632e-03 8.441592671408260085e-03
-1.056716643395983098e-02 4.970411809597739643e-03
-3.536257891195130395e-03 8.259229996007358063e-03
-1.822604597970508417e-03 -6.228813087535912257e-03
-3.833926367270414255e-03 1.297000418698217653e-02
1.510087863804246682e-03 2.227883380977222589e-04
-9.025529978135506852e-04 1.853482691082129936e-03
-3.849572893776138927e-03 -5.057745400423181367e-03
-5.096318987282539431e-03 -1.119497801605173065e-02
8.850064528068251821e-03 2.987701097668520132e-03
7.741423526087703663e-03 8.976099475257497823e-03
-7.214069486580567542e-03 -2.137101177480039537e-03
-4.730252638660134221e-03 9.215460377780357315e-03
-7.036209231270698639e-03 -1.726777244982584218e-03
-1.129843756001163747e-03 1.223656214330690051e-02
4.490252888612591628e-04 3.509754448669877205e-03
7.950704603915707217e-04 3.408498637672869626e-03
-1.364181781394251808e-02 -5.833592952137185358e-03
-6.185609311082218044e-03 -3.362772286470269364e-03
5.505972420869692865e-03 -7.650769092098610828e-03
2.611703870947139870e-03 -7.468534186203516778e-03
-6.568375993635567917e-04 -2.639803850300746074e-03
-5.019044044059596315e-04 7.537187597753382479e-04
-2.069246034339914438e-03 2.310459012700236212e-03
-1.002285652151514196e-02 -8.279634481613227723e-03
-7.083787658309400291e-03 9.746550220355977914e-04
-9.272043645001999288e-04 1.571716280519180713e-03
-1.150749475021799195e-02 -9.097057621556513263e-04
-6.986906497897619160e-03 -1.163244423859188109e-03
-3.011298656932234665e-03 -6.834623647192231838e-03
7.180541049217877524e-03 8.244381737916379321e-03
3.773894487383831937e-03 9.474810806014042578e-04
8.231002247150447093e-03 8.081497510201936241e-03
-1.085423353302605691e-02 6.557104117713707069e-03
1.166680259576081610e-02 6.787172989656832349e-03
8.264530684513137979e-03 1.974216949765595589e-03
-2.667903829661640285e-04 -6.154858987473243179e-04
6.336966123868193780e-03 1.158330092611496547e-02
-7.016858553088686778e-03 1.170301070085402219e-04
1.050010955923581270e-02 7.244149311276082241e-03
-1.955536770493885180e-03 -8.559548816336210592e-03
-5.000491634292112894e-03 2.070044302754660802e-03
1.162318385937930859e-04 -2.940920939036619484e-04
-3.098632247757675522e-03 7.582115680543738932e-03
-6.791547640243200679e-03 9.182857978337078883e-03
-3.825719795504456573e-03 -1.208692963685508229e-02
3.308967133007517658e-03 2.123849456217412508e-03
6.601361701588756743e-03 -9.734065116115898225e-03
1.233622141747076940e-03 -1.314601236645164062e-03
2.059570695248908508e-03 -3.232362688695798215e-03
5.570251181838197299e-03 -7.727373536410330271e-03
4.950262863000981853e-03 1.412408434976357647e-03
-7.448257470102311907e-03 -4.813882077811791095e-03
-3.324070930107606969e-03 9.873224015063325476e-03
-2.098272051611570904e-03 -4.552520152853084577e-04
1.018759282506704819e-02 1.238124561838109192e-03
1.023031717489265684e-03 1.169330603828606929e-02
7.471982798869331206e-03 9.141634047225510873e-03
8.975045667834781471e-03 7.661498238612333110e-03
1.773301864598789829e-03 5.665280266413658464e-03
2.114174117127767902e-03 -4.230870809001937780e-03
-6.597785319417135211e-03 4.907059086547287639e-03
-8.419591648974038278e-03 5.989196646005084078e-03
-6.594879436157660875e-04 -1.858783379585407080e-03
1.289949869958734044e-03 9.518557311866302720e-04
8.769883701586054028e-03 7.750428366267266694e-03
1.236684397157806863e-02 4.241599955516801509e-03
-3.883899599553575742e-03 -6.261415486979189822e-03
-1.217592306728937368e-03 -1.472845779348998761e-02
7.484308482212545348e-03 9.282517252505735617e-03
-1.208242721676405090e-02 -5.047271792917428640e-03
-1.655345719666536774e-04 -2.694407272172316052e-04
1.365756045855706473e-03 -6.294816154837215051e-03
-3.407572599753457606e-03 -3.250915098461702388e-03
4.104963631317138859e-03 1.486362535035867143e-03
7.170865710126871594e-03 7.322478061920817752e-03
-2.171300113753029705e-03 -5.346536805823566552e-03
3.539962042869400968e-04 -2.444317223143024128e-03
2.602826800271100180e-03 -1.079487215204226903e-03
-6.393549391087819354e-03 8.864114517745626948e-03
1.426330655149285476e-03 9.812521636266439973e-03
-1.460785130431167204e-03 3.407444830256738501e-04
1.135693620584676475e-02 1.277695033038983574e-07
6.080777117912447051e-03 7.843733144509930366e-03
-8.326957369644179263e-03 -9.989583623161563813e-03
2.228553879882737721e-03 3.567008214800945678e-03
-1.796228924951061463e-03 -2.682081588835029135e-03
7.340902702183417158e-03 -1.281072799282475562e-03
-6.052677138558840847e-03 -1.032036557669970597e-03
1.400204074465214756e-02 -2.218750771288428326e-03
1.962689534837126944e-03 -1.094463242801012098e-03
2.647627113554289289e-03 8.357037194339693095e-03
-2.385339150677796838e-03 1.131440292830657775e-03
-4.552264613845600529e-03 -1.731151895567810666e-03
8.151747458586518572e-03 8.798239219948770368e-03
-7.349652003355011502e-03 -3.686816435566359768e-03
3.563431832629325013e-03 2.598452149685874166e-03
5.171326894764545837e-03 -3.362644516966965466e-03
-3.013022963265251600e-03 -1.009958873533266764e-02
-6.849375787171619115e-04 -9.451500437140705410e-03
-9.823123013275498333e-03 4.550412538008137379e-03
3.689339010313904925e-03 3.226263731775272370e-03
7.083659888806095525e-03 1.038228118381116609e-02
-1.105990657729480527e-03 5.207377906874998720e-03
8.768287164756558699e-03 -6.871472927717431518e-03
-1.096411087569271539e-02 -1.011376649451334493e-02
1.138608999262308644e-02 -8.591097408356772672e-03
-3.759972267210903892e-03 1.381530341866601952e-02
1.009243597098942631e-02 6.640989095871971740e-03
-1.186944198726314070e-02 3.877672873129744263e-03
1.161392348021725611e-03 1.105064619810068724e-03
1.715249830052974342e-03 1.338582104427878073e-04
9.276162756577239349e-03 9.480654223917027099e-03
-1.760081794724066215e-04 -8.502295050205142118e-03
-5.708356273361546440e-03 -4.398257456807415713e-03
-9.222613142123598645e-03 4.923759420477089553e-03
-8.407265965630824137e-03 6.130079851285307954e-03
5.475222097263877583e-03 -1.368144520822323247e-02
4.376256434374554689e-04 -6.771143154636190221e-04
3.019249689689082212e-03 4.491562235048717627e-03
1.443078931741334330e-02 3.493181884244739646e-03
6.421649370441425558e-03 -2.052417930905666744e-03
-1.041038116316477143e-02 2.719633019661370568e-04
-3.344219876704365192e-03 7.184660160798512791e-04
-4.473009825284612363e-04 -2.447893605319431437e-04
-2.391438107597181669e-03 -4.617469412733516548e-03
-3.551233918790555350e-03 8.899367261442473614e-03
3.501803415913030092e-03 1.894036123282254831e-03
1.430845852190038535e-02 -1.961635727413270011e-03
1.085317972560220084e-02 8.845817646987689728e-03
8.410523506019208784e-04 -1.391483492333137062e-02
1.086218456578290532e-02 -8.900165529857220412e-03
1.133400914549449051e-02 2.983326447081932793e-03
-9.227019444091669187e-04 -7.301275307902704501e-03
-1.035485170336786047e-02 -4.772530377194416848e-03
4.443185539593907420e-03 -7.628768069664389889e-03
2.454918600152080754e-03 -2.770085678571912891e-03
-6.301841149676011035e-03 -3.068680192566607470e-03
1.003968462494939096e-02 -4.524739015284344815e-04
-1.073959823126197609e-02 -8.358889270177156244e-03
3.758120191373441610e-03 -5.723332300958332286e-03
-7.925478856392868419e-05 7.167417097468346690e-04
-9.700792217761178629e-03 1.000523014966728935e-02
-9.779919236821803252e-03 -6.349643464326404016e-04
-6.433049015865228114e-03 -2.134450833227830458e-03
1.012516613993600691e-02 -6.777242111557857732e-03
-2.561890059546048475e-04 -3.739567781606395989e-03
-9.679461694238399722e-03 -7.599869821896037755e-03
5.459064492744012927e-04 1.371855002776232752e-03
-6.007749055772349141e-03 -2.952448353972814046e-03
-7.017656821500493653e-04 -7.193920539979021915e-04
5.869516194744335211e-03 2.183753566600690928e-03
-6.539605515369157490e-03 -9.184550633272448028e-04
4.458959835605440063e-03 -9.579546881060148865e-04
2.483657427035644051e-04 -5.274307012097072256e-03
6.742915405780423518e-03 8.921496053379997584e-03
-9.510606279109235298e-03 1.055643728744632900e-02
-3.743144163776656631e-03 5.083195035524358182e-03
1.191344403213022082e-02 -1.752099110579315687e-03
-7.134942467521084367e-03 8.503093318621250674e-03
-8.399985431780632953e-04 -1.488086841370025743e-03
2.564923712323185015e-03 2.543848727807015205e-03
-9.287690171506849876e-03 -2.310586782203540111e-03
-1.151624405139094892e-02 -5.877594997005628971e-03
-5.704907660695732012e-03 2.131672719470955289e-03
4.720449530065824392e-03 1.219572152070845213e-03
-6.541872551113472791e-04 -3.420824321016084635e-03
4.235245459588305242e-03 4.598118734551504688e-03
4.025581073248546415e-03 1.356004045062832522e-02
4.472211556866705767e-03 -4.863057041680205785e-03
3.671840407970716237e-03 -6.709514737922398289e-03
1.005651272838227646e-02 -9.184582284671238134e-03
5.852815860814751872e-03 -4.410742561032697344e-04
-3.266944933483002409e-04 1.945063162988132019e-03
-1.606170755802423331e-03 9.226061754790773964e-03
-7.528566066090097361e-03 1.130578139663644156e-02
-1.861433723838977483e-03 1.440508414329963200e-03
6.069377472487282738e-03 3.656864380375291716e-03
-3.794171203483894493e-03 1.254697126261886076e-03
1.220408751336692771e-02 -8.165797448262533675e-03
1.945063162988132019e-03 3.266944933483002409e-04
3.068680192566607470e-03 -6.301841149676011035e-03
-6.215848556667090408e-04 -5.482119322598009645e-03
-4.675776986285235751e-04 1.957388846331347028e-03
6.728865416103049259e-03 5.515647759960698795e-03
1.299625209049739757e-03 1.873759407182192492e-03
-3.284187996810979506e-04 -1.319901925149801879e-03
4.376256434374554689e-04 -6.771143154636190221e-04
7.262573951538680780e-03 -4.610316648391415799e-03
7.958112907264900185e-03 1.717101905890437274e-03
-1.563765247762333600e-03 -3.270265776643713380e-03
8.734758727393869548e-03 -7.641923672810904331e-04
2.578175433584451153e-03 -1.361253625767176127e-03
6.400446616421950549e-03 4.195745834810897350e-03
1.629896084569660772e-03 -4.898309785374551847e-03
-3.040324674203890697e-03 -9.600334675177776833e-03
7.769779044450420870e-03 -6.926076349596290045e-03
-1.025532019870386939e-02 -7.691450293804542176e-03
-4.727474524903260353e-03 -2.922496298780604546e-03
7.700997863389741002e-03 2.023519683138675068e-03
-3.963282157622169052e-03 5.812262428613266738e-03
8.504721506838158057e-04 9.720941164357937286e-03
4.799033819717388009e-04 -1.816505641051123802e-03
5.028304423240104355e-04 -4.799704318629752914e-03
-1.438784107996946265e-03 1.403531364301459404e-03
-2.333386073053868737e-03 9.139526432375732253e-04
1.826308749646575295e-03 -9.955129147880823967e-03
-5.460342187749839520e-05 9.985081203072814458e-04
-3.260590437552707884e-03 2.485668923757896037e-03
2.086074137774162132e-03 -1.104256739584189712e-02
-2.793938776843595678e-03 4.574265636279821468e-03
1.014968973711913476e-02 4.861460504849351300e-03
-9.782314042072193239e-04 -2.256781628740788838e-03
1.462985232674404723e-02 -2.344657948973226380e-03
2.274408000588641447e-03 -2.399389140355170664e-03
1.079487215204226903e-03 2.602826800271100180e-03
2.797387389509410540e-03 1.955664539998549535e-03
-1.762637184785293461e-05 1.421157736147951557e-03
-5.119246047634811066e-03 -8.211779338473102624e-03
-2.402837753022346416e-03 -8.804338176868153898e-03
1.477245983835842949e-02 9.079814558226343910e-04
1.275101611867755953e-03 -9.764943209226379164e-03
4.840257750831238048e-03 -3.901525971401428785e-03
1.358469181731475350e-02 -3.743814662688099530e-03
-8.779016311271203420e-04 2.135249101642576822e-03
-1.739901196739404576e-03 -4.156246210032345841e-04
-9.492053869344207594e-04 5.089293992433951584e-04
5.085047111361821331e-03 -4.348826953931031469e-03
1.043595856777061390e-02 -4.036182450258963064e-03
-9.333033214193656429e-04 -4.177193425042490839e-03
4.428081742493817675e-03 4.368305401616347228e-03
8.646499098644935301e-04 1.769853251930472628e-03
1.211330530987453011e-02 -2.789882968035730174e-04
-9.551031941806058245e-03 3.603857495326144925e-03
1.065437225527994958e-03 -8.030214931495596080e-04
6.230665163373375406e-03 -9.914575715678195650e-03
-5.129975194149673928e-03 6.269238750232733470e-03
1.458933054592563040e-03 7.751226634683374382e-03
-1.673866478054766328e-04 7.822530390489315644e-03
1.084708076868417560e-02 3.096907941424659021e-03
-1.724306334158383358e-06 -3.264965088139075780e-03
1.280367134660191815e-02 -3.746465006940528052e-03
-2.409862747859781509e-03 -1.050726232357791431e-02
2.283157301760235791e-03 2.568500094493664666e-03
8.729458038889232815e-03 7.978485741470843495e-04
-2.465136668649598080e-04 -2.817664105611975434e-03
-1.466855368310670919e-02 -1.342956755007880185e-03
-1.349218530748819839e-02 -8.780294006317844804e-04
8.478218064316067268e-04 1.050196163507327585e-02
-1.726777244982584218e-03 7.036209231270698639e-03
-2.202305976367955123e-03 1.133665948974555901e-02
6.994059262239719042e-03 -8.490767635276674774e-03
-1.135814943427254956e-04 -4.869283768103161011e-04
1.113813920981663068e-03 3.806496886827109502e-03
-2.424040507041820124e-03 -2.556174411151591105e-03
-8.315557724219015817e-03 -5.802714859026925596e-03
-5.753284356149399904e-03 -2.477845660505713279e-03
-2.377388117920950159e-03 -1.211621119312856001e-03
2.410916555283638876e-03 -4.895659441123483349e-03
4.229944771082526193e-03 6.160159675981040361e-03
-2.027671610006233881e-05 2.202178206863290334e-03
9.873224015063325476e-03 3.324070930107606969e-03
8.900995449658893541e-04 9.362570309485770959e-03
-1.381795376291822947e-02 -2.978951796495566198e-03
-4.717926955316919212e-03 9.356343583060578589e-03
4.296746106806084101e-04 1.665947096679894646e-03
-6.372346637068345213e-03 2.615950752029062853e-03
-1.448331677583506415e-03 -1.087530851754222802e-02
5.435339163972693899e-03 9.390798058342680193e-03
-1.335832709704791281e-02 -2.593279230684541331e-03
1.658922101842459336e-03 -2.132598757390367309e-03
-3.586358892981596214e-03 3.847465278927549460e-04
-1.134275844666608572e-02 -7.951215681930768123e-03
-2.940920939036619484e-04 -1.162318385937930859e-04
1.358731051018270512e-03 -7.997740301546974601e-03
1.289167543633629870e-02 5.046825181628340415e-04
4.125240347418562305e-03 -7.158156718262810927e-04
-7.378678020629169873e-03 -6.452527463551686188e-03
6.806268128830876389e-03 1.289087716792269335e-02
6.143331572547934549e-03 4.502163612057774253e-03
-1.591992996621745607e-03 1.274973842363309306e-03
8.435493714488874820e-03 -1.067531947029347339e-02
1.061819347366706884e-02 -1.141913900335268621e-03
5.181800502269156249e-03 4.870209806022306534e-03
-4.103239324985968753e-04 1.778602553112296040e-04
-5.362311101833956879e-04 -4.499513267806706405e-04
-9.053502187985323219e-03 3.661941181257091088e-04
3.922856494925347839e-03 -1.276484222073344908e-02
1.762637184785293461e-05 -1.421157736147951557e-03
-2.454918600152080754e-03 2.770085678571912891e-03
2.200453900529131951e-03 -3.244688372039013658e-03
6.050154563811077982e-03 -9.543879177462815180e-03
-3.183985993240988875e-03 2.549947684726400036e-03
2.398590871940423867e-03 -5.036542646403707225e-03
6.930163809784550214e-04 -4.248497180850932704e-03
3.771244143130261968e-03 1.728501551315601154e-03
-1.192921832814061202e-02 -4.918714270980419773e-03
-1.075910833032605804e-03 -7.429832829839711633e-03
4.288124575133007120e-03 3.346455261062893441e-04
7.279274285468482694e-03 -1.985488825684952365e-03
4.560502837000555802e-04 5.212678595380777768e-03
5.002215940626271277e-03 1.194920785384414978e-03
-5.619553915212419093e-03 7.163840715288295052e-03
-3.603059226912540443e-03 -2.240081294812347815e-03
-2.513098404201200356e-03 8.595599828447805790e-03
-1.403106676192516361e-02 -5.469602566982589842e-04
5.742810748644789492e-03 -5.755008662483558288e-03
-4.837607406577668079e-03 3.120505500687231239e-03
-1.274906792472305962e-02 2.747956886634387620e-03
-8.258303958089307367e-03 -7.582243450049546037e-03
2.292706035363252515e-05 -2.983198677577487447e-03
8.186201933867260153e-03 -1.355026899341984625e-03
-4.302174564809019622e-03 -3.740493819524447119e-03
-1.986542633108810164e-03 8.123647479232914970e-03
-3.551106149287251452e-03 -2.457568944404290266e-03
5.940819950550274738e-03 3.810073268998730167e-03
3.434076042277569782e-03 -4.559289608683036489e-03
1.374837431344530687e-02 4.617597182237961895e-03
1.106788926144227324e-03 2.103572740117349953e-03
6.243789115131337213e-03 -2.462741863405623968e-03
-8.858941598745652402e-03 3.401345873329627428e-03
-1.029801173311661790e-04 -3.611010259669387556e-03
-3.627455054585340070e-04 -2.523572011705810768e-03
-3.027328491950374671e-03 9.208435382942921354e-03
5.545472045647102492e-03 3.347796258874844409e-03
1.096768725786297603e-02 5.286760464943592031e-03
-6.689238021822335734e-03 -5.874018614834007439e-03
1.250194706172214065e-03 1.266716279190692115e-02
-2.448819643232695922e-03 8.518995384136085480e-03
-6.979881503059041752e-03 5.396797228492101160e-04
3.170606502475057514e-03 1.271209087469341373e-02
1.569065936268113082e-03 1.708224835214178141e-03
-3.928827682341429206e-03 -4.341003690677488688e-03
3.076631225323454150e-03 -8.644902561819524378e-03
1.638517616236590327e-03 1.142651565531990418e-02
-3.621611636678444181e-03 3.227062000190018733e-03
-9.337918942797979183e-03 1.171865955527478555e-03
1.092898590150031407e-02 1.599145760962485466e-03
1.190986764995996192e-02 3.074906918990438082e-03
-5.696317780414200498e-04 -5.699606972189952964e-03
-1.154354576232844570e-02 -5.378340936852096452e-03
1.586692308115966125e-03 2.870670990662263673e-04
5.380991281104306398e-03 -1.232456623304378426e-02
7.509406460184638379e-04 1.263986108096691943e-02
-6.880349998393689784e-03 -2.379240193759772897e-03
-2.736685010712527639e-03 2.794737045258342909e-03
7.435133518344131526e-03 -2.637951774463283359e-03
1.220143716911585921e-02 -7.384776977548555138e-03
1.201112346095811051e-02 3.420952090519388533e-03
-4.119013620994513118e-03 -4.892210828455167450e-03
-6.113379517355724616e-03 -5.782438142926863041e-03
-1.982040213019138370e-03 -7.493441091901121252e-04
-9.440324679330872742e-04 1.030382466366198263e-02
8.180901245362621685e-03 2.070140420861897243e-04
4.023058498501001258e-03 2.984124715498040915e-03
-1.709023103630285829e-03 -5.741884710725377906e-03
-9.226987792708824659e-03 2.439814803051991443e-03
1.165725502617447409e-02 -5.491666892184349918e-03
5.880915840168138634e-03 6.370622330734186829e-03
2.499846682939934218e-03 -4.690497474873614459e-03
-5.600203237030407233e-03 9.007648067279419926e-03
-6.493751394663253330e-03 -6.884852418483362012e-03
1.709949141548336524e-03 1.695899151870962698e-03
-2.030416908472806262e-03 -5.358862489166781561e-03
-8.205552612049270278e-03 -4.887804526491393818e-04
-4.966963196929423743e-03 -4.037236257681678549e-03
4.955435782000954664e-03 1.120730369939380508e-02
-4.842780325581066969e-04 -6.674389763726133089e-04
8.288256013281517301e-03 6.301968919180456381e-03
-5.629229254302063265e-03 6.241937039293874931e-03
7.290673930889080131e-04 2.201379938455128276e-04
-7.376953714295011490e-03 -3.187562375412609540e-03
5.210156020631873455e-03 -1.103196601883148047e-02
6.574858259064863576e-03 -1.923860408968658311e-03
2.791160663082373726e-04 7.563691040289085427e-04
9.346668243970934417e-03 3.796023279322499090e-03
2.681155550916978440e-03 2.249756633903353311e-03
8.509447814548385183e-03 -9.830020238609628661e-03
8.489043328943875547e-03 3.729094174101785144e-03
-7.372451294205339262e-03 -1.206055396383563794e-02
-3.161984970806767936e-03 3.612734566002185482e-03
-9.936576738112417456e-03 -7.293452044649160852e-03
-3.266689394472092715e-03 -3.263240781806278287e-03
-6.710153585442342992e-04 5.311284062126718150e-03
-4.791753285871763919e-03 -2.845891854468885103e-03
8.627978340272504740e-05 9.861824369640664369e-04
6.462075033139387352e-03 4.900161861213155577e-03
-2.829989788954048562e-03 1.056304615833756917e-04
-9.329967910041132503e-03 -1.171195456616035656e-03
3.801196198322471902e-03 4.482270204465121487e-04
7.360923879274853133e-04 1.923062140553911080e-03
-5.652954583070442587e-03 1.914185069879013271e-03
2.417015512203023707e-03 8.532502644406901073e-04
-3.064177772482378479e-04 -2.571150438751583153e-04
9.556204860806031057e-03 6.191037769091300991e-03
3.148733249544141341e-03 2.923677875708641846e-04
1.487160803450614157e-03 3.205987015675209814e-03
-2.172226151672222282e-03 -1.300551246967790670e-03
5.574338642028693960e-04 -5.798212438935892478e-03
7.334420436752760175e-04 2.704082611269250074e-03
2.223253191379460578e-03 5.129049156230263209e-03
2.228553879882737721e-03 3.567008214800945678e-03
2.870543221155315121e-03 -4.509986875311317034e-03
1.159668041687567010e-03 -2.159900468329007273e-03
5.547994620396007673e-03 1.392371199400626973e-02
-3.238589415118486945e-03 3.548455805033681049e-03
1.311024854473543180e-03 6.060628171315689261e-03
-7.140913654932644827e-04 -8.602752592781256341e-04
-6.935081189776994524e-03 9.976204132394490137e-03
2.369437085162960730e-03 3.554682531457730235e-03
1.153058006743814048e-04 3.751893464949610998e-03
-2.724359327369312196e-03 2.935620250538566352e-03
-1.018944490090451134e-02 6.853846555869578042e-03
2.582550084171038058e-03 1.122690991659063648e-03
6.440074010705166413e-03 3.837374979937370131e-03
-1.074317461343359849e-02 -3.531883240608544357e-03
1.113143422072722724e-03 -1.486138996601222076e-02
3.299291793916512162e-03 1.201945780221850288e-03
5.375562823095222584e-03 5.944109142325148566e-04
-2.905668195346356418e-03 -4.004633858238400984e-03
1.586692308115966125e-03 2.870670990662263673e-04
1.669523478851515962e-03 -5.256680640249220514e-03
-2.181103222348480981e-03 5.088495724028995783e-03
2.186403910854260463e-03 -6.650536665458532323e-03
4.117289314661714758e-03 1.627245740317232684e-03
-7.365554068871208067e-03 9.993063887208863613e-04
3.177887036321604044e-03 -8.298857390290573927e-03
-7.441360244769322160e-03 8.245978274746091491e-03
1.778730322607873643e-03 -7.253696880862640223e-03
6.349643464326404016e-04 -9.779919236821803252e-03
2.366914510415197431e-03 -7.021233203675055108e-03
-2.191704599357537607e-03 8.212577606887847687e-03
1.783104973193099440e-03 -4.769752263437542980e-03
-5.191603610865969283e-03 5.564822723829113485e-03
1.183521139959250665e-03 -9.189084704760909494e-03
5.294711497701581025e-03 -1.331074867000785027e-02
3.899801665068411850e-03 1.575292662690801811e-03
1.167210328426659602e-02 5.225132048227297543e-03
6.107408329942146455e-03 -1.132340776848429417e-02
9.175290254091943241e-04 -2.493619956514742716e-03
-3.318642472098523154e-03 -3.045753132212974511e-03
-2.728733977955680526e-03 4.516756331148291323e-04
8.224903290231063563e-03 2.332587804637761050e-03
1.788405661697518249e-03 -6.331793204868220969e-03
1.131995915581711885e-02 -4.225218463373659958e-04
9.260379194115861412e-07 -4.045985558853272893e-03
1.428553146154675282e-02 1.021562950164217436e-03
-6.302767187595422621e-03 9.773053662866654223e-04
1.246372513198984976e-02 2.103700509622014742e-03
-1.280194704026775890e-02 7.011430095079602964e-03
4.207145480234699905e-03 -2.213577852288454648e-03
-1.159735091579233886e-02 2.931117830448894991e-03
-1.772503596182682141e-03 1.645670380579832308e-03
2.534045619211563929e-03 7.870108817529376452e-03
8.255781383341544502e-03 -2.993672285083239740e-03
-6.404022998593572082e-03 6.312601947577149708e-04
7.627043763331592396e-03 1.178220451455973521e-03
7.873685199700997117e-03 -7.361051648780175816e-03
2.329937460385551971e-03 -7.443882819515725002e-03
-1.307576241807728752e-03 4.693020049626820669e-04
1.354228630927238044e-03 8.752512868749109378e-04
-1.643946074245673924e-03 1.492461491956393856e-03
3.197908213413916054e-03 1.221283681454102439e-02
6.224438436950686243e-03 -4.306549215395606527e-03
-6.835549685111642557e-03 7.057284215785507124e-03
3.770445874716657052e-03 -5.582449095678108410e-03
1.030289862574393367e-02 4.990018026787501615e-03
-6.716667502265640487e-03 5.982171651166506669e-03
2.399389140355170664e-03 2.274408000588641447e-03
1.438148658404048326e-02 2.929649063123845876e-03
5.836913795299696756e-03 4.245048568182615938e-03
-7.354026653942739855e-03 -6.170761052991239302e-03
-5.714838538802433305e-04 2.392364145516593255e-03
-3.000825049426482372e-03 1.398230675795679922e-03
9.096578194934354378e-03 5.805365203279134675e-03
3.051979858638166013e-03 -8.926668972381332154e-03
-1.020269662216713794e-02 1.075894890944262619e-02
4.797181743880847733e-03 -1.007308529280741445e-02
1.973163142341737789e-03 7.138391080188259685e-03
6.626811336691294449e-03 -2.141348058561961653e-03
4.937138911243020047e-03 -6.039425417296215119e-03
-8.048735689870222150e-04 7.026533892179692709e-03
1.204292759198664214e-02 -5.951293558056026597e-03
7.427980754000888461e-03 7.016060284673940849e-03
1.663296752427685351e-03 3.513458600347304757e-04
-2.588393502081748170e-04 -2.958547310892198877e-03
-1.003518220485835784e-02 -8.420517686893450732e-03
-2.103348852487002540e-04 -9.705965136762511464e-03
1.070610144529328227e-03 8.991873771269028731e-03
-6.738668524699861426e-03 4.919384769890721223e-03
6.058105596576793869e-04 -1.188694058960584367e-03
5.905694976359233440e-03 -4.704547464550988718e-03
-8.835088500473969181e-03 -3.627838363102274793e-03
-1.558592328770087192e-04 6.524629487771886789e-04
-6.612122499487825891e-04 -5.123748467725844184e-03
-1.753951186416778186e-03 -3.821472914422534024e-03
2.867892876903106042e-03 -3.728966404595978473e-03
1.097391398428816667e-02 -3.212660353392165352e-04
-7.444808857435136588e-03 1.716048098467721356e-03
-5.401012458195257951e-03 -8.187127971786670871e-03
-7.355750960275537348e-03 -9.435726141129172767e-03
6.600307894166040391e-03 5.668856648584137681e-03
-1.485436497116455774e-03 5.897807246386639959e-05
1.007931201923010361e-02 -8.108447564017413900e-04
4.745100896751112962e-03 1.501338562632652772e-03
-8.781283347010076026e-03 -1.193729713040326580e-02
-5.712730923949275660e-03 -6.882202074232294381e-03
9.684890152247485270e-03 -5.319107325380260931e-03
6.128355544951149137e-04 5.142300877491747489e-04
1.115707492810267404e-02 -1.472983044269936433e-03
-4.558491340269431140e-03 3.876874604716139781e-03
-4.745228666255558309e-03 9.855597643215471132e-03
5.248314647582313745e-04 -3.736917437353967468e-03
6.601233932085452845e-03 1.622871089730864354e-03
3.227860268604765097e-03 1.093256228367079329e-02
3.136279796697621566e-03 1.150842078813740441e-02
9.377418567576749700e-03 9.826699395447118998e-03
-1.070865683538439229e-03 1.372199864042471587e-02
-5.170528626349799040e-03 1.067359516395931414e-02
-1.417367427353818585e-02 -3.799599661492977440e-03
2.687382277340808617e-03 -3.358269866380597136e-03
-8.125499555070376384e-03 6.105428484598877069e-03
9.396769245757399802e-03 1.167050674743710069e-02
4.129742767510251799e-04 -9.588807260240657989e-04
8.910096407956194162e-03 -1.092978416991391942e-02
2.884720980335993279e-03 -1.246107478773878126e-02
-5.565620992243860282e-03 -1.250255425785831709e-02
-7.000030449654439518e-03 -8.615078276133121549e-03
5.650304238818233508e-03 -1.133164599163674277e-03
9.207637114528174557e-03 -4.283622155041974001e-03
8.756887519331395253e-03 -1.105834169185206800e-02
2.047372781411500170e-03 -1.473018209982300541e-02
-7.609417391483739787e-03 -2.599378187603925295e-03
-3.097578440334960038e-03 -7.820806084156297841e-03
-1.834930281313723859e-03 -6.369696292816136134e-03
-9.612532589017687076e-03 -8.457494736923094891e-03
-2.721581213612438762e-03 -9.202336426022392907e-03
-5.971698043661896257e-03 1.516186820723631513e-03
-8.355185118502229946e-03 -5.444344004153399245e-03
6.335272304909263068e-05 3.969381114541553450e-03
-1.209660497594608822e-02 2.903816119508894136e-03
-8.083221816528366431e-04 4.966037159013218143e-04
-2.227755611469132372e-03 3.743942432192763885e-03
-9.040250466722696623e-03 -3.538908235447340775e-03
-1.304395828704168689e-02 -4.679225598954256382e-03
-6.111655211022707680e-03 -2.517473054786426804e-03
-2.402039484608741067e-03 -1.493387529874444768e-03
-4.209253095090142831e-04 3.301942138168940249e-03
-1.883434746273197988e-03 3.777215330541775374e-04
3.989785600147422243e-03 -1.362246713575936477e-02
3.670786600546859305e-03 8.693407026778999375e-03
7.017656821500493653e-04 7.193920539979021915e-04
1.252972819930230249e-03 5.292061153445992705e-04
-6.596157131204304427e-04 9.498152826260214052e-03
7.389279397638226499e-03 3.328445580692833417e-03
2.363338128244936789e-03 -2.194227174105301340e-03
7.025607854260280255e-03 4.850859127840295541e-03
4.415883828655049748e-03 -7.129514009512000552e-03
-1.421860235632603844e-02 -1.879187865191276306e-03
5.452167267406942026e-03 6.586896752010192903e-04
3.899003396653665052e-03 -5.735657984301547295e-03
1.082808058369459864e-04 2.048969318239851883e-03
-1.103340313475910123e-03 4.426357436160801608e-03
-2.062221039502478478e-03 4.013383159409995328e-03
9.262783265807883427e-04 2.474269278334092180e-03
1.274175573948343500e-03 -5.718957650373106272e-03
6.750068170122523400e-03 -7.325160057558644314e-04
1.007257421478875790e-03 5.022492656726332966e-03
8.276984137361017776e-03 -9.241836050799801666e-03
-2.218623001783105644e-04 -2.535897695049025777e-03
-1.313802968230417482e-03 6.077328505245271732e-03
-2.631054549129151730e-03 5.624726834212391904e-03
-1.068869896105940388e-02 6.826544844930938077e-03
2.790362394671975013e-03 2.527403932887904194e-04
-1.230971797495280552e-02 5.335807659308702822e-03
1.900135080201639445e-03 2.247106289651143798e-03
-1.179111323661726288e-02 7.206916722237326212e-03
3.214736316846803291e-03 3.480728431398220739e-03
7.436059556263543112e-03 -6.683937333316555818e-03
1.895888199119717329e-03 -1.159377453362071819e-02
1.765478601345246397e-03 -3.348594527289591640e-03
6.427876096850412195e-05 -7.660444431171926645e-05
-9.609211745855177414e-03 9.429371645202038257e-03
1.232284192670962675e-02 2.116026192965230618e-03
2.866839069480390557e-03 1.167395536010405743e-02
4.687974900125851593e-03 -8.076069052192852427e-03
1.102414275557859428e-03 -3.803718773063869416e-04
-3.747391044858577880e-03 -8.757685787747503808e-03
9.453352512978166824e-03 -8.776908696424848277e-03
3.315193859430206388e-03 -3.484177044065177049e-03
8.959271371825752034e-03 9.906848570537382312e-04
8.208330725805925571e-03 -1.164917622391432352e-02
-1.963615572756538530e-03 5.140448801654285207e-03
2.757759995228697449e-03 2.314035394871857311e-03
3.073853111566580282e-03 3.493054114741436181e-03
5.922267540784370565e-03 9.277216564001097149e-03
-3.633809550518355292e-03 -8.270757410936968590e-03
9.766667515560538415e-03 4.540066700006830866e-03
1.559390597177107369e-03 7.863211592186159209e-04
4.597544353749805773e-04 -1.097126364003459670e-02
6.915474972585872529e-03 1.089386092730813133e-02
5.679330256089890408e-03 1.632546428821870501e-03
-3.324996968027018121e-03 1.391920957391659663e-02
4.448358458595022547e-03 2.166127194751696003e-03
2.246180251731731779e-03 2.145850478651633447e-03
5.089293992433951584e-04 9.492053869344207594e-04
1.088364285881627484e-03 -3.786220170727046946e-03
-1.012146198826108234e-02 -9.406700123857516735e-03
4.856958084759679939e-03 -1.276698148696107015e-03
3.162208858425476221e-04 -1.017791748597604400e-02
-1.093336055208554008e-02 -4.083090378387582708e-03
1.509960094299581460e-03 1.157972454394334480e-02
4.120865696831975400e-03 -3.199760289252521085e-03
5.418638830044252008e-03 6.765970235637359075e-03
7.407831807405491562e-03 -2.138697714308391250e-03
-1.152061870197617320e-02 -8.361539614430726214e-03
7.067087324380959268e-03 -3.599482844740919344e-03
-9.949030190960297254e-03 3.922600955916236837e-03
-1.126267373829542649e-03 7.409556113738289054e-03
1.050726232357791431e-02 -2.409862747859781509e-03
2.321986427628704858e-03 -5.100821407372210792e-03
9.118579217368574449e-03 6.868152084554920121e-03
-5.114999166552888950e-03 5.629101484798759367e-03
-8.166851255686608316e-03 3.198834251331967183e-03
2.891618205670124474e-03 5.987855648177410877e-04
5.777105803040738334e-04 -8.000390645800544570e-03
-2.992874016669634825e-03 -9.448307363478340715e-04
-9.645262757965629430e-03 4.960736470505593132e-03
-2.115898423460565395e-03 9.659057208640038812e-04
5.707430235443495745e-03 8.444243015661830054e-03
-1.193866977961698626e-03 -1.040070582407376550e-02
-9.734192885620563881e-03 4.755574504256865689e-03
1.529438541984897435e-03 2.066595690087704926e-03
-4.052084515773799606e-03 -5.749835743482224586e-03
7.534665023009482626e-03 -5.556871691072266806e-03
-9.667039892776087967e-04 -9.426849070454275392e-03
-7.598943783977987060e-03 5.633476135383986248e-03
-1.202702552647180560e-02 1.265170733767639021e-03
-3.227988038109430753e-03 4.243739221748287112e-04
6.446396855236454643e-04 -8.858015560826239948e-03
9.109957685700284871e-03 -9.456673356140678222e-03
-6.573006183227400427e-03 -6.168110708739029356e-03
3.820546876504483328e-03 2.292034372437636372e-03
4.437246003568401376e-04 5.071795390100554760e-03
7.311876684911761126e-03 -4.046783827268019690e-03
-1.131028381672611292e-02 1.344425522332928433e-03
-8.250225155837805470e-04 -2.128224106803780404e-03
-2.439942572556656232e-03 2.129948413136797340e-03
-1.492461491956393856e-03 -1.643946074245673924e-03
-2.924220605114762929e-03 1.462509436764184139e-03
-1.403531364301459404e-03 -1.438784107996946265e-03
-4.900960129628121817e-03 -8.488756138554640930e-04
-5.276031318429870616e-03 -3.513330830841498737e-03
1.308278741291015596e-02 -2.990095902911619509e-03
2.385211381174492939e-03 1.022549591301610480e-02
-7.283521166549044787e-03 -1.185539199758576731e-02
-1.467915506011576582e-02 1.781125127850971719e-03
1.011632072064101804e-03 7.506437274151431943e-03
-5.857190511401119334e-03 -2.042870361320467051e-03
-6.409355338487209008e-04 -7.325926674589134519e-03
-5.163310211887341822e-03 7.681826558056760630e-03
7.181361999035360336e-03 8.032544483834358831e-03
8.907517217347353869e-03 -8.751808389897634821e-03
7.866359063475518096e-03 -1.148170758677006902e-02
6.324282934034210733e-03 1.269159359710346317e-02
-3.847525592184457364e-03 -7.085404636190807508e-03
3.863355811783573263e-03 -6.779969638561966598e-03
1.364397223673846984e-02 5.451833487125004943e-03
-7.331133861851262760e-04 1.096145828592150727e-02
-4.197745068805021264e-04 9.281668141703599455e-04
1.070437449882971973e-02 -3.600588531440676674e-03
1.202796618292508064e-02 3.215628300073340631e-03
-1.289136255056069075e-02 -7.387434679904466943e-03
-1.200403751225383002e-02 -8.512691381005263111e-03
-9.394281968871012051e-03 4.753861391373420502e-03
-7.913684877554828107e-03 -6.372561159545992414e-03
-3.175957349889295574e-03 1.081191347480081610e-02
-1.563936682584865729e-03 -8.501004380746879710e-03
-1.682076181770993236e-03 7.933483236916000561e-03
8.675519199217884836e-03 9.587896700658755239e-03
-1.045008546997247545e-02 -4.229200308985221540e-04
-9.163456268603917265e-03 -5.155906318099435712e-04
-7.174712834336708636e-04 -3.582883539988537640e-03
9.365637544902518513e-03 -2.314516501877447556e-03
1.051399963185773931e-02 -3.311521005038624461e-03
-3.161049579152894889e-03 -1.191735579640107803e-02
2.143117839875986405e-03 -7.805354882156614708e-03
1.381465502647994704e-02 -5.733348352696424240e-03
2.719695428262427529e-03 1.159610710009536909e-02
-4.930890188940312453e-03 1.962967951877744085e-03
-1.302210890424899264e-02 4.527331481535087736e-03
3.793647799904600708e-03 5.939378318796067167e-03
-1.006432494368447207e-02 1.732080865433662442e-03
3.589654735830139724e-03 -1.880406699897332033e-04
-4.727055233756161426e-04 -4.568519357521650358e-03
-7.904246217385653070e-03 -9.589566834807522477e-03
-2.222583940922725674e-04 8.232161046267642487e-03
8.985497460530149014e-03 -3.994374459855268636e-03
4.211508252016917843e-03 -1.279932354412495130e-03
-1.265678281405141492e-02 2.356278786070000169e-03
1.556714024310536064e-03 -1.410200576970359852e-03
1.371005807978895605e-03 2.511264267024074324e-03
-1.407237708845650304e-02 3.952641989591307130e-03
-7.404864109482222484e-03 2.038094940351063786e-03
8.327023027798705415e-03 -1.886876974296802095e-03
3.251109724130509969e-04 2.739741364606766184e-03
-4.095420306567172479e-03 -4.765945428863463352e-04
-4.728236295169450758e-03 9.944779444565172381e-04
-1.106367054967262974e-02 -6.819209816618860762e-03
6.169051296122637744e-03 -7.987219398708434587e-03
-3.742477070630280400e-03 -4.178790262824547976e-04
