7.689598217966509171e-03 -2.163349080995502147e-03
2.104626547545071415e-04 -1.650971069084470125e-03
8.839590920563069817e-03 -5.245153225320070556e-03
2.243992926438548047e-03 9.038781699397649460e-04
-5.725376613106858154e-05 1.779528591021478558e-03
8.079773203868347714e-03 -1.149596733529020462e-02
8.978159031046805197e-03 4.857484988471608839e-03
-1.311976446293923113e-02 2.567446287070267869e-03
3.837710229392520857e-03 2.893869415715069875e-03
-3.112554467930603677e-04 -7.180668818723684845e-04
5.430166244972721087e-03 -4.040972060747661555e-04
-5.421752193256277469e-03 -3.961956985496635671e-03
-7.034357155431874599e-03 -9.818748362689130871e-03
-1.892647066403817463e-03 -2.567174922367450405e-03
7.347799927518119945e-03 1.177878755327336699e-02
-3.653958497115333609e-04 -1.742551540992294534e-03
-1.085629308881479529e-02 -6.041804396846286312e-03
3.360920210632806649e-03 1.906361806625470057e-03
6.142070285174161537e-03 -7.857942555073672494e-04
3.715507203383436666e-03 -1.391788440179038411e-02
6.965095921741239898e-03 -8.443101863134707535e-03
7.085355473309461714e-03 3.204467872556819238e-03
7.624943741539180232e-03 -8.463303520685810585e-03
-5.374705751337580280e-03 1.390097000899413564e-02
8.137565653235140709e-03 1.001093835898019500e-02
5.161387333385898668e-03 -5.132783365407960971e-03
4.286676279300255347e-03 4.408318705300546744e-03
1.812064549038539516e-04 -6.816732293955632231e-03
-3.159633775855170707e-03 -1.391686538764458185e-02
-4.601622957341977810e-04 8.384207361983725404e-03
8.108167971455918638e-03 1.224212738160290184e-03
-3.553090842734646457e-03 -3.490146922854382066e-04
-7.743260679503904172e-04 8.402230252690512727e-03
2.610278353596006589e-04 1.142362923645282198e-02
3.360790442475188652e-03 -8.560284568162716129e-03
5.948893369942506552e-03 6.343815291552717776e-03
-4.190808890095722682e-03 5.690999888864030527e-03
7.626585892767861335e-03 4.531710408434101202e-03
-1.044939091511022829e-02 -6.498758747667133379e-03
-3.061195904320947615e-03 7.912523233483461380e-04
1.130973819622343307e-02 5.737282547731765991e-03
-2.506607060729697202e-04 -7.380466521655655978e-04
4.498831917565514898e-03 3.941890097472584668e-03
-5.467342610023599378e-03 -6.742432784045825252e-03
7.429952051337170710e-03 -9.007381280600626136e-03
1.252602687345664122e-03 3.175249965376554517e-03
1.961030679285206101e-03 -1.670751970331173751e-03
4.956023477457342265e-03 2.976934023743255282e-03
-6.640852588481312114e-04 1.392520380746023641e-02
-9.416923270443302088e-03 4.293464390327479847e-03
-7.465122532287556296e-04 1.319454332836861483e-02
1.320909431753787035e-02 -5.499507926392185019e-03
-1.710940583479393260e-03 1.141858176665686009e-02
-6.434841974673612824e-03 -1.362858060827617894e-03
-9.045133406801020293e-03 -2.631170886461135566e-04
1.372388560577061413e-02 -2.566795967451416909e-04
1.328702383477262973e-02 -5.913101646948066767e-03
3.119025728563160093e-04 -7.318855767674996900e-04
-6.475449034110918392e-03 1.079234373363547120e-02
1.147327807078755806e-02 2.818186945601237371e-03
-8.345140025346604179e-03 -6.835110524716055472e-04
-3.966084980218365606e-03 1.018802113151190576e-02
-9.429393073147168116e-04 -4.480368715317263953e-03
-7.043636174323337270e-04 4.205915922384913415e-03
1.051692514921290927e-02 -9.481652602450632919e-03
3.669653941934690662e-04 1.074241503692693325e-03
1.177166506180834377e-02 1.377291284356082948e-04
1.053254133632425954e-02 -4.079439828912534774e-03
-2.985040718090462529e-03 5.322575012495853707e-03
9.419469121493746246e-04 2.336257250444139660e-04
5.921814914317168922e-03 9.045231180571272275e-03
