-7.719550273158148380e-03 3.443623611863910489e-03
9.039420546914163530e-04 -7.922461029361929988e-03
6.751989368497437333e-05 -1.423755390030056675e-02
1.049712396552652041e-02 -1.308773644429278224e-03
3.144693848414065619e-03 7.142366596566002146e-03
-3.289616454826295965e-03 -2.800421042281106120e-04
3.135018509323059688e-03 6.220462920570440576e-03
-1.047810853680931865e-03 -6.181362430002141674e-04
1.903248443412874306e-03 -5.569069604914024746e-04
1.668134421972507653e-03 8.122976980319406449e-04
-3.509754448670448362e-03 4.490252888619396081e-04
-6.138158653547390146e-03 5.292731652358992518e-03
1.276362899242317397e-03 -4.476985341659415335e-03
5.026867307312701295e-03 1.476687195944861647e-03
-6.500441140046327865e-03 7.461668612252937011e-04
5.385462049798837511e-04 -9.665012570354224522e-03
-1.934461785979075610e-03 -3.450776376207152687e-03
5.872757327460234426e-03 -1.197719588938747810e-02
-1.362730480530475845e-02 -4.450737438143951424e-03
7.043697245067729804e-03 1.406708612264456152e-03
4.921109076223518716e-03 1.000363361283779576e-02
-8.194488216079827414e-03 -5.635855114934057442e-03
-1.309763567100341759e-03 -7.726703037498668797e-04
-1.217712105188458079e-02 -1.667400038311234699e-03
8.625088864678488038e-03 3.255816652759537314e-03
6.264401080686550494e-03 4.669023356151322419e-03
-1.039506988611476647e-02 8.965769462951937371e-03
-5.296771053490319410e-03 7.118401554478577531e-04
4.349752991848511441e-03 1.039061552508086352e-03
1.112089614648777494e-02 5.415317986881742346e-03
9.858247987467110354e-03 3.964208195540900627e-03
-1.072462220366791376e-03 -8.999026535613412810e-04
-3.746081698421527273e-04 -4.687447996413921826e-03
-5.506644083788452514e-05 3.021500899733346734e-03
1.098220026650016494e-02 6.669615978937506844e-03
-1.400952875845053874e-02 2.538819404005413644e-03
-8.590299139942025874e-03 -4.075139345630736029e-03
-2.765248009025729481e-03 -1.993966762153728811e-03
3.219110967432600463e-03 5.964673048822638837e-03
-3.240441490953008871e-04 1.164042692274615569e-03
8.901633570346583271e-03 -8.539177508617334239e-03
4.782977846272377584e-03 6.193053459089288733e-03
-5.580395884031734898e-04 1.373394826894409719e-03
-6.303498496109985819e-03 7.623721005842014342e-03
-1.165483010743447595e-02 -5.201750349869604419e-03
-1.078051825103110845e-02 3.136174228822703226e-03
-6.428377499221706384e-03 6.274390567843316120e-04
-5.917105209810781356e-03 -4.161728904860807765e-03
4.956649384482867890e-03 6.472916220176098273e-03
6.335085974206572899e-03 1.966491579298705692e-03
7.119482927779379258e-03 7.229363475006964253e-03
-9.619045581359873115e-03 -4.123795378159129423e-03
-1.132866592155979540e-02 -8.466828111937956978e-04
-7.069819521843785821e-03 4.852222134987494058e-03
-9.972402713571557747e-03 1.073257978982997476e-02
3.750204769746685266e-03 -1.348531230678796065e-02
5.698787512813266107e-03 9.024059569986295215e-03
-3.197837110382971675e-03 -1.098209036083697826e-03
-1.424098476165773161e-02 -4.470968396524566298e-03
1.098635180468830914e-02 8.935409683352922919e-03
8.849865372158361202e-05 -1.129570260294817177e-02
7.122209533263137646e-03 -2.137751955603345386e-03
8.538496093102511397e-03 -9.517772913442064039e-03
5.360073326328361823e-03 -1.341535984328407448e-02
1.431803087100984480e-02 -4.339069586602773386e-03
1.020772048593915869e-02 4.112138116902893173e-03
7.353916824781120626e-04 1.224398304257822562e-02
-4.629870159807134879e-03 -1.209139863663382915e-03
7.965293231015368319e-03 -1.441832253468623140e-03
1.107925658849920510e-02 2.008666353527329036e-03
1.296987584516996229e-02 6.879758445483866516e-03
1.118903745708732869e-02 -5.870729553709715977e-03
5.184617207403654886e-03 -1.135592931605073318e-02
1.351526276804869593e-02 2.376795714770176763e-03
1.711314770880441750e-03 -3.721152396215774739e-03
1.289206400222637702e-02 -4.774540248423936664e-03
2.752947362818545986e-03 6.769064558910547168e-03
5.439907984276349563e-03 -3.707502961348653567e-03
-2.153109967466150434e-03 -7.270299158310239082e-03
2.336615732029495400e-04 -6.449851055702082205e-03
-7.898199615823492739e-03 1.109168199776543531e-02
4.973252962680156999e-03 -4.208387157498596695e-03
1.143610908869895125e-03 -6.167669636605101723e-03
1.009339775527923373e-02 -9.910981189233553437e-03
-1.313424708479735917e-03 1.261603391080880557e-02
1.489633527263332794e-03 -1.164480877238089143e-02
-4.588485245993708696e-03 -6.438700704779881483e-03
1.168764437338657737e-02 2.557296832184826826e-03
-1.221937887096631809e-03 -1.053905293178920496e-02
1.491664238918207798e-02 -4.967530930145229017e-04
-7.346389705495851019e-03 2.064708713383566797e-03
