-7.378007521717726974e-03 1.221535938928742723e-02
-1.193716936089745870e-02 -2.575652858836906429e-03
1.728373781810935931e-03 7.585692062715360465e-03
-1.518964934479144924e-03 6.166258632900207051e-03
5.665152496909213117e-03 9.583634341249334943e-03
-8.381464673406007967e-04 -9.580057959077712543e-03
7.222020519337414221e-03 -2.059602346634742398e-04
1.781252897355637159e-03 3.322218854270144687e-03
-6.270037018647479400e-03 -1.244092584114202260e-02
-7.263372219953647020e-03 -2.700633998603435646e-03
7.147140381359854029e-03 2.994726092507097107e-03
-5.944396332721896270e-03 1.016932760569881286e-03
3.977332147299542445e-03 -2.406414135193967081e-03
-9.546657291218329025e-03 6.087802112751023592e-03
-1.246014874981937054e-02 -6.930706539189265304e-03
-8.291832395453137966e-03 -1.474962889611845362e-03
7.132930970785177939e-04 -6.450675387714223039e-03
-9.242762088720355568e-03 -4.230998578506383993e-03
-2.997376436758164737e-03 7.928160852073831699e-03
-7.625319456998575461e-03 2.086744636684463583e-03
-5.993571296590310959e-03 -1.090353626639913726e-02
-6.245513421464354148e-03 -8.022232247348127024e-04
3.093331559253037488e-03 -6.020074739115563282e-03
7.494718786947764805e-04 -1.333897641886476124e-02
-4.100716750236578501e-03 1.235451828823485101e-02
6.799498673000049093e-03 -1.152591939048059309e-02
7.280200323386533390e-03 -6.031474384539367573e-03
-1.001286234064155747e-03 1.208335325468346162e-02
-1.660518638670811266e-03 -1.248930253659569049e-02
-3.138131872535084715e-03 -3.416449670429716739e-03
4.990688525697803066e-03 8.364988227096539775e-03
4.213244437154085170e-03 3.535331853275719242e-03
4.383951928122071899e-03 1.359966784491153935e-02
-4.918586501475755851e-03 5.722821222949900193e-04
1.042510165175723324e-03 2.180177184429069395e-03
1.458054959336982717e-02 -2.908190770095262466e-03
4.196544103225643280e-03 9.105040305703981235e-04
1.719624480639342454e-03 2.617802827866525135e-03
5.841288445886283660e-03 6.728993185608855496e-03
-2.866839069480390557e-03 -1.167395536010405743e-02
6.613431845924222507e-03 1.312069050085921257e-02
-7.882434500872592328e-03 2.393162413931340486e-03
1.356878975179447340e-03 9.423081615957216040e-05
-1.228241626401280553e-02 4.836553599154952594e-03
-3.101154822506580703e-03 -2.993800054587685954e-03
-3.968582846127948968e-03 7.374303370042802411e-03
-1.518166666065539142e-03 1.347720927989391748e-02
1.091400987390488825e-02 2.239283026397601017e-03
1.732876201901969049e-03 -1.287299525706524315e-03
-1.263363435454423027e-02 -4.857085854264125285e-03
-1.569864204681718431e-03 -9.019175482207887271e-03
6.589036018245541734e-03 -9.874948321396122969e-03
1.494984066704157372e-03 1.221986180937845862e-02
-3.910403042078828932e-03 1.548789220166909078e-03
3.673564714304875054e-03 -3.444549649783322509e-03
1.133135880124228230e-02 3.764346917797271787e-03
2.778164480833205351e-03 -1.124507901783955779e-02
-1.384445720544348266e-02 4.831252910650534436e-03
7.333749937841316409e-03 8.372939259853388189e-03
3.891978401816229526e-03 -7.438582131011305977e-03
1.947841276746148202e-03 -1.181126218321401980e-02
4.652461961620561054e-05 1.270148949768435710e-02
-6.453325731966432985e-03 6.772737363682076669e-05
5.664354228494465453e-03 2.272683694256985836e-03
-7.098891455409490903e-03 1.297172849331633578e-02
5.344684729984743379e-03 5.920671003953516948e-03
-5.410815566792070118e-03 2.247904558064749148e-03
9.380068911828957912e-03 9.045678924731780438e-03
8.179975207438423563e-04 4.252999600942402973e-04
3.489477732569814649e-03 1.753152918002031605e-03
-2.745434311885482440e-03 -2.173152189591633868e-03
2.373013467334581829e-03 -1.272323498110881001e-03
-5.313934406378928096e-03 1.100051121711046950e-04
-9.698141873508968683e-03 9.224209678951949057e-03
3.731616748849548443e-03 2.086872406188908929e-03
7.845652014918172434e-05 -8.027692356739182800e-03
-3.349520565207642336e-03 2.280506957509168160e-03
-7.647192709926990163e-03 -1.033297845043830605e-02
-7.720348541572895178e-03 -3.867327035128438183e-03
-1.333897641886476124e-02 -7.494718786947764805e-04
1.364711850244579652e-02 4.271552010707869995e-03
1.840230969819503124e-03 4.807655351386599593e-03
3.706965382167419563e-04 1.805105995634390353e-04
-5.892443255096606845e-03 7.994451109779388345e-04
1.349483565174176836e-02 9.700892991758823525e-05
-8.318208068472585787e-03 -5.021694388312728484e-03
-4.569763216181061674e-04 -1.166693036526363428e-03
8.783135422848680623e-03 3.845326012694217678e-03
5.171326894764545837e-03 -3.362644516966965466e-03
-1.386831030370515609e-03 1.186043714708155845e-03
1.496836142541619870e-03 4.127890691670772251e-03
6.149686068476429082e-03 -1.246279909407179906e-02
2.108873428621987987e-03 -2.668829867572402106e-03
-1.162318385937930859e-04 2.940920939036619484e-04
-9.694821030356250884e-04 2.711107606108046492e-03
-3.796693778232799240e-03 -9.321218608869539027e-03
-3.051053820717612546e-03 4.880683413526699238e-03
-4.247571142931521118e-03 -4.739001939831728565e-03
8.151076959676218855e-03 -9.869647632891703076e-03
3.187434605914530195e-04 3.979982491553817037e-04
5.626451140546550288e-03 5.896019637268227510e-03
3.948306130027886413e-03 -5.172125163179512077e-03
1.193199644189748762e-02 -7.219242405580540353e-03
-3.394448647995495800e-03 4.200918753810870161e-03
3.002677125263945087e-03 -9.490201793503367372e-03
1.004140893128218845e-02 2.812491186609500284e-03
1.786681355364720756e-03 -9.596758293006154433e-03
-5.364035408166754372e-03 -7.764478355944640087e-03
-9.593181910834533768e-03 -6.613687384933331775e-03
8.805519753793298546e-04 -2.916269572357915816e-03
1.105581911710452545e-02 -1.819028215798886884e-03
4.753051929509101090e-03 -8.417228495122218955e-04
2.355514864991394008e-03 -1.120810196780855188e-02
6.126503469113686422e-03 1.323427199519943559e-02
6.285939084162315942e-03 7.754803016853635024e-03
-5.556201192161965355e-03 1.113322182983099082e-02
-2.202178206863290334e-03 -2.027671610006233881e-05
-2.930319562034147327e-03 -4.286400268799990185e-03
4.722972104813587257e-03 1.179548788720363034e-02
-5.637978555475018499e-03 1.274047804443897720e-03
-8.336760478238489092e-03 4.454489066896384977e-04
-5.893241523510211327e-03 -6.511505536015770729e-03
-3.331894193361150183e-03 8.593492213600749385e-04
-1.518964934479144924e-03 6.166258632900207051e-03
-4.722173836398841328e-03 -4.484537240211281667e-03
2.271629886829483816e-04 9.738567536208511026e-04
-3.905102353573049884e-03 -1.325172126262681195e-05
-3.659386955122836873e-03 -4.506538262643000267e-03
2.317611777043478843e-03 -7.584766024797309769e-03
3.230638382361639832e-03 -1.205394392890167489e-03
5.088495724028995783e-03 2.181103222348480981e-03
4.346176609677460632e-03 5.866067582076017577e-03
1.104694204642826458e-02 4.570018755197899352e-03
-7.528438296585652015e-03 -5.115480921168407552e-05
9.361772041069662403e-03 -8.201050191959380342e-03
1.945605892396708170e-04 3.035151755203918320e-03
-2.399389140355170664e-03 -2.274408000588641447e-03
1.228449222747104129e-03 -1.110949650106261150e-02
-4.521514290239786113e-03 4.299524220556809675e-03
4.184346189385733036e-03 -1.058731538055658963e-02
-2.798441196933267906e-03 1.344725722470284726e-02
-5.245153225320752302e-03 -8.839590920563640541e-03
6.143331572547934549e-03 4.502163612057774253e-03
6.400446616421950549e-03 4.195745834810897350e-03
-1.029801173311661790e-04 -3.611010259669387556e-03
-9.744794262629620507e-03 7.879656387115718461e-03
8.407968115928098757e-04 8.799037488362373982e-03
-4.271520359317030127e-04 8.909968638451530240e-03
-5.722821222949900193e-04 -4.918586501475755851e-03
-4.596266658716763537e-04 -3.856725658121665321e-04
-1.046670889137642918e-02 -1.994493665865656844e-03
-3.942877672017442575e-03 -7.746851984095646029e-03
2.078123105009369010e-04 -8.699505983702732290e-04
-2.627478166957531065e-03 7.977208046437801259e-04
2.404689828859808698e-03 7.123670591604667731e-04
-8.276728598348481779e-04 -1.347203636089802517e-03
8.961123447663213448e-03 -7.101286260653949002e-03
-5.292061153445992705e-04 1.252972819930230249e-03
3.566082176881534092e-03 1.817431678970535605e-03
4.622770101238858121e-04 -3.953479049031722453e-04
-7.239774660689713912e-03 1.298405417665955165e-02
-7.242297235438618225e-03 2.408138441528125898e-03
2.997248667254860839e-03 3.428775353772931748e-03
-8.623029308891111411e-03 9.343091861799313752e-03
1.247672131424450766e-03 2.091247056774134944e-03
-7.678965189560162975e-04 7.449183508021504918e-03
1.318975887230390293e-03 3.717566759172175050e-03
8.804210407362348528e-03 8.954098452824637774e-03
5.788664869350694520e-03 -1.172140601763967463e-02
-9.491127831422779826e-03 1.043308433589328239e-03
-3.078355531657612967e-03 5.379937473680448598e-03
-8.698228288658267984e-04 -1.156474851634906043e-02
6.806906976352402293e-04 -4.389380386131156581e-03
1.396506369462250166e-02 -2.641400387129098221e-03
5.743481247555090076e-03 1.291287819035691516e-02
-5.888866872924985313e-03 -4.027560918590673486e-03
3.479674623975505254e-03 1.218818544785323262e-02
1.431813386099138954e-02 -1.039732051417706707e-03
5.891102257267353745e-04 -3.813521881665686911e-03
-7.617975620379914894e-04 1.319809321358453649e-02
1.088153524396491545e-02 -7.056358177866095538e-03
5.690059402604752403e-03 -1.284847165988396538e-02
-9.284241558839893133e-03 4.219343394073470435e-03
2.993927824094414847e-04 -1.445809102835742682e-03
-3.294917143330144266e-03 1.281998837201886498e-03
-7.103936604906158948e-03 -8.180102976947874888e-03
2.727807940037629830e-03 3.594309925739585642e-03
3.289616454825725241e-03 2.800421042287908405e-04
3.306316788755308579e-03 2.904869926932751503e-03
1.373432432376793348e-02 1.211748888818662238e-03
6.050952832224683331e-03 -2.232928530469105617e-03
-1.028102537281301576e-02 7.429705060335047712e-03
1.393603767734948387e-02 -5.407111415115784664e-03
-8.701358059535847789e-03 6.013848012690371780e-03
-6.709514737922398289e-03 -3.671840407970716237e-03
-7.295974619398066033e-03 -6.393389970190078639e-04
-5.679074717086222317e-04 -2.434641884052018632e-03
-5.246207032743466919e-03 6.563330844136395364e-03
6.037701110962056736e-03 1.672173823103944267e-03
-5.965599086741369544e-03 7.265096526286444513e-03
-4.275671122285127322e-03 -1.155069852667168703e-02
-1.268558743216952056e-02 -4.639598204672183701e-03
2.206425087945211583e-03 1.386115753937192455e-02
-7.001754755988597034e-03 -1.188004336427219733e-02
-2.530597006545749067e-03 -1.340178641251006317e-03
-8.812161440120336656e-03 -6.611037040679761806e-03
-1.447041671169541771e-02 -3.134811029372574186e-03
2.275206269003388678e-03 4.911561506637178443e-03
-2.560549061736817119e-03 -5.990411038327798574e-05
5.398074923550165698e-04 -4.377054702787940704e-03
-3.765017416707572805e-03 -7.336528051598191144e-03
-1.636921079408238397e-03 3.195385638666153189e-03
8.674854617011734312e-03 1.796356694454365795e-03
-2.345711756397084180e-03 7.730694379573496743e-04
-4.972391654939867581e-03 8.881740889593477822e-03
-9.175832983499642923e-03 -5.088623493533441997e-03
9.507029896937614633e-03 -5.729431257877716684e-03
-2.350086406982310194e-03 -1.710875179467748327e-03
-6.940381878280271234e-03 1.153824507382380724e-02
-9.368797035898448599e-04 6.498126045247603743e-04
-5.593848741101911833e-03 -7.957314638850153388e-03
1.876409751434401788e-03 -2.080645679765078752e-03
7.151515031946221491e-03 5.478670709930834326e-03
-1.449161946571489099e-02 3.113352736343989041e-03
-3.684964359727536595e-03 -7.423191143515347167e-04
-8.863316249330878416e-03 9.174012559045293183e-04
-4.738203671418124083e-03 1.155852178992522981e-02
-7.245745848105793543e-03 -4.121791734751386986e-03
-4.172020506042517160e-03 1.072819858583681264e-02
5.412539873124868478e-03 1.017060530073185184e-03
4.783003984700169575e-03 -2.121997380379949793e-03
6.032400422458779159e-03 3.234214764533261365e-03
-3.516651674004008833e-03 -1.261083506369526513e-02
-8.676578923344750380e-03 -5.061321782594802900e-03
7.510684155231289521e-04 1.282924875121298301e-03
-9.465550426819924548e-04 -2.720910714694410094e-04
-1.062786881275785446e-03 2.200102243422093901e-05
-7.785553340460810330e-03 2.552629680365541519e-04
2.526222355959381171e-03 -1.143765976172730903e-03
-2.870670990662263673e-04 1.586692308115966125e-03
2.276132306922800264e-03 8.655759477839053331e-04
4.149093445690245525e-03 -7.744999908258182880e-03
3.139983948372546997e-03 -4.675521447277970928e-03
6.408397649179940411e-03 1.852684422666022249e-03
-2.124775494136824094e-03 7.354952691860790551e-03
4.766303650771729419e-03 -4.746825203085271346e-03
-9.050724074228449351e-03 -1.177176255843525102e-02
-9.727167890781767898e-03 6.458498650967765820e-03
3.630360937850038092e-03 1.740827234658816162e-03
-5.259330984501429593e-03 -8.885030081361771845e-04
2.012790536624953219e-03 6.780020225314733334e-03
8.303232040870575821e-04 5.661831653744637399e-04
-1.023957755407317247e-03 -7.647320479431654952e-03
-1.384180686119447978e-03 4.050232439941779585e-04
-2.518271323202534058e-03 -1.199295435970782874e-03
2.053343968825077897e-03 2.375663811588152232e-03
3.035151755203918320e-03 -1.945605892396708170e-04
4.777575526691085761e-03 1.079697976689635019e-02
3.611936297587438685e-03 -4.148965676185580737e-03
1.294017990129577370e-02 -6.242735307707480280e-03
-1.040070582407376550e-02 1.193866977961698626e-03
6.865341155487211279e-05 2.407340173112017777e-03
-1.227395415324388428e-03 -4.293425263637425278e-03
2.866040801065643327e-03 4.363004713111709627e-03
5.862618969410203149e-03 -1.087610678595583164e-02
-2.078921373430919935e-03 1.388555336704674209e-03
-2.122125149884614582e-03 6.573932221145451990e-03
1.095376503769140974e-02 -9.476024034322690082e-03
9.775544586235435790e-03 -1.848980270991096818e-03
-4.582088899533365116e-03 -1.180781357054684622e-02
-7.478337294797826607e-03 7.823328658904060706e-03
5.124546736140590981e-03 6.649738397043566084e-03
3.274512657725636364e-03 1.227711557550952709e-02
-1.784031011111150786e-03 8.815737822291957321e-03
-7.024994837435526857e-06 -1.702924146709759116e-03
3.779195175888250963e-03 -6.145598608292732971e-04
8.106021107383919178e-03 3.407700369258122395e-03
-3.285114034735834437e-03 -9.153033692649314296e-03
1.114992216375943271e-02 8.181029014867287341e-03
-3.065103810394986372e-03 1.474835120107398931e-03
4.829656373820821400e-03 -7.774440885437178955e-04
-1.252283097395837964e-02 7.767799199107151484e-03
-6.048302487973615700e-03 1.451908059755127513e-03
1.947841276746148202e-03 -1.181126218321401980e-02
-1.853610460585434702e-03 1.045438320803321330e-02
1.032582568609620444e-02 2.006819349208872720e-03
-6.490143361100133602e-04 6.374070943402503596e-03
-4.864909117517668934e-03 3.619759560840981466e-03
4.521514290239786113e-03 -4.299524220556809675e-03
-2.380964500092570824e-03 3.615384910255755452e-03
-7.851684177266777045e-03 8.423838530055960394e-03
-1.920411796302843666e-03 -4.492808278649268201e-05
-2.585998696836852486e-03 -7.652621167937434868e-03
-8.833364194139811665e-03 -3.628732749631985791e-04
-1.342828985503434838e-03 3.311617477258585289e-03
2.685657971006650234e-03 -6.623234954519672917e-03
-7.404670385127113275e-04 -4.407006757979009190e-03
-4.421982785574433278e-03 1.380604303947826879e-03
-9.198887813355219323e-03 9.251511389891950779e-03
-1.462637206268629485e-03 8.432715600733362710e-03
-1.525063891399671204e-03 4.173489273373930759e-04
1.035485170335785025e-03 4.772530377195292883e-04
-5.404588840366878616e-03 -3.360121942218060286e-03
1.277199498507669215e-02 -5.731155564211875934e-03
-4.048635903105482839e-03 7.800944327959271913e-04
5.433614857639896406e-03 6.125832970204745861e-03
-4.473137594786117353e-03 8.909042600533479545e-03
-1.088763420088430071e-02 1.307448472301922515e-03
-3.001623317841229169e-03 -5.912719971196668534e-03
4.954765283092014971e-03 -7.460583153445526916e-03
1.136581327652302215e-02 -6.388919201493483205e-03
-4.342727997010504756e-03 6.638625942009923186e-04
1.942412818737064605e-03 1.107714964062278236e-03
-7.810204707153387774e-04 -2.650344252209404193e-06
1.340976909664611232e-03 4.780353640447960496e-03
6.039584838188559977e-04 6.903277058745962286e-03
5.545599815152908729e-03 -8.009139946972138047e-03
6.402170922756109800e-03 7.460710922949972262e-03
-7.017784591008098365e-03 4.163015665861812681e-03
-8.694333064697050070e-03 7.716772159401272778e-03
-3.491329808407277364e-03 6.338818199705656062e-03
-6.116955899527345281e-03 -9.554321133582511540e-04
-3.229584574937782900e-03 -1.419752737181122909e-02
-6.816997275344596936e-03 1.590140920781780553e-03
4.333052657919498826e-03 -1.585766270196554539e-03
2.990223672416064855e-03 1.725851207062031184e-03
-1.113334959933429472e-02 5.800735013684798526e-03
8.865168325169483013e-03 -9.009372373613579177e-03
2.561347330151563916e-03 7.370854757375627092e-03
1.067107258921040809e-02 -5.405387108781625413e-03
8.876440201088841089e-03 6.534432596368043231e-03
2.417015512203023707e-03 8.532502644406901073e-04
1.333153646412428691e-03 -4.233521153254147726e-03
-1.033760864004128980e-03 2.787712050419765934e-03
-5.270730629925451591e-03 -5.075371772272176292e-03
-3.970307152460965903e-03 4.109338281902365740e-03
8.250225155837805470e-04 2.128224106803780404e-03
4.765377612852316966e-03 -7.008396442319984529e-04
-3.355619522127027167e-03 -3.468402748055005730e-03
8.186201933867260153e-03 -1.355026899341984625e-03
-1.360219041965930395e-02 -6.191963807010713444e-03
-6.833825378777484173e-03 1.032224930392458377e-02
7.201903224126489887e-04 6.609184964842299524e-03
-1.510087863804246682e-03 -2.227883380977222589e-04
-5.580852558848396240e-03 1.085145541927054307e-02
7.819880046238247145e-03 9.484071185194551702e-04
2.446967567394091759e-03 -4.270242664270382238e-04
1.355825167755856254e-04 1.549715258084959774e-03
-1.074847530193687520e-02 -1.969842299179227693e-03
6.647886321204039047e-04 2.967424381572320805e-04
-1.450394514905810686e-02 2.972469531063766032e-03
-4.163143435367619785e-03 4.339151614838884091e-03
-8.104424570555568766e-03 1.121420092472793541e-02
-7.325798905083327414e-03 -1.071600067199826242e-02
8.258431727593752714e-03 -3.774692755798578735e-03
8.986573082763248815e-03 4.914307969002074464e-04
2.977770219569545081e-03 1.294190420762857119e-02
2.184551835014295843e-03 1.441434452249374569e-03
1.237399673592130996e-02 -5.412412103620421397e-03
-8.326159101229432466e-03 -2.678632976169214273e-03
4.337427308505867156e-03 8.981783472271828977e-04
7.070663706546870741e-04 -8.426488874302726995e-04
5.048868329746922234e-03 2.539474077220647309e-03
-3.667337987881044443e-03 -2.163476850500628372e-03
1.229726452210378428e-02 5.880245341258057493e-03
-2.254386823487899982e-04 2.291108334518224786e-03
1.287232475815564686e-02 -1.339124833827149384e-03
4.640013164580443581e-04 2.869617183235903535e-03
-5.121896391887020145e-03 -7.430758867757763196e-03
-4.293425263637425278e-03 1.227395415324388428e-03
1.018784836407344001e-03 -2.147574784985791831e-03
-5.162577593592951493e-03 8.330533751815799928e-03
-4.661599227106403773e-03 1.162280055089373425e-02
-6.701691474668854641e-03 5.342034385732533433e-03
-1.261163333211001020e-02 -3.794298972988339839e-03
1.268332156039917152e-04 -3.418173976763875556e-03
2.087798444108320949e-03 -7.777602307702821335e-03
1.031097742800408251e-02 -8.709979591202773874e-03
-7.595239632303062496e-03 -1.055046610003139082e-02
2.152077205076824516e-03 -7.854206752014541645e-03
-1.322884353719035178e-02 -6.792473678162613132e-03
1.895760429616413214e-03 -2.368383277739542032e-04
-5.490070355355999507e-03 2.964646267811583275e-03
1.110419581255933305e-02 2.790490164176421227e-03
3.370723319227116477e-03 -8.528670723225731387e-03
2.212779583873707850e-03 -3.103805166757648334e-03
5.214402901714937019e-03 2.808914804439020634e-03
-3.639110239021632002e-03 -6.708716469507651492e-03
-6.831047265020610305e-03 -1.815707372636376788e-03
8.434471558463802789e-04 8.018017017648178604e-03
1.801529613455699281e-03 1.120040647406854136e-03
1.179561449279515912e-04 2.970872994235413886e-03
3.148733249544141341e-03 2.923677875708641846e-04
1.853482691082129936e-03 9.025529978135506852e-04
-8.411512846712746252e-03 -7.710800971986554037e-03
-4.226496158406701652e-04 3.697705002964546059e-05
-1.036465481196353206e-02 5.662502152655642280e-03
6.449749349794812320e-03 4.759278655931790253e-03
-1.281200568787139917e-03 4.016033503662204407e-03
5.282800774265485749e-04 2.793012738924184092e-03
8.055440678973232321e-04 1.164135296066078074e-02
-4.305623177476194940e-03 -1.027042399580396087e-02
3.383847270985078717e-03 -1.076836870953159272e-03
-2.395940527688214354e-03 4.255522175688368665e-03
4.447784077806979375e-04 -1.033112637460084290e-02
-3.166359621393135832e-03 1.128789948578448046e-03
-3.960631813369959106e-03 5.031241957897927310e-03
-2.891618205670124474e-03 -5.987855648177410877e-04
3.690265048233316511e-03 -8.197218270780009565e-04
-1.431548351673781957e-02 2.587115807035095943e-04
1.056687924356401048e-03 -5.770910727998394829e-03
-1.547064913833892143e-03 -6.454379539383923699e-04
-1.298060556399259491e-02 -7.098444844127029321e-04
-1.066232328803881461e-02 1.037327634363045988e-02
-8.861591942997862348e-03 4.182366344044965989e-03
3.120505500687231239e-03 4.837607406577668079e-03
-6.483150017653054389e-03 -1.000893430134357567e-02
-1.689831846338287792e-04 -6.799370903496744327e-03
-1.635069003569634017e-03 -4.896585479042895803e-03
1.390279643038832592e-03 5.343886461569995715e-03
1.425532386735680343e-03 2.501570989272732144e-03
-5.552497040487040791e-03 -5.050720405584384516e-03
-1.046086547347344423e-03 2.646828845139542058e-03
-1.686096043276653304e-03 -8.725083388302865353e-03
1.391205680956883505e-03 1.297900902715581157e-03
-4.077789689882945975e-03 9.371319610657364435e-03
-8.523242265212784127e-04 -1.628970046650249403e-03
-5.946248408559358552e-03 9.108903878277568519e-03
1.193716936089745870e-02 2.575652858836906429e-03
9.914831254687040372e-04 -1.648320724830900155e-03
-4.082962608882918787e-03 -4.235756537600819140e-04
-9.154757998983473546e-03 2.014894659675865729e-05
-5.628175446879346913e-03 -9.160984725406162710e-03
6.005098711518997963e-04 3.733468824689513605e-04
8.783135422848680623e-03 3.845326012694217678e-03
1.427256693067336171e-03 5.766536077412027367e-03
-1.875483713516350875e-03 -1.965339879089336456e-03
-1.081712871349310712e-02 -4.377182472292386918e-03
2.695205540592991375e-03 5.655604927321511086e-03
9.351553972581890320e-04 -3.914777692664054946e-03
4.480960858039661002e-03 1.048321931697705593e-04
-1.141591427831084929e-02 -1.485564266622262444e-03
1.346277598170390714e-03 3.218312699018424823e-03
-4.340492612658344244e-04 -4.149891714104992323e-03
7.028385968017155858e-03 -7.287097548720665452e-03
-8.575323112346601787e-03 -4.715276611065851581e-03
-7.424659910838378798e-03 1.087080609745119490e-02
-4.772530377195292883e-04 1.035485170335785025e-03
-1.020521919691604398e-02 1.830331743112026052e-04
-1.260460833727121421e-02 -2.091374826277438842e-03
-2.823763062529999809e-03 -5.502396038698072200e-03
-6.477178830239477096e-03 7.096911610067581540e-03
-4.532115667248841871e-03 7.423606103415662447e-03
-2.402965522526791763e-03 2.552598028979970006e-03
5.910995664863871041e-03 -6.266588405979162633e-03
5.645549771496078534e-05 -9.090479238014969113e-03
-7.216847600337441410e-03 1.000085549908092189e-02
-1.118316341072695752e-03 5.066494701594774844e-03
-1.028523478278624975e-04 -1.496794646551615100e-02
-4.677373523116794100e-03 4.951987169333998788e-03
3.889200288059355224e-03 4.699374545549654149e-03
9.658386709723590369e-03 2.491097381766978983e-03
-4.908911162386110812e-03 1.494185798289410574e-03
-5.946248408559358552e-03 9.108903878277568519e-03
6.441000048623217109e-03 -2.086105789170446430e-04
1.059964106389980551e-02 4.325229394665956045e-03
-4.163143435367619785e-03 4.339151614838884091e-03
4.094362254308083100e-03 4.610444417894719697e-03
4.324175587243240561e-03 4.803280700800232131e-03
9.766348673777257294e-04 -1.236511966524390937e-02
3.830222215599571279e-04 3.213938048436624237e-04
9.860898331720109600e-03 3.183187724827383960e-03
5.032295765321784242e-03 -1.144228995133143856e-02
-1.481860114946195132e-03 -4.768027957105886935e-03
-5.633603904888431595e-03 3.757992421870137711e-03
-4.348028685514923782e-03 2.225903535631669657e-03
7.861231746853117319e-03 3.855001351785223608e-03
5.265557710923898663e-04 -4.719523492148915795e-04
-9.414523387111059516e-03 1.107587194557832673e-03
4.728528332327118153e-03 -1.248042546592079312e-02
5.112348822300679003e-03 -4.848081014083420806e-03
8.381688561024981665e-03 -2.365860702992481079e-03
2.351140214409373763e-04 -1.369204658524023240e-03
-4.495138617220338292e-03 7.846255719257693231e-03
-5.618627877293006639e-03 3.117855156435022160e-03
2.516547016868375241e-03 -2.065669652168293340e-03
6.716539732759833382e-03 5.374764554680474919e-03
-3.297695257087018134e-03 1.341995551376284554e-02
1.655345719666536774e-04 2.694407272172316052e-04
5.103599521129085527e-03 -9.815970248932255268e-03
-1.138861256737199075e-02 -1.984818326774651781e-03
6.181362430000295061e-03 -1.047810853680159263e-02
-1.928362829055123523e-04 2.298133329351578129e-04
4.226496158406701652e-04 -3.697705002964546059e-05
-2.300783673609230716e-03 -1.147342358344352001e-03
-1.406009277919796283e-02 -3.312671284682442222e-03
-7.325128406174387721e-03 7.951886180841069574e-03
-5.761235388907388899e-03 -1.347842483608386113e-04
-1.485436497116455774e-03 5.897807246386639959e-05
1.203060190864342627e-02 -6.092176763336249606e-03
2.806136690682364907e-03 6.923553774848526313e-03
4.513563257482938566e-03 -1.956462808413296332e-03
-2.617802827866525135e-03 1.719624480639342454e-03
2.321986427628704858e-03 -5.100821407372210792e-03
-6.401372654351154433e-04 -1.497602759542457579e-05
1.227804161342757779e-02 -7.320498216580050704e-03
6.433049015865228114e-03 2.134450833227830458e-03
-2.974449376405893537e-03 4.944962174495202804e-03
8.511044351378097353e-03 4.791881055377571023e-03
1.211688169204615251e-02 -5.105994326372183603e-03
1.654419681751426868e-03 6.740392831031517470e-03
-6.016626126448388831e-03 3.436598617026475396e-03
-5.749324665460576501e-04 -4.137566030761777314e-03
-4.095160522721687582e-03 -1.192139506488842926e-02
4.191243414719864231e-03 2.472544971999933797e-03
7.154165376197289122e-03 4.697650239216856656e-03
-1.370928964856821383e-03 -3.500079109578871275e-03
-1.680795354770873822e-03 -1.028712432973240103e-02
2.879292522326909465e-03 4.579023595375178619e-04
-7.774153695035646017e-03 4.442131732171191935e-03
1.230971797496009310e-03 -5.335807659311861753e-04
7.648118747846401749e-03 6.286992891585032293e-03
5.461970376001251855e-03 -9.776342854650182587e-03
-3.712266070667537450e-03 -2.430650541977844893e-04
2.513768903111501807e-03 1.007228702439266765e-02
-5.011763510212612419e-03 -1.347376066722559898e-02
-8.181252902496492438e-04 1.093163624575274259e-02
2.992874016669634825e-03 9.448307363478340715e-04
3.324070930107606969e-03 -9.873224015063325476e-03
-8.982198432178022801e-03 1.992513820524891097e-03
4.795201898540081553e-03 9.375822030747035796e-03
7.540763979928867891e-03 1.920380144919075181e-04
1.014451681811916195e-02 -4.933434759568094616e-03
-2.685657971006650234e-03 6.623234954519672917e-03
6.065130591406721512e-03 -1.018401644289542753e-02
4.245846836598723625e-03 1.474036851693794233e-03
-8.982996700592988173e-03 -5.318436826469961215e-03
-6.493751394663253330e-03 -6.884852418483362012e-03
8.901219337279936764e-03 -4.540737198917132317e-03
9.008286914807526503e-04 -5.118447779220064268e-03
7.106427528263082813e-04 -5.669654916998884478e-03
-3.486029119902639764e-03 4.776777258277481279e-03
-1.957388846331347028e-03 -4.675776986285235751e-04
-2.649479189391751571e-03 -2.650660766320054283e-04
8.298857390290573927e-03 3.177887036321604044e-03
3.575885285476985802e-03 -8.617600850882025862e-03
-1.650172800670864776e-03 7.100487992239203072e-03
-3.257940093300498805e-03 1.704648453042556825e-03
-6.438477473874312795e-03 1.078452631404846866e-02
-8.298985159793877825e-03 8.179049169525160271e-03
-1.603616529666802154e-04 9.525454537200215774e-03
-4.613509722058348455e-04 -3.650637653951242529e-03
9.285838095668245279e-03 1.040255789991258867e-02
-9.584432609662940292e-03 -1.645798150084496880e-03
1.730225857648398863e-03 -5.062790549923276359e-04
-4.304824909062590459e-03 -2.959473348810249572e-03
-6.808247974171642569e-03 6.558030155631756897e-03
-2.375536042083487443e-03 -9.303592237020544969e-03
7.644797904683892087e-03 -1.159987349054010172e-02
-7.810204707153387774e-04 -2.650344252209404193e-06
-4.267847859031583674e-03 -2.536823732968438230e-03
-6.412900069269831214e-03 7.020307165754501207e-03
6.354848034725157392e-03 -1.255172922172673178e-02
-1.441434452249374569e-03 2.184551835014295843e-03
-9.137259396640284859e-03 9.955927416294429316e-03
-7.098635916400379033e-03 -9.742143918377410561e-03
-8.666903584253746184e-03 -4.139418106599239595e-03
4.799704318629752914e-03 5.028304423240104355e-04
1.095389280719063010e-03 -2.083296024017287831e-03
1.060506952190888932e-02 -8.593747752610342641e-03
-1.748650497910998703e-03 -5.383513855852069263e-03
-9.990381891575169163e-03 1.016006722650469700e-03
-9.837971271366475340e-03 -6.166386402404870973e-03
4.033659875511200199e-03 -1.399571673621725302e-04
7.730694379573496743e-04 2.345711756397084180e-03
7.556666045443704433e-03 -4.494084809796481360e-03
-2.332460035134457151e-03 -3.132032915615699884e-03
6.251612378383300311e-04 6.551132930293980831e-04
-2.166127194751696003e-03 4.448358458595022547e-03
8.190704353958293271e-03 -1.022801848776386940e-02
-3.810743767909031618e-03 -1.272706690229019957e-02
-7.111217138752705044e-03 1.283084528803611277e-02
-4.941513561829388376e-03 3.555480799872477466e-03
2.787712050419765934e-03 1.033760864004128980e-03
1.804978226122655374e-03 7.649970823683864898e-03
1.117192318619365278e-02 9.243815896143073654e-03
4.715276611065851581e-03 -8.575323112346601787e-03
-9.077259168148842788e-04 -7.941412573336458294e-03
-1.858911149091213751e-03 1.201642414946274898e-02
-4.684398517954230061e-03 3.249063022624239672e-03
-8.017218749233431807e-03 8.154397802838728518e-03
1.466213588440250584e-03 -1.325972163030197243e-02
-1.277279325349029576e-02 -1.579795082781834496e-03
2.243529907479522700e-03 2.926870949366972008e-03
-9.492053869344207594e-04 5.089293992433951584e-04
4.179843769296060808e-03 -1.714323792133562755e-03
3.663218876301551057e-04 -2.303434017862800685e-03
7.247470154439951927e-03 7.386756822890463633e-03
1.404329632715064103e-03 8.749734754990655394e-03
1.880912171525434690e-03 -1.095363726818696266e-02
3.073438151662887061e-04 -3.788870514979256025e-03
3.608934296210706411e-04 1.061554312941349887e-02
-1.418507391895742261e-03 -7.986468425631917121e-04
2.358835708153904538e-03 6.678764414316583006e-03
6.126759008122797424e-03 -9.479600416494310747e-03
2.433715846132606612e-03 3.478078087144650336e-03
2.862592188398468442e-03 -2.166925463167803691e-03
-3.583708548721660568e-04 -3.962739428207381941e-05
2.306116013512655820e-04 7.503786929899003422e-03
-5.192401879280716080e-03 -1.746127923163235188e-03
5.921469272369623768e-03 1.966265917008748042e-03
-4.421982785574433278e-03 1.380604303947826879e-03
-1.359529319433017743e-03 6.867896545546248437e-04
5.325461821307395441e-03 -7.280072553883229491e-03
1.742551540991614089e-03 -3.653958497121043017e-04
-2.235578874722675587e-03 -5.269932361510486218e-03
-2.749010694057103538e-03 2.653853839976977585e-03
9.025274439127272535e-03 4.179045500882456327e-03
-3.399462146095660539e-04 5.850165516562323351e-03
1.092068437549967904e-04 -1.997016240614562892e-03
-4.170966698619801676e-03 -4.674723178863224131e-03
-2.760282569976462048e-03 -1.288995113000464265e-02
-6.102778140346668857e-03 -8.906520025785714945e-03
8.196803310876316778e-03 -4.479108782200837829e-03
-3.365294861218032663e-03 -4.390306424050568167e-03
4.576915980532030546e-03 2.012918306128257118e-03
7.691322524300095963e-03 1.101616007144254512e-03
-2.373939505253993415e-03 5.318309056964154111e-03
1.033642706310526106e-02 -1.117262533649980051e-03
1.356080706764700543e-03 -7.216719830832776621e-03
3.007722274760613566e-03 1.166162967676084329e-02
2.992874016669634825e-03 9.448307363478340715e-04
-6.568375993635567917e-04 -2.639803850300746074e-03
7.730023880663900240e-03 4.789230711124000187e-03
1.490609416117789909e-03 9.735917191954723132e-03
5.661831653744637399e-04 -8.303232040870575821e-04
6.743841443699834237e-03 4.875510494526725559e-03
-1.217758407084417599e-02 3.555927411166524832e-04
1.163247588998338015e-02 5.583502903100824762e-03
-7.070663706546870741e-04 8.426488874302726995e-04
-1.722274824891551533e-03 -1.836782357151186358e-03
3.061527428223365273e-03 3.352170909461212305e-03
-8.020539592395941469e-03 -9.732468579286404631e-03
2.078123105009369010e-04 -8.699505983702732290e-04
-4.380503315454897448e-03 -7.069737668632027766e-03
1.763754295011088231e-03 -6.613559615428666986e-03
2.118548767714135798e-03 -1.746926191578200994e-03
-2.667903829661640285e-04 -6.154858987473243179e-04
-3.831276023018204743e-03 1.218898371626683796e-02
-1.494185798289410574e-03 -4.908911162386110812e-03
1.197571129636624057e-03 -5.783236411341610705e-03
-9.337918942797979183e-03 1.171865955527478555e-03
7.008907520331840099e-03 2.226031305134973555e-03
-1.428182730986747974e-03 -1.720550518558753824e-03
-5.394785731772568788e-03 -1.379515447206926086e-02
1.452834097673178209e-03 2.002316929119200492e-03
3.308967133007517658e-03 2.123849456217412508e-03
-1.465159781016393218e-03 -2.143200134399424368e-03
5.239054268400225589e-03 3.090681215000827976e-03
-6.665384923550652513e-03 -1.290320285126591096e-02
1.319901925149801879e-03 -3.284187996810979506e-04
-8.092482195722482292e-04 4.542589274754595466e-03
-4.948410787163519571e-03 -9.504379552684044663e-03
1.324037095211996057e-02 -3.775937635508734222e-04
-6.231463431788122204e-03 2.603625068685847411e-03
7.105788680743621230e-03 8.813185924018765438e-05
5.975274425832375474e-03 -6.343192850290882076e-03
6.351271652553535860e-03 -7.724723192158121192e-03
2.212879193752570472e-05 -1.029414932457097843e-02
-5.844864828056544302e-03 -1.901987156039102161e-03
2.562401137574279834e-03 -8.032067007324408814e-03
-3.983558873722231608e-03 8.014440635476556204e-03
5.135275882654311529e-03 -7.831279691660909120e-03
4.952913207254551822e-03 6.313879642621607509e-04
-1.056687924356401048e-03 5.770910727998394829e-03
9.309818963445735604e-03 -7.983562542366295575e-03
-8.457494736923094891e-03 9.612532589017687076e-03
-1.165897933250863508e-02 2.226701804045275006e-03
3.211159934675182626e-03 8.307734460966833059e-03
1.042787976550932014e-02 9.663815167732674183e-03
-1.357006744684112996e-03 1.126270538968604865e-02
-6.834623647192231838e-03 3.011298656932234665e-03
-1.290572542601367209e-02 -3.910530811582133698e-03
1.005533115144716973e-03 1.757527568587257619e-03
1.088364285881627484e-03 -3.786220170727046946e-03
2.846690122883631900e-03 2.519197361120585187e-03
1.628970046650249403e-03 -8.523242265212784127e-04
-9.569456582068657652e-03 -2.285935415518251541e-03
7.383180440718842101e-03 -2.420464124871340474e-03
-3.783569826473476977e-03 -1.869384756595824162e-03
1.040773081891256321e-02 5.090571687492023711e-04
-9.473533110955978040e-04 -7.583041718463150518e-03
3.991382136975774389e-03 9.994341582266930320e-04
-6.867896545546248437e-04 -1.359529319433017743e-03
1.277624186615518818e-03 8.109725259064068294e-04
1.055033833052694374e-02 3.761696573545062709e-03
6.938402032939505922e-03 7.910662249730643011e-03
8.797537069645828406e-04 -1.022722021935026579e-02
1.426330655149285476e-03 9.812521636266439973e-03
-5.182854309693014049e-03 1.053271195867909113e-02
2.248830595983941725e-03 1.364830007936294670e-03
1.062786881275785446e-03 -2.200102243422093901e-05
4.584867013288878093e-03 -3.301431060152566592e-04
-1.028884863606655854e-02 -1.584169733368202826e-03
2.112322041288944297e-03 3.861100308704607572e-03
5.710208349201511061e-03 -3.693713660900491830e-03
-4.376256434373193907e-03 6.771143154637332753e-03
-9.905570875492924511e-04 -2.397664834022372737e-03
7.537187597753382479e-04 5.019044044059596315e-04
4.897064905671896437e-04 -1.225153817090368635e-02
-6.780403533830307167e-04 3.608359915415817153e-03
2.604551106603898106e-03 2.185477872933707429e-03
-2.858089768308796647e-03 -6.706066125255222971e-03
5.925045654541244433e-03 -2.860740112559863844e-03
-7.878985888205417010e-03 8.923092590210852937e-03
-4.353329374019561382e-03 3.787944477059845307e-03
1.079340338472472779e-02 4.943050287752569216e-05
-7.074112319219755252e-03 1.896558698030018347e-03
-5.664481997998910799e-03 9.084252511591138501e-03
-4.499385498302260408e-03 -5.994625104014167892e-03
-1.159642487787428816e-02 -1.114867728405521084e-03
-2.121869610886656333e-04 -1.613994019054605655e-03
7.870108817529376452e-03 -2.534045619211563929e-03
-3.732542786767599572e-03 1.959113152665505845e-03
-1.273409189712763553e-02 2.107819621199272069e-03
3.689339010313904925e-03 3.226263731775272370e-03
-2.800037733762980510e-03 -1.174644069284352639e-03
-6.113379517355724616e-03 -5.782438142926863041e-03
-3.508828410751826509e-03 -3.596960269993156045e-03
-9.702803714492301123e-04 -4.599843040885663072e-03
5.882895685510265704e-03 -1.307828499281912284e-02
-4.082962608882918787e-03 -4.235756537600819140e-04
3.675289020637891556e-03 -1.795845616428854048e-04
3.027072952941264536e-03 1.350543702875082672e-02
2.323710733962863241e-03 -1.835856319233135229e-03
5.723332300958332286e-03 3.758120191373441610e-03
7.602520166149607725e-03 -1.046048216495259857e-02
-8.881740889593477822e-03 -4.972391654939867581e-03
2.379112424255108108e-03 4.476586207451931781e-03
-5.327186127641554692e-03 4.015107465744154579e-03
6.421649370441425558e-03 -2.052417930905666744e-03
-3.604783533245337936e-03 -5.505046382950282147e-03
7.510684155231289521e-04 1.282924875121298301e-03
2.016366918796574318e-03 1.953014195746121014e-03
-1.080055614906797086e-02 9.604581556259697214e-03
-2.391438107597181669e-03 -4.617469412733516548e-03
-6.141607266213776166e-03 -1.237198523918698039e-03
-3.720089333921080665e-03 -9.256939847901034593e-03
-1.125740470118277367e-02 -2.919047686113429227e-03
-4.451008802847451068e-03 -1.385106724038859781e-03
-4.428209511999624780e-03 6.988630804230635228e-03
-3.920876649584581659e-03 -6.684065102821002899e-03
-7.089184464932913460e-04 8.934620005139320281e-03
-7.061403327352755964e-04 -3.203336671422999868e-03
9.433075796878106004e-03 -6.574730489561559678e-03
9.604709325764144295e-03 -5.563800567801539115e-04
-4.157842746861839869e-03 2.777110673409348418e-03
7.277549979134324311e-03 -5.250453913824029012e-03
-7.956260831427437036e-03 -9.809073023598124941e-03
-4.230870809001937780e-03 -2.114174117127767902e-03
-1.034092948319629418e-02 9.990254122071863530e-03
-1.293660351912415130e-02 1.415729278138867960e-03
1.634270735156028885e-03 -2.414365167950814194e-03
1.053893868510177856e-02 -4.251721905895750747e-04
-2.869617183235903535e-03 4.640013164580443581e-04
7.126065396843683786e-03 -2.114046347623102680e-03
-3.096780171920212807e-03 -5.098554371639487347e-04
-1.658123833427712756e-03 9.443549404382717283e-03
1.532088886234385329e-04 1.285575219370082439e-04
2.000592622785042109e-03 -4.717799185812254423e-03
1.284859942938841072e-02 -5.666876803243371501e-03
4.226496158416711765e-03 -3.697705002973304244e-04
3.990583868562169040e-03 -6.311516488767016965e-03
-2.962123693063819976e-03 5.085845379776786704e-03
-3.624261980930653694e-03 4.008082470905357728e-03
-8.383412867359140916e-03 -8.991043851465942670e-04
3.937704753016326581e-03 -2.048043280320439863e-03
8.454844392670886680e-03 -8.831512118302348516e-03
-9.261314498486260607e-03 1.236144716495982121e-03
3.433948272778833627e-04 6.797646597158284263e-04
7.115687907457198674e-04 -9.715640475852157371e-03
1.489811147704184560e-03 2.424966544961012702e-03
-1.574366624772750682e-03 -1.461838937860030331e-04
5.434668665063753339e-03 -9.277088794496650068e-03
1.343758188561069988e-02 1.876537520939067227e-03
-3.701664693658480391e-03 -3.367146937056637260e-03
-4.278225348431450442e-04 -9.757918214387581446e-03
-9.036003585640774508e-03 1.030197258782452122e-02
9.183272938239409044e-04 4.817330690477605523e-03
-2.122795648794696156e-03 -1.209395463169251825e-02
4.394777192749180217e-04 -8.769085433171307231e-03
4.336501270587816460e-03 4.944163906081597455e-03
2.501570989272732144e-03 -1.425532386735680343e-03
2.602699030766435391e-03 1.027744899064139336e-02
-2.114046347623102680e-03 -7.126065396843683786e-03
-7.328577018841343597e-03 1.421956004564059028e-03
-4.892083058951862684e-03 -7.237922584852250762e-03
2.244455945397573829e-03 -1.119114609487442550e-03
-2.841389434377852418e-03 -4.081238302550120427e-03
-1.294892920246736717e-02 1.274846072858644951e-03
1.465185334917826904e-02 -1.281871067697441802e-03
6.614485653348078573e-03 -2.282231263842185096e-03
-5.034020071654802045e-03 8.177324863191001020e-03
-7.357603036114360520e-03 -1.343755023422626982e-03
-4.648347505843777178e-03 7.717698197320685231e-03
-7.264170488378403822e-04 -1.001158464559490958e-03
-1.274973842363309306e-03 -1.591992996621745607e-03
7.623595150664417078e-03 -5.351709724823539363e-03
-4.516756331148291323e-04 -2.728733977955680526e-03
1.768128945597456127e-03 -4.129614998004930634e-03
5.869516194744335211e-03 2.183753566600690928e-03
1.701199840376742397e-03 -3.271990082977872197e-03
-1.080665510598735612e-02 3.855671850695523758e-03
-3.358269866380597136e-03 -2.687382277340808617e-03
2.051619662487274968e-04 -8.893012765493441094e-05
-1.454558404007336592e-03 -5.267282017258276272e-03
3.979056453632559380e-03 8.585509529464695894e-04
-5.460342187749839520e-05 9.985081203072814458e-04
-9.649796829445922951e-04 -6.161883982313837854e-03
-1.135786224376617547e-02 4.045857789349969862e-03
4.445708114342812600e-03 2.947147665467034564e-03
8.617728620385331495e-03 -7.781050920369777212e-03
-1.017446887331022870e-02 6.213709290435824248e-03
9.566934007319751604e-03 -8.289980319613173346e-03
-3.950030436359542457e-03 1.907160075040217071e-03
7.547788974766303852e-03 1.894962161201666200e-03
5.665280266413658464e-03 -1.773301864598789829e-03
-7.827831078995093825e-03 1.394654293624059040e-03
-2.028692602139789327e-03 -2.093897401026344456e-03
-7.062681022410827007e-04 8.153599534423981721e-03
-6.752846283880538716e-03 1.287047268231818545e-02
-8.629000496304689571e-03 -7.762754049611842594e-03
-1.125395608851445517e-02 3.610882490164722333e-03
-4.199992715896025885e-04 -7.440434206843325347e-04
-8.394812512784304362e-03 -5.085973149281232050e-03
2.331661766719710354e-03 -4.178917731376649222e-03
-1.067544723979677729e-02 2.921442491357888194e-03
7.488810902303578466e-03 4.095256640838499697e-04
2.487520999595357885e-03 -4.831380680154978915e-03
-7.179870550307577808e-03 1.042350511492409412e-02
7.146214343440442443e-03 7.040711651360369999e-03
2.940122670629599470e-03 -6.148632261052572150e-03
-8.045190959083733245e-03 -1.001423498984799383e-02
8.456440929499237091e-03 5.790389175683710588e-03
-1.653621413336679637e-03 5.705578159608317443e-04
-2.638079543966587257e-03 3.921802687502632355e-03
3.954277317441464573e-03 1.193372074823164514e-02
-2.408266211031429363e-03 4.114638970408144789e-03
8.177324863191001020e-03 5.034020071654802045e-03
-1.226466212266050584e-02 -7.941540342841123951e-03
1.230879193703339480e-02 -1.289822100455429929e-03
-2.658643450467522255e-04 -4.661471457600596668e-03
4.512637219563526980e-03 2.089522750439976560e-03
4.812956039891238061e-03 -3.402271911247678558e-03
-1.274175573948343500e-03 5.718957650373106272e-03
4.832306718074391369e-03 -1.558464559257914574e-03
8.128948167737553437e-03 4.245016916806349482e-04
6.700893206261834953e-04 -1.265298503272303809e-03
1.342180758960031042e-02 -4.794275860620669100e-03
1.041475581375113889e-02 2.211981315457600163e-03
1.546138875915841230e-03 4.691423512792807470e-03
2.466414363694064554e-04 -8.539272100236148036e-03
9.304518274939955688e-03 -6.421521600936760769e-03
3.595235963658997228e-03 -6.773793498890902723e-03
-5.257478908662824996e-03 -8.980474125845225308e-03
4.453659147099660147e-03 6.040862533235210035e-04
4.215096512991547452e-03 -4.556639264431967991e-03
-2.649606958895055903e-03 1.109187012921475715e-02
1.027479864638918515e-02 -1.821678560051096830e-03
4.504686186805537118e-03 4.432584162584851661e-03
2.203104244782701920e-03 -4.025708842753210337e-03
-9.245540202477716242e-04 7.906958098063444906e-04
-2.040220017068257972e-03 5.076170040685781641e-03
1.054331333568814602e-02 2.058772426834161277e-03
-2.056792581493395097e-03 -8.905593987866304226e-03
7.834983843338335155e-03 -1.104866635276128238e-02
7.467608148284104325e-03 6.657689429800412763e-03
6.020074739115563282e-03 3.093331559253037488e-03
-1.232376796462903747e-02 1.929959365888042275e-03
2.617004559451777904e-03 -9.030575127631690693e-03
4.359428330940088095e-03 1.960965228502968560e-03
3.455949295207125498e-03 7.860433478438370522e-03
1.194247004940323861e-02 1.013611917407370756e-03
8.959271371825752034e-03 9.906848570537382312e-04
1.322181854235291582e-02 5.089549531452854450e-03
-4.807527581882154247e-03 -9.516705236028620563e-03
-1.402841641767159364e-02 -1.327980727412455229e-03
-4.400780031556320894e-03 -4.867559461769878013e-03
-1.289949869958734044e-03 -9.518557311866302720e-04
-2.379240193759772897e-03 6.880349998393689784e-03
1.220488578178303626e-02 -8.548468012690418200e-04
-2.667105561239604614e-03 1.156091659515946345e-03
6.920105162180209546e-03 -9.336066866960517768e-03
-3.777531844461126664e-05 -7.733600262835521773e-03
-5.320959401217724080e-03 -1.592919034539796519e-03
1.117827768212214731e-02 -7.721146809986500527e-03
-3.036876061536934821e-03 -3.070404498900765854e-03
8.778760772262313161e-03 1.361381395270480459e-03
5.579798751424538440e-03 4.551466345430853731e-03
-1.308106310657599844e-02 6.255060991050694422e-03
-7.781976958289188798e-03 -4.571743061532057735e-03
8.258431727593752714e-03 -3.774692755798578735e-03
-3.937704753016326581e-03 2.048043280320439863e-03
-6.058776095478226112e-03 -6.780946263234144053e-03
-9.222485372619151564e-03 -6.433176785371035218e-03
1.405306778435802539e-02 1.609747137972902982e-03
-3.665613681546885626e-03 1.101488237638447625e-03
-7.709076665652396521e-03 1.167647793485182203e-02
2.756035688894539065e-03 -9.509296932672185775e-04
-9.255087772062429996e-03 -4.371881783787967893e-03
6.718136269589812049e-04 1.999666584865630523e-03
-7.316251335498128588e-03 1.562839209844282470e-03
1.444669138292839841e-02 -1.192940940041144725e-03
-2.536823732968438230e-03 4.267847859031583674e-03
4.245846836598723625e-03 1.474036851693794233e-03
-3.505379798084650757e-03 2.932969906286356839e-03
-8.534769680145114917e-03 -9.119633024791290801e-03
1.236167105257809408e-02 -5.553295308900646141e-03
2.481422042677333944e-03 -1.058029038571801222e-02
2.222454922963352890e-03 -2.181901490763227779e-03
1.453297116632976463e-02 -2.067585030782210370e-04
-9.492053869340830521e-03 5.089293992443743447e-03
-8.089193003950813365e-03 -1.213980875239842327e-02
-3.750711888031099065e-04 -2.664455216987176092e-03
5.944396332721896270e-03 -1.016932760569881286e-03
1.947713507241702205e-03 -4.543259773658967632e-04
-9.342293593387773374e-04 -1.312078661892176210e-04
6.268855441724887397e-04 3.920078381168473972e-03
1.528512504066846956e-03 6.112581248942119266e-03
-8.667701852668492982e-03 -1.145036875359158740e-02
8.632704647982115606e-03 -8.421188185803752183e-03
6.530856214197564014e-03 -4.049434171521589659e-03
1.098039624972633414e-03 -2.864316494731484510e-03
-2.173950458005238784e-03 -4.565516335108227124e-03
-4.969613541182993713e-03 -3.256215786967481870e-03
-6.809046242586389366e-03 -7.529204913605917759e-04
-2.517345285283122038e-03 -5.245280994824055333e-03
-6.067365975757302993e-04 5.234679617814999575e-03
-3.546603729196218767e-03 -1.133056053282617548e-02
-6.979881503059041752e-03 5.396797228492101160e-04
-7.415655070657673452e-03 -6.875177079393716972e-03
-8.673002541180637164e-04 -9.888327812162757326e-04
2.490171343848928721e-03 -5.612401150869176895e-03
-6.427876096850412195e-05 7.660444431171926645e-05
4.349752991852461189e-04 1.039061552517197824e-04
2.400315178274582684e-03 -1.771577558264631012e-03
4.184090650376622034e-03 1.212655703113715670e-02
7.440434206843325347e-04 -4.199992715896025885e-04
-1.727575513396189567e-03 -2.747414157230112499e-04
1.075987494736204038e-02 6.156711063313865043e-03
1.076955028645304457e-02 7.078614739309426612e-03
-1.577016969024960195e-03 6.348365769293358527e-04
9.534331607875113149e-03 -6.228685318031248336e-03
2.195153212025854807e-03 -1.682647430609696777e-03
1.647363035519066633e-04 -7.041509919775116796e-03
-8.720582132213652513e-05 3.059803121889206889e-03
-7.097167149068965867e-04 1.623669358145611585e-03
2.298133329351578129e-04 1.928362829055123523e-04
1.281998837201886498e-03 3.294917143330144266e-03
-1.835856319233135229e-03 -2.323710733962863241e-03
5.880915840168138634e-03 6.370622330734186829e-03
1.685297774861906290e-03 1.414132741310516030e-03
-1.366129626162783384e-02 3.679535901718453648e-03
5.690857671018358620e-03 -5.537521012890254946e-03
5.188953266612398446e-03 -4.783802253114917240e-03
4.068753198316404571e-04 -6.707790431588239038e-03
-7.405053693648616826e-03 -9.999258962252569743e-03
-4.498587229886153588e-03 1.316325542979322879e-03
1.029801173311661790e-04 3.611010259669387556e-03
1.156382247842965144e-02 3.176162729987445227e-03
7.889459495710028289e-03 -6.902382672215813704e-04
-1.401679288462636015e-03 -9.530755225703492484e-03
-6.463001071057438915e-03 -8.541763023587408028e-04
-3.124209652363517126e-03 1.134633482883656494e-02
1.326767266305882084e-02 -8.768478237032627590e-04
6.316817177271435123e-03 2.428542927131491919e-03
2.457568944404290266e-03 -3.551106149287251452e-03
-6.139084691466012433e-03 9.338717211214087738e-03
-6.238616196131365269e-03 1.225763712782306988e-02
-1.164652587966075355e-02 -8.989351196520122683e-03
-1.089280711988541497e-02 -8.487446792114165112e-03
8.585509529464695894e-04 -3.979056453632559380e-03
-2.141475828066407433e-03 4.730124869156830322e-03
-1.154182145599542790e-02 -2.113375848711660648e-03
-8.792012493524939756e-03 2.543720958302568991e-03
7.946713261841095027e-03 -2.469766858243059929e-03
-5.448718654739985283e-03 5.871240501075991255e-03
-1.463435474683595508e-03 1.121764953738509964e-03
-1.975941256099753539e-03 4.999565596374062199e-03
-5.025270770483206834e-03 1.314521409803983548e-02
-7.395410005950982160e-05 -8.452992316838428858e-04
-2.308606936862773497e-03 -1.016121715204760211e-02
-3.864548921372924772e-03 -4.417608134989207264e-03
-5.099224870543860380e-03 1.229991486635735425e-02
-1.648192955327596257e-03 -1.234841933131546748e-02
3.206785284089956178e-03 5.823789843541734949e-03
1.079963011114855841e-02 -5.558595997406424322e-03
5.327058358137109345e-03 7.341828740103970193e-03
-3.049201744880150264e-03 -3.211287704180989296e-03
-8.979548087925814590e-03 1.211493349809552103e-03
-5.968249430993578623e-03 8.046116997001783941e-03
1.091043349173326932e-02 7.066289055966212471e-03
1.242371442918671284e-03 3.653287998203670617e-03
-1.114567528267751059e-02 5.659851808404573782e-03
-4.454489066896384977e-04 -8.336760478238489092e-03
-9.966656562809291311e-03 5.343758692065549501e-03
-5.900362636461469606e-04 7.859507440518959803e-03
-8.056718374006272389e-04 -2.844167548140169631e-04
1.078545235196788112e-02 2.392491915021039035e-03
6.486854169329122136e-03 -6.175007934073160551e-03
2.322784696043451221e-03 2.210129239620137447e-03
-2.046191204482977581e-03 -1.202967587072401381e-02
9.251511389891950779e-03 9.198887813355219323e-03
1.236591793365865444e-02 8.287585514370074402e-03
5.979872964041359554e-04 -1.020256885266383404e-02
2.728733977955680526e-03 -4.516756331148291323e-04
7.070663706546870741e-04 -8.426488874302726995e-04
5.839691909056570623e-03 -7.892908108378345056e-03
3.389147959490858199e-03 -2.638877812382694945e-03
7.681519415704425244e-03 1.153664853699431364e-02
-3.715044184424411752e-03 1.189489162236317607e-02
1.586692308115966125e-03 2.870670990662263673e-04
1.230045759576597723e-03 3.512404792922086717e-03
-3.249989060543651258e-03 -6.384129591009569515e-04
-3.081804144323427395e-03 -1.149992702597922405e-03
-7.922860163569411807e-03 -4.559417378188842726e-03
1.122307799540533599e-02 1.715377599557419905e-03
2.703156573351198945e-03 3.312543515179139191e-03
-4.470359481029243486e-03 -3.228914076027481449e-03
-1.460657360926721424e-03 -1.101619172282245103e-02
2.528074431796843453e-03 -9.235737093880418136e-03
4.649273543760952163e-04 -1.176368375618511023e-03
6.209143567577684805e-04 -1.318576753024132062e-02
1.241349636069871872e-02 5.586153247353033841e-03
1.783104973193099440e-03 -4.769752263437542980e-03
4.349752991852461189e-04 1.039061552517197824e-04
6.334315779615982966e-03 1.236432139683030229e-02
-2.628276435372277429e-03 -6.513229842348569089e-03
-3.817896532250912925e-03 -3.073054843151833485e-03
-9.660334903673073459e-04 9.241037782386198052e-03
1.057613962275812634e-03 -9.816896286851667722e-03
1.567341629933954482e-03 -1.556740252924898073e-03
2.280379188004721946e-03 1.470645677105576754e-02
-9.724517546529557951e-03 5.677478180252427259e-03
-1.858911149091213751e-03 1.201642414946274898e-02
-1.222873888005471948e-02 7.884031037700942740e-03
2.384413112759746142e-03 2.914545266023756999e-03
-3.620685598759033029e-03 -8.189235586632539424e-04
8.399187163369532111e-03 7.569917766706330160e-03
6.108206598355750937e-03 -4.012457121490583742e-03
7.060988367460432555e-03 -9.348392550303731910e-03
-7.776005770873110033e-03 1.253410284987888090e-02
-2.063945345834134523e-03 7.484180712707006475e-04
-4.349752991852461189e-04 -1.039061552517197824e-04
-8.838664882645591581e-03 1.199167666466336660e-03
6.595933243579672062e-03 3.184912031160400461e-03
-1.151451974505678967e-02 -2.612629908866552324e-03
3.255161979543624504e-03 1.043330822351840395e-02
-1.509161825884835096e-03 -4.268773896950995260e-03
1.272269225170247035e-02 -6.294688385333910285e-03
-1.210455600870293663e-02 5.246877531652408347e-03
-6.364523373816162455e-03 1.162982554573117021e-02
-3.700738655739068805e-03 -7.413132495909910587e-03
1.655345719670838238e-03 2.694407272178244144e-03
-1.293130283061951456e-02 -1.463116632893068231e-04
1.095098692393453588e-02 2.661932642238270912e-03
-9.366018922151584519e-03 -5.639830631312481649e-03
8.937142579885723123e-03 1.128483418162493437e-02
8.890617960270880138e-03 -1.416655316058279546e-03
1.562040941429535673e-03 5.300688505779590533e-06
-6.706066125255222971e-03 2.858089768308796647e-03
1.238354430550765023e-02 6.866427778220762605e-03
3.087809311047963814e-05 -5.326260089721000790e-03
-5.791187444098457385e-03 1.145490282506889720e-03
2.791160663086722244e-03 7.563691040281138658e-03
2.090321018854723358e-03 2.798313427428822560e-03
3.368871243389653762e-03 -4.366996055180437201e-04
-3.862824615038766389e-03 -1.152643046850131484e-03
-2.940122670629599470e-03 6.148632261052572150e-03
1.214143694061761182e-03 8.198527617210474294e-03
5.555817883640464406e-04 2.293758678770653307e-03
9.228839868546286074e-03 -1.053178592075968041e-02
5.284078469298524733e-04 -8.563923466922579789e-03
3.452469031153459697e-04 -7.412206457991859024e-03
-1.376229653361458983e-03 -1.938038168150696492e-03
9.577535384329949678e-03 -1.141406220247338614e-02
-9.237557518330247186e-04 8.101646456798693163e-03
1.200502450403758553e-02 -2.327957615043424466e-03
-3.687614703981106998e-03 3.870135636266217906e-05
-4.024782804833798751e-03 -6.249089803635974813e-03
-1.653621413336679637e-03 5.705578159608317443e-04
-2.224306998802175628e-03 1.027387260846977443e-02
-4.249423218768983400e-03 3.352969177875959102e-03
-5.752486087735794555e-03 4.833104986487996718e-03
-2.424966544961012702e-03 1.489811147704184560e-03
1.018784836407344001e-03 -2.147574784985791831e-03
-5.037468684323118812e-03 1.647394686912849026e-03
-6.738668524699861426e-03 4.919384769890721223e-03
-2.734960704379729712e-03 6.059702133396276807e-03
-1.555015946590739473e-03 1.697623458205121299e-03
9.289414477839865944e-03 5.575551870343977215e-03
-3.625060249345400491e-03 -3.302868176086991379e-03
3.323815391098496400e-03 1.284064839663042260e-02
-1.016006722650469700e-03 -9.990381891575169163e-03
8.699505983702732290e-04 2.078123105009369010e-04
8.462795425427733359e-03 -1.117457353044586273e-02
2.349288138568705279e-03 -5.600075467525961019e-03
-2.976971951154798717e-03 -5.630953560636222516e-03
-5.157276905087172444e-03 6.768492810386264255e-03
2.843241510215315133e-03 -4.010732815157567674e-03
-1.314004117903986441e-02 4.769624493934239082e-03
-6.242668513104215194e-05 -8.015366673395968658e-03
-5.725184376795793700e-03 4.333850926334246491e-03
-4.476458437948627883e-03 -8.977823781591655339e-03
-2.103572740117349953e-03 1.106788926144227324e-03
4.680822135782608528e-03 1.577943006944372215e-03
6.947406873126138385e-04 -9.835320927118569242e-04
-3.795895509818052443e-03 -2.010267961877189920e-03
1.006778460430163627e-02 6.359222685310384274e-03
-1.358814042998307201e-02 -2.786115513590052897e-03
6.499052083167891798e-03 5.322811477055186362e-03
-3.530701663688889675e-04 -1.601668335711390646e-03
9.377418567576749700e-03 9.826699395447118998e-03
-6.827598652353653562e-03 4.714222803640633758e-03
-7.698347519138674239e-03 -2.804540153852652304e-03
-1.897484735949210924e-03 -3.028126760363980020e-03
-1.348516031265076243e-02 8.248947460779742016e-04
-3.280068885239164657e-03 1.199879777761489637e-02
1.334877952746587292e-03 -9.685560651150715121e-04
-9.666337742480438783e-03 -1.480359696234652064e-04
-1.408704283301432866e-03 -1.123367937241439435e-02
2.771011716489963587e-03 -1.591066958702334021e-03
-4.949336825082931157e-03 -5.458393993830772638e-03
6.682372447873604314e-04 6.826672614434241976e-03
-7.073186281300343665e-03 -2.149426860823254546e-03
-1.029801173311661790e-04 -3.611010259669387556e-03
5.003940246960429661e-03 4.459885873523491626e-03
-2.869617183235903535e-03 4.640013164580443581e-04
-1.163914922769489560e-03 -1.168098035494285342e-02
-1.382325445142286620e-02 -1.416910855067390548e-03
-1.168545112364968025e-03 8.548947439327155701e-03
-1.295940280997311990e-02 -6.958008250129266159e-03
-5.239852536814972386e-03 -1.040163186199317621e-02
-3.790594821313415276e-03 -3.572308903305364703e-03
-7.249449999780719842e-03 1.206215050066398835e-02
1.610417636884345230e-03 4.614819068481088027e-03
1.165553071984145803e-02 -8.756631980324787456e-03
1.342883258443910641e-02 -3.091351713909768102e-03
-6.690962328153991778e-03 -9.138983702973300927e-03
-4.632445440328940636e-03 3.031575373032296787e-03
1.292600214210943340e-03 1.708352604712913862e-04
3.003475393678691450e-03 -2.179251146511018700e-03
2.194099404601997441e-03 1.372027433409169980e-02
-7.624393419078022427e-03 -1.959240922170170634e-03
-4.045059520933861306e-03 -4.046911596772684479e-03
-1.525063891399671204e-03 4.173489273373930759e-04
-3.833798597765749033e-03 1.613067981136554960e-03
1.738176890405245759e-03 -2.849340467135841413e-03
-3.294789373826839934e-03 -1.007493736864487760e-02
-3.239163795914256141e-04 -1.019289351357282811e-02
-1.558592328770087192e-04 6.524629487771886789e-04
-7.134814698016639020e-03 -2.853842887226874098e-03
1.726649475476777764e-03 4.320726974576283817e-03
-4.089189335308109421e-03 5.184450846522726218e-03
-1.409758090724147917e-03 4.169242392285643292e-03
-4.577842018451442133e-03 2.033067252725015775e-03
2.300783673609230716e-03 1.147342358344352001e-03
4.621716293814078641e-03 1.144944271567353844e-02
1.003345789852419859e-02 5.155552598754374952e-03
-3.139057910454496302e-03 6.295358884235561538e-04
9.351042894557301879e-03 6.279967896746236310e-03
-1.016996645321919558e-02 -2.659282297986061833e-03
4.415883828655049748e-03 -7.129514009512000552e-03
-5.325461821307395441e-03 7.280072553883229491e-03
-3.021900033941291291e-03 -3.710541764333378633e-03
2.889893899337326981e-03 -2.666179523320193027e-03
-6.092432302345361476e-03 1.068327050305032007e-02
4.387656079796997330e-03 -2.584274390503835984e-03
7.641923672810904331e-04 8.734758727393869548e-03
-1.179561449279515912e-04 -2.970872994235413886e-03
-2.062221039502478478e-03 4.013383159409995328e-03
-7.235272240600040816e-03 4.111062588236524123e-03
-4.959810432587542436e-03 -1.369124831682004551e-02
1.208044737142376784e-03 2.449617911646301271e-03
-3.255417518552735506e-03 1.228056418817534239e-02
-1.243112273254657132e-02 -4.164995511205081200e-03
5.469793639254794636e-03 -7.624680609469324834e-04
2.059698464753573731e-03 -1.458929889454142065e-02
-2.207478895367927935e-03 1.541764225328112661e-03
6.009601131609811422e-03 -5.139522763734873621e-03
-1.446696809902960415e-02 3.395119146905795950e-03
2.085946368268355462e-03 3.143688100050850151e-04
1.716974136387132942e-03 3.398823298581863696e-03
3.037674329951681618e-03 1.038135514589311539e-02
9.540302795291192781e-03 1.087716059337968943e-02
-5.983097689084557365e-03 -2.670681943411226146e-03
1.345520825745969568e-02 4.553797847897536957e-04
5.053242980332148249e-03 5.023418694645745419e-03
-1.445809102835742682e-03 -2.993927824094414847e-04
-1.002125998468678982e-02 6.342266812372832248e-03
3.358269866380597136e-03 2.687382277340808617e-03
-1.821008061142156704e-03 8.393088206450145111e-03
-7.985414618204900172e-03 -1.217847845736687046e-03
2.077197067096761551e-03 -4.653520424843749989e-03
-1.324474560270518658e-02 -2.106350853874224688e-03
-2.249756633903353311e-03 2.681155550916978440e-03
-3.931478026593638285e-03 -3.559983219962149260e-03
-6.457700382553019890e-03 -2.416217243789418358e-03
3.546859268204187454e-03 -1.138331187886621083e-02
4.554116689683062810e-03 -6.360819222139877001e-03
9.530627456200186851e-03 9.955256917384127865e-03
-5.942831447280690765e-04 -5.981373382752902187e-03
-3.395246916410242597e-03 -3.110031893181478945e-03
1.819155985304693988e-03 -3.011170887424583116e-04
1.319103656736197398e-03 -7.639369446674807405e-03
-3.659386955122836873e-03 -4.506538262643000267e-03
5.895891867763782164e-03 5.730485065301574484e-03
9.138855933468637005e-03 4.665973877691629787e-03
-9.395172708929047656e-03 2.951394546548957113e-03
-1.006088737896750247e-02 6.700637667246139156e-03
-6.009473362105146634e-03 -6.217413442110747944e-03
-2.800963771681031639e-03 2.871341489570062352e-03
-3.363698324379451178e-04 1.023159486993711897e-03
5.121098123472273347e-03 1.198082207654140897e-04
4.448358458595022547e-03 2.166127194751696003e-03
-5.213828520924173801e-04 1.026684761363233847e-02
4.026507111167957134e-03 9.514054891775050593e-03
-1.890331971607329617e-03 -1.268213881950234524e-02
7.446405394263489602e-03 1.290585319551833601e-02
2.345711756397084180e-03 -7.730694379573496743e-04
-2.418739818537182090e-03 -4.118215352579765454e-03
-4.966963196929423743e-03 -4.037236257681678549e-03
6.788386217977775139e-04 3.702590731576531520e-03
-2.828137713116586280e-03 -7.986340656124312626e-03
-2.548223378392241653e-03 8.097909489808712176e-05
9.965602755384073488e-03 1.005916307263470498e-02
-9.163635069659732679e-03 6.409195917593544893e-03
-4.601567347219821455e-03 -2.294684716689846318e-03
-3.418972245177480471e-03 -7.437783862597701495e-03
4.712626266812280744e-03 -7.794302641632404674e-03
-1.385904992452464696e-03 -2.859941844146258495e-03
2.745562081389928220e-03 -9.183784016256491337e-03
8.003711488959894217e-04 1.846457696242191854e-03
1.344818326262089969e-02 -1.247544361921146434e-03
3.970179382956300247e-03 7.247597923943256693e-03
-1.408567018380266211e-02 4.515478636090220280e-04
5.244354956906004638e-03 1.528640273571292519e-03
3.725390022424357375e-03 7.694898906471717495e-03
1.543488531662271044e-03 5.472443983507003715e-03
-1.658922101842459336e-03 2.132598757390367309e-03
-2.882741134994084350e-03 -6.987832535817030746e-03
8.437888519733333786e-03 1.125753247068607757e-02
-2.019943300968195417e-03 2.873991833822490873e-03
5.635328211221448530e-03 -4.930273337297010408e-04
3.299164024412065514e-03 1.255888198606997484e-02
-2.469766858243059929e-03 -7.946713261841095027e-03
-3.496502727407250610e-03 -3.456077064711790721e-03
5.738308328553756374e-03 3.117982925938326058e-03
1.030567673949944751e-02 -7.147938649774599959e-03
4.768953995023938498e-03 -5.527845673800609906e-03
7.442030743678261853e-03 1.042190857809324050e-02
5.219703590218213729e-03 1.246873863009703752e-03
6.973910315636813609e-04 -1.764552563425834811e-03
1.250600287052527383e-02 9.643091840331498299e-04
2.299985405194483919e-03 -6.163608288647996238e-03
1.378190275080799429e-02 -1.489683378198377456e-03
-4.325899893577398944e-03 -8.068245788939307911e-03
-3.340066785802436183e-05 -5.249655645409282215e-03
9.572234695824169762e-03 -9.852021261043850467e-03
6.229611355950659922e-03 5.488346049021841123e-03
-1.412280665473053965e-03 -6.406673342845781161e-03
1.056304615833756917e-04 2.829989788954048562e-03
9.738567536208511026e-04 -2.271629886829483816e-04
-5.436392971396550831e-03 6.012123706358716603e-03
-8.645828599738936832e-03 9.693543335298183093e-04
1.114612189396410082e-03 1.111744753381945817e-02
9.269137761739803388e-03 7.777730077207267549e-03
5.301321532640108566e-04 -5.298958378783503141e-03
9.412543541762129727e-04 1.834132012898976845e-03
1.379806035533080082e-03 -2.888967861417914961e-03
-2.257058761180226643e-03 6.224214065470204393e-03
4.144078814123875777e-03 1.515614269354669625e-03
-5.913481412559828260e-03 3.968735280999894505e-03
1.015806979014037201e-02 8.924807159568969028e-03
-8.122245275726483471e-03 8.913209817833559617e-03
2.016316514781147599e-03 9.535754032939382577e-03
-9.198750240327343425e-03 -6.339388673429553062e-03
-9.341539657679396452e-04 -9.991959317294081544e-03
2.983126298515837924e-03 -9.267031314725388338e-03
7.042298002720848507e-03 -4.278335690162439649e-03
3.863051940896521010e-03 -3.663047728055224619e-03
5.989000165913117846e-03 -1.055513025324561135e-02
-3.719158899769519494e-03 1.109995695293561173e-02
-1.376290788893487840e-02 -3.561567782507799301e-03
2.369695873910053919e-03 3.591622156578617303e-03
3.683635172419324685e-03 1.749464586383334738e-03
1.648192954808496737e-03 1.417828111503308206e-03
1.102185516817259792e-02 7.091607147952116476e-03
1.175774558469934797e-02 7.964862875681155696e-03
1.081007459855417262e-02 4.614539969057909405e-03
5.501508266120250408e-03 1.212894801191319490e-02
-9.012429701362008804e-04 -1.116904211593770790e-02
1.307996574337301531e-03 -5.239252708967271840e-03
-3.812397265549260453e-03 -3.966516576092983005e-03
-6.472398639056029532e-04 -1.150176540002689068e-02
9.507301669456656029e-03 7.638076657770442000e-03
-1.311738257533512537e-02 3.489236639041481784e-03
-1.172207376611733923e-02 1.638866845747395402e-03
-2.580092985492824474e-03 1.232464805310998571e-02
-8.209739730442986230e-03 -1.218120480778994708e-02
1.120693112937973593e-02 3.899706157499710068e-03
-2.534972361503849778e-03 -1.260165965650407102e-02
3.058509130015218697e-03 1.389615467531131118e-02
-3.630738845698497017e-03 1.827127287864079366e-03
-9.248564692947757251e-03 6.845668289966324455e-03
9.821971234525351049e-03 -4.018610466787852012e-03
-1.096701310616027963e-02 7.515590628376827079e-03
-5.330587663145528474e-05 9.505663323698183842e-03
3.051993536883423376e-03 -8.282874225021967171e-03
-1.100942425222783787e-02 -6.681357887763019962e-03
8.805409163316060481e-03 1.153960977937996263e-02
1.381861884933674803e-02 2.874263601940755218e-03
-6.951844720822029228e-03 -3.939708599374543152e-03
-4.182411486496667198e-03 -3.729333459786698338e-03
8.348166214877754659e-04 4.773167084692547281e-03
8.475786771858442523e-03 5.602226610586797349e-03
-7.385968181078551159e-03 7.058881392469994361e-03
-3.759355698133157110e-04 -1.143654536316346566e-02
6.139366659823974372e-03 -5.256343613910484207e-03
1.096851671629707828e-02 -7.145221086896172977e-04
-1.683478324947118880e-03 -1.155513702835577958e-02
