5.733933677967388912e-03 6.340383085145888387e-04
2.160985927135055176e-04 6.120931415905769488e-03
-8.261082071845391936e-03 4.555713226513236416e-03
1.042510165175152383e-03 2.180177184429749841e-03
9.705629887307932330e-03 -9.544278311669616988e-03
-7.239982140641559871e-03 -7.706825455607449818e-03
4.023984536419622678e-03 -1.061860843357054305e-03
3.478876355560758023e-03 4.877234800860883943e-03
-4.822168360022428477e-03 4.573754558267308437e-04
-6.956667252300935932e-04 5.029517651565591253e-03
-5.165435417795865951e-03 -1.157932540973722127e-02
-5.715972056665175743e-03 7.278747381755873783e-03
5.334674141439376023e-03 -4.335176098460460752e-03
-8.732443632597381919e-03 -9.350771529853803971e-03
-7.660444431171926645e-05 -6.427876096850412195e-05
-3.511941773963061370e-03 -7.929470198506094469e-04
-4.133191380175980575e-03 3.058877083970475315e-03
1.051209999312330626e-02 -1.948910909863251460e-03
-2.900526927730150140e-04 -6.966230647589612482e-03
2.283620320721192753e-03 5.455073150669186065e-04
9.669323336187798587e-03 8.700958925328364235e-03
-3.426125009520722235e-03 2.216228196539522279e-03
-9.130569651256068009e-03 2.324908136584412713e-03
1.259534795808640428e-03 4.255123041481565990e-03
4.330274544162624958e-03 1.055219040636440689e-02
3.855001351785223608e-03 -7.861231746853117319e-03
9.042773041471383446e-04 1.411482397057626289e-03
7.618757481119594124e-03 -5.812661562820748556e-03
-6.359557934766104856e-03 7.338411778820786921e-04
-4.827006029568611453e-03 -3.576382171621098754e-06
-2.956823004558040494e-03 3.523804438347251031e-03
-5.812390198118502251e-03 7.393654048224133392e-03
6.941515396150168757e-03 5.106648999588777292e-03
-9.558056936643494206e-03 1.900933348616386243e-03
-7.708821126647365587e-04 -1.103739447684535125e-03
-4.203696867568314753e-03 8.743508028566144771e-03
-2.667903829654351411e-03 -6.154858987476402761e-03
9.463698350979474205e-03 1.081288183241118500e-02
3.907880467330494476e-03 -1.212470495529901354e-02
-7.307374264821298732e-03 -4.826207761153184644e-03
3.178174226720412165e-04 4.443983808008655084e-03
-4.504686186806108709e-03 -4.432584162584170782e-03
-1.807165551415268381e-03 -8.891943132396412652e-03
-5.436265201892105485e-03 -5.344812499489408168e-03
-5.103008732664823799e-03 -3.563958736341253479e-03
-1.226597146909641414e-03 3.017525383354923395e-03
1.521950528188436343e-03 2.386664322805152980e-03
1.211641867308769702e-02 -3.083001546945657312e-03
6.705475336791751409e-03 1.052183921696653660e-02
7.858581402595903563e-04 4.636021822500999644e-04
2.265993948872768986e-03 1.966665051215550283e-03
1.651897107002521037e-03 -3.835522904099907850e-03
4.957750876798804052e-03 1.092339802260051040e-03
8.778297753303286946e-03 3.384374174697687629e-03
-4.296075607890424523e-03 2.008415886037904878e-03
-8.619325157214254365e-03 -6.840850373615600145e-03
1.194373133677644090e-02 6.301569784973193138e-03
-1.025544796820774401e-02 3.665485912042901716e-03
-7.814116338773441015e-03 -4.533440839376198447e-03
8.530395029559318179e-03 6.635688407366872703e-03
4.544776600047779197e-03 2.051220528284116839e-03
-9.245875451931021005e-03 -1.426985328364517840e-03
9.449585058524988604e-04 -1.434981022251525726e-02
-5.618963126748158232e-03 -6.216088269985214562e-03
4.645569392086331718e-03 4.420258479240955773e-03
-1.119219990229428606e-02 -7.041637689279102441e-03
2.104626547545071415e-04 -1.650971069084470125e-03
-7.165229772167303578e-03 4.494244230687418490e-04
-5.689133364684770960e-03 8.802486101030010737e-03
5.187325078402074338e-04 -9.485827142916999910e-03
-1.186043714707585121e-03 -1.386831030371195837e-03
-2.872730546447928562e-03 3.268014566598768413e-03
4.062845313673795963e-04 6.672138553685270576e-03
-1.014127568540268941e-02 -9.227514696420753559e-03
4.106017438740426802e-03 -1.391655922966484986e-02
-3.990120849601212077e-03 4.288523709340270364e-03
2.700969248056654323e-03 2.070571206466128699e-03
-1.055484075061661510e-02 5.111295014877964386e-03
-2.666642542279789533e-03 -8.669011199094390401e-04
-3.416705209437246541e-04 2.585200428423247571e-03
1.147880398240091505e-02 7.477938160591023065e-03
-2.169112788460416698e-03 -4.104564497111017063e-03
-5.655940176777231668e-03 -6.638737885826564468e-03
-1.279618333280295450e-02 3.426396374222860121e-03
1.848980270990526094e-03 9.775544586236115802e-03
1.273584785485443096e-03 7.660971334901545658e-03
-1.016041888363285531e-02 9.619557583855121302e-03
-3.103805166758219058e-03 -2.212779583873027405e-03
-9.690063071248247381e-03 -4.475787939039008179e-03
-9.175034715083536102e-03 2.222327153460048558e-03
-1.482434495733804189e-04 -1.102454188978610125e-02
3.228323287565151769e-03 8.909569504244728433e-03
-1.202483820117919086e-02 2.507143042480187642e-03
-4.828395086447048387e-03 6.065401956108859398e-03
5.002215940626271277e-03 1.194920785384414978e-03
-1.551567333924354537e-03 8.227553634482812073e-03
8.155786859717167187e-03 1.948240410952950443e-03
8.355648137460685437e-03 3.421351224726871219e-03
-8.608660477429572189e-04 1.409402035076745378e-02
-2.659154528482757501e-03 -1.186969752627567648e-03
7.044160264030486108e-04 -6.162841671561431313e-05
-2.907983290144776529e-03 6.110330038896032850e-03
-7.579656408572598217e-04 -1.434278522767782130e-02
1.211629090358246237e-02 8.273934658900646000e-03
3.897151320816202337e-03 2.356313133406140372e-03
-5.760437120492642102e-03 7.176166398631510061e-03
-9.809073023598695665e-03 7.956260831428118782e-03
7.693174600138129836e-03 -6.990355110564113600e-03
1.444084796501584082e-03 -2.965572305729634404e-03
1.438287564091949092e-02 -3.139329275157315066e-03
-1.083063597375848001e-03 2.224179229297511273e-03
7.184580450347953680e-03 1.394382928921240709e-03
-1.492461491955822915e-03 -1.643946074246354153e-03
-8.170427637856868958e-03 8.025840280901721385e-03
2.271166867872742232e-03 1.176156031563299620e-02
3.963617407077890502e-03 3.521680997806289539e-03
3.778732156929225181e-03 1.408432918597934090e-03
3.349392795703767713e-03 9.076429248338275732e-03
1.792317293324289856e-03 -1.824855808016595917e-03
1.934461785979075610e-03 3.450776376207152687e-03
1.273712554989318152e-03 -3.695964870945898234e-03
-1.002437334789745352e-02 9.146280062514697967e-03
-1.794041599657877515e-03 -1.440109280123160525e-03
-1.037672495628969190e-03 -1.719225346431397898e-03
-2.799574714803955162e-03 -3.197636848711560027e-03
-1.304177096174907388e-02 -3.437253290241707761e-03
-6.163608288647996238e-03 -2.299985405194483919e-03
-4.537160816745510784e-03 -1.372822536684854822e-02
-5.093461163079054249e-03 8.714881145500610535e-03
1.059307908802082331e-02 5.993124685296702045e-04
-2.650277457805927644e-03 -7.576016723625034546e-03
1.204591318569400195e-02 2.601629397648870697e-03
-5.887142566592187820e-03 -7.625958304527391540e-04
5.195978261451766021e-03 -3.080878106404696254e-03
6.652260971791329816e-03 5.451368998992194362e-03
-2.091582306229285669e-03 -8.086271294995785522e-03
-6.282746010503547328e-04 2.148899957111325646e-03
-1.574366624772750682e-03 -1.461838937860030331e-04
1.072740031742206585e-02 -3.138930140949831513e-03
-1.317390486585770168e-02 1.542961627950342578e-03
-1.188231040000769286e-03 -2.628803339083064447e-03
1.123102902816218440e-02 -6.276838125860934384e-04
-9.210622708235532627e-03 -4.269300800662924160e-03
8.114898178061319758e-03 -2.981346601740025165e-03
3.728168136181802400e-03 -4.443057770089923510e-03
-6.670813381559165603e-03 1.577429600970988235e-05
-4.437086582674523022e-03 1.337767777522856465e-02
3.739232532151815988e-03 -9.590132432375522015e-03
-5.684630944595099600e-03 -7.050548739301505663e-05
-3.546731498700883556e-03 2.637567301944695325e-05
-1.427847481532168190e-03 7.613392907862163994e-03
-1.322217019948221557e-03 1.044338269681553168e-02
2.049097087743726939e-03 -1.146521701168438934e-02
1.097391398428759768e-02 -3.212660353385365236e-04
-9.887737023699152625e-03 -4.706926444100379033e-03
5.592587453728139688e-03 2.669356771285011452e-03
-8.191965641332064549e-03 4.940060620198728769e-03
6.298392537008836584e-03 -3.461249983712904980e-03
-5.894502810885344363e-03 -1.179946340358205455e-02
4.423707091908592529e-03 1.884360784191249118e-03
3.658588686705587087e-04 -2.804412384349129614e-04
6.084609039093179586e-04 -1.969714529675242916e-03
1.795845616434563457e-04 3.675289020637211544e-03
-1.685297774861906290e-03 -1.414132741310516030e-03
-4.582807457501499732e-03 1.292905162057410642e-02
4.284133233054751577e-04 -3.622010770886388738e-03
2.468968589828883422e-03 6.357626148480671020e-04
1.425776673164829735e-02 3.543809789744495689e-03
-9.652159983299761492e-03 -8.099123882050930298e-03
-5.142763896451344428e-03 8.151348324379036753e-03
-7.366815356244981079e-03 -4.288651478844255141e-03
1.116927284194258602e-03 1.002483636685705002e-03
-9.720813394854062664e-03 -1.050646405516362722e-02
2.012503346225267761e-04 -4.595867524507239732e-03
-8.810437133787539163e-03 -3.346071952541828341e-03
7.143228749733082639e-03 -1.512211304344527295e-03
4.703158407672551784e-03 1.197467331463971350e-02
1.332227608493588046e-03 -1.875355944015549533e-04
1.284800864092357740e-02 7.713052182030818993e-03
-8.486392984690876301e-03 -4.510114644815301811e-03
-4.193893758973434201e-03 -1.691524501285736684e-03
-6.359094915805718617e-03 -1.289151601543987464e-03
-4.856495065801225315e-03 -7.462946307304199264e-04
-7.246208867064819759e-03 -2.098798955324179816e-03
-7.458060578697763184e-03 5.621150452040770372e-03
-2.469431608787908770e-03 1.387230164579140177e-03
1.960039190584917431e-03 -3.134427720856734290e-04
-7.262909200993831506e-03 -4.723626778028820056e-03
-2.121997380379949793e-03 -4.783003984700169575e-03
-1.294324520544530999e-03 -3.435800348611047720e-03
-6.874586290930026836e-03 -5.964273914615155284e-03
9.825645588023261198e-03 6.025503197124647964e-03
-8.938068617805706301e-03 -7.238848622770982337e-03
-9.066163120783688953e-03 -9.108632513574750622e-03
3.997944112854755726e-03 4.725351084362979306e-03
3.082730182243410139e-03 -2.895992856256031367e-03
7.891519051499335663e-03 1.190867024733773157e-02
-6.179382584658387433e-03 -8.970798786754219378e-03
-1.524936121895796581e-03 -1.093958727851005071e-02
3.077429493738201381e-03 -1.333951914827175705e-03
8.752512868749109378e-04 -1.354228630927238044e-03
-4.407390066500510573e-04 3.481127565605023413e-03
-1.226597146909641414e-03 3.017525383354923395e-03
1.193531728505977827e-03 1.066762397654209219e-03
-6.808918473082513877e-03 -1.210985669720803480e-02
4.661934476560983774e-03 -2.288857124472817514e-03
2.938270594791565597e-03 1.943338856655795963e-03
1.201019742304370534e-03 7.466937649372223842e-04
-1.909012150877679352e-03 4.141940681348145643e-03
4.119141390499177907e-03 -6.464725377390454983e-03
-2.105297046450938046e-03 -2.158176161995528902e-03
1.602131354671205944e-03 -2.376062945794274461e-03
2.869489413732028912e-03 1.089293488938939888e-02
-3.262314743886866701e-03 -7.792961643811801772e-04
6.091043245466923675e-03 -4.614292164769839139e-03
-2.999899011507070785e-03 -2.647754883057593187e-03
-3.697290043070751604e-03 -8.832023196317583761e-04
-8.579362513477819391e-03 2.134722197930647922e-03
-4.615745106399928889e-03 5.656403195736938762e-03
1.111626595689049844e-03 2.564524578114560447e-03
1.645335131124111075e-03 -7.561439830236873702e-03
-4.279247504456747120e-03 -6.723692497103076447e-03
-1.540375168451036617e-03 -8.276457233649550313e-03
-7.827447770489264368e-04 -3.267615432391965738e-03
1.107251945103252672e-03 8.057996069014289071e-05
5.437989508226263868e-03 8.609777587628483081e-03
6.459887707846203621e-03 3.658189552501287401e-03
4.036901008227098547e-03 -1.430090662335033874e-02
5.386627219064665448e-03 -4.552663748052403203e-03
-2.347436062729310949e-03 -2.491895650181264778e-03
1.008196236348367358e-02 -1.591865227115938503e-03
-4.545239619008165435e-03 -2.822774885805155037e-05
-4.633243708743116709e-03 -4.279375273960732765e-03
6.446396855242161883e-04 -8.858015560826921694e-03
-3.513458600347304757e-04 1.663296752427685351e-03
9.704576079884645254e-03 5.858643453031099797e-03
-4.251610544061597274e-03 2.110996869163410481e-03
5.704779891191856522e-03 9.225263486376488603e-03
6.079052811578859392e-03 4.578768056370173707e-03
-1.082646880312703244e-02 4.034857278132748803e-03
1.040057805456989087e-02 1.016306922788574527e-02
-1.150455721556947536e-03 5.104796923750634999e-03
-3.059803121889777613e-03 -8.720582132145629668e-05
1.151717008930719897e-03 1.831609438145066120e-04
4.392493749343751898e-03 -2.123322552506164054e-03
1.361901852309355121e-02 -2.540144576130948760e-03
2.593486710635815699e-03 7.332552535219767804e-03
-9.540430564798142200e-04 4.797756124686532609e-05
-2.910505864893110986e-03 -4.465585696236073349e-03
2.413902148992359570e-03 3.657263514582556260e-03
-3.391670534238621498e-03 -7.937037922750090832e-03
-9.237461400214577387e-03 -5.793039519935919666e-03
-8.960069640239357383e-03 -8.301635504047447794e-03
-4.514824544856139987e-03 -3.331495059152525182e-03
-3.880115737432039864e-03 9.602458115718737891e-03
-1.134057112137290199e-02 -6.709243373218899513e-03
1.731503552697116061e-04 -1.140756411134537761e-02
-4.843706363497624068e-03 -2.628404204876262206e-03
1.117861293157786963e-02 1.612796616433057051e-03
1.635995041488255653e-03 8.505999201878002578e-04
-7.395410005946608488e-04 -8.452992316833423531e-03
-1.081540440715894960e-02 -1.112217384153310271e-03
5.109698478049040649e-03 -4.067060543368762257e-03
-1.144725539038092543e-02 5.863688602526627262e-03
3.979982491548107629e-04 -3.187434605907726285e-04
1.515388552308094766e-03 -1.339252603332274959e-03
-4.333387907375221143e-03 -7.748177156223001738e-03
-8.153471764922040014e-04 -1.206320430808898846e-03
3.715714683333922602e-03 6.772995230475475914e-03
-6.989892091604408240e-03 -9.716167379564766282e-03
1.025170983727117721e-04 5.634003039095914281e-03
-1.455484441925387722e-03 -1.221296458403861931e-03
-8.378112178853931724e-03 -2.461145326575449495e-03
-1.805105995627320162e-03 3.706965382161757534e-03
-6.811696586839959336e-03 2.809997935360577029e-05
9.158047190793366997e-05 -5.758585044647891163e-04
-9.374432973868029872e-03 -1.273776439741079389e-03
8.960995678159338826e-03 4.255649945193494890e-03
-3.706965382167419563e-04 -1.805105995634390353e-04
2.179714165470044047e-03 9.804826142514842802e-04
3.619424311385831174e-03 -4.469034308902567788e-03
-3.178222285776754336e-03 -1.035086036129663012e-03
1.036625134879245319e-02 8.959399141329735944e-03
1.598682742004030842e-03 -8.905993122073786045e-03
6.336167855453446116e-03 4.272350279122616792e-03
7.875872524994182583e-03 -6.119079340068306339e-03
-5.185839903401734743e-03 1.979789002973051087e-03
5.776211416502242263e-03 -5.053530170735964951e-04
-2.634040142836511968e-03 -2.928196121492506257e-03
-9.892702462749210224e-03 6.189057923748713351e-03
-4.747415991549532206e-03 8.613625334501780195e-03
-9.141506277720846951e-03 -3.884953406976291660e-03
-7.104862642825570535e-03 -4.134117418094601995e-03
6.546758279711828964e-03 -8.735556995809298092e-03
7.484180712701297066e-04 2.063945345834814968e-03
1.057326539087921624e-02 7.784978959664333800e-04
7.410817401113422090e-03 6.414225241395826033e-03
2.472417202496629898e-03 7.165692791126899650e-03
4.789773440523269980e-04 2.229479917802148874e-03
3.478972473669843246e-04 -8.193226928706517573e-03
3.168882196140899131e-03 9.447125786554337948e-03
-6.427876096867539066e-04 7.660444431192338106e-04
3.489940751528840431e-03 -2.698398614251759989e-04
1.389237088193676431e-02 1.801258248752201155e-03
-7.395506124062846409e-03 2.279580919589294704e-03
7.587416369049517981e-03 1.536591306328139415e-03
-1.109313141658931946e-02 -7.937564826462019732e-03
1.392278595608878976e-02 -1.502009061542273344e-03
-5.780586067088039869e-03 -1.978591600350821170e-03
4.611833474773157499e-03 -1.016334059258856143e-02
7.515314344827252408e-04 -7.400679043065893151e-04
4.573930386824671609e-03 -6.540004649576641044e-03
2.265993948872768986e-03 1.966665051215550283e-03
5.265557710923898663e-04 -4.719523492148915795e-04
-3.905693142037309877e-03 1.336667726401088302e-02
-6.609983233257047189e-03 -6.590760324579699250e-03
-1.027997156539323933e-03 -7.973216704369775597e-04
8.565312523801016723e-03 -5.540570491350627590e-03
-1.092275917507828150e-03 -7.207172261252582255e-04
1.436432323115165513e-02 2.327814019844591346e-03
-9.168397230498247230e-03 3.373485616696847520e-03
-1.053577968806734648e-02 -6.462010500344670880e-03
3.918119158955629330e-03 1.282413082055022281e-02
9.971107131118681771e-03 -9.943612460191189953e-03
-1.314269241388326542e-02 -5.248054531207703086e-03
5.176961084725345552e-03 -9.443473208003956912e-03
5.159566353028992303e-03 1.101584166322738638e-02
-8.018653842336367910e-04 -1.123174482050954583e-02
-4.192977967648717740e-03 -1.359700576689754428e-02
6.275388056248635757e-03 1.116949084121395507e-02
1.105309806380809327e-02 6.322692582408666849e-03
-2.835507605952979331e-04 -4.890805988735817851e-03
-7.054366409904614874e-03 7.310777221805098668e-03
1.283248035242057390e-03 8.492996712926977054e-03
-1.178991821308445192e-03 -9.647201587463571926e-03
1.578022723478855489e-03 1.555248279469262579e-03
-5.163995915660002899e-03 5.129645142218758856e-03
7.526981969326575900e-03 -2.003473518523311229e-04
1.053941159017827804e-02 4.967762261048246954e-03
7.601292255558039952e-03 -7.752548978424268419e-03
6.694556368697994822e-03 -2.863649824083415885e-03
-1.434822927485240353e-02 -4.139334608997649774e-03
-1.226950796243867110e-02 8.479154089742615280e-03
-6.256687666193965804e-03 6.625749844916302075e-03
7.981141455904311455e-03 9.578011030896439043e-04
1.110844892192954306e-02 4.266738691807433342e-03
-5.625349236383299194e-03 -7.760231433706995044e-03
2.211018063693636661e-03 1.121273740592873026e-02
6.770209273127150360e-03 -9.376091470670635739e-03
-2.609006895046066862e-03 -6.058630831771540277e-03
4.562498689880008056e-03 1.013032276781777007e-02
7.442915579620717342e-03 2.411624692097711839e-03
1.133125635028335229e-02 7.378363944222676371e-03
-1.429408326492986013e-02 2.115914033610221366e-03
-1.911308663690050851e-03 -4.661076493574878993e-03
-9.053945715601410251e-04 -5.279731051525247791e-03
1.255411780663675224e-02 -1.889316038765712633e-04
-3.976868346215700579e-04 9.631152224001692007e-04
-1.947463868537439207e-03 1.005830967658690248e-02
-4.397438532916625800e-03 -9.965278500857027016e-03
-9.171920730321438814e-03 2.316388765602554398e-03
-4.577338263358375278e-03 6.658160915832210189e-03
9.979900347514487555e-03 -1.051338998996511134e-02
-4.355481697689240171e-03 -6.325480843310528692e-03
-1.107376026624214138e-02 -4.868312057327747223e-03
2.438196551553410696e-03 -5.399689542766017945e-04
-7.154488642917424673e-03 -4.513025617630265010e-03
2.318075235247951931e-03 6.624915361338197528e-03
-6.337056495596236558e-03 -6.071360755946929658e-03
-1.212837178864796701e-02 -1.146162693713318175e-03
3.689565334615849471e-03 1.435325675505680701e-02
