-5.046217985494713155e-03 -3.320494547935985870e-03
-2.587850772675456650e-03 4.393499497716139065e-04
-7.159434413320877634e-04 7.231695858428420151e-03
6.781681228874769304e-04 -1.496529612126394106e-02
5.476307556071991108e-04 4.636820090914166650e-03
3.223613387524204305e-03 -2.908318539599926388e-03
-3.139185679958942515e-03 1.198647209427168049e-02
-4.569092717279848656e-03 7.000956487573851104e-03
1.201945780221850288e-03 -3.299291793916512162e-03
1.167619074445556439e-03 -4.502961880473881073e-03
-1.295515592889119778e-02 6.882872573142594964e-03
-7.836708149664062999e-04 7.783701264617685911e-04
-3.538780465944036009e-03 -2.316685739124066824e-03
-4.201270410929061616e-04 1.061289278516243037e-02
-3.145955135788628364e-03 -1.243032446413296771e-02
8.047457994812155443e-04 4.330402313667290615e-03
-1.202871818141262091e-03 7.345277352769784621e-03
5.991846990256151709e-03 7.638571178260061476e-03
-8.164999179847785143e-03 -4.893136866374578169e-03
2.250554902316958227e-03 4.629795096076731557e-03
1.014453549856561554e-02 6.765147368033328640e-03
-9.846590888510271117e-03 -1.073004625182555696e-03
-9.908196250537465097e-03 2.848670070487573005e-03
-5.754371436948260872e-03 9.672586657112713579e-03
3.102147115445501226e-03 6.642426729991879331e-03
-1.381551827493127105e-02 -1.020072997415079038e-03
1.186606366123748929e-03 1.134688454969579041e-02
1.321986753305583011e-02 -6.514015971318383100e-03
9.674435195905554258e-03 -1.078919219185015856e-02
-9.783558708521650563e-03 -1.097261833680250771e-02
-9.598160483678610947e-04 -1.845680328084211425e-03
-5.556148177731966634e-03 5.853648096107108741e-03
5.328341509625304090e-03 -2.772958836771298799e-03
1.108062594564774087e-02 4.169788355915209424e-03
-1.302827573130160670e-02 -3.183467727326484784e-03
8.150987555733768194e-03 -5.007935232648939861e-03
-6.607949629596993578e-03 -2.943874985714849991e-03
-1.062835668904640353e-02 9.595908372464805741e-03
-4.194822243523620500e-03 1.396195054784114820e-02
-6.108090937686636501e-04 7.315846802138092908e-03
-3.461615250559064733e-03 -9.475352868223650129e-04
5.579445244895166363e-03 8.161869090755585754e-03
4.782431944662646900e-03 -3.067660143652084417e-03
1.494764167243289692e-02 1.506226671275022163e-04
1.230656836552083445e-02 6.192636476929044495e-03
-2.637759472754067601e-03 -8.548678066648558727e-03
-1.373393584856747417e-02 5.239704607500261443e-03
6.981374669776592087e-03 1.281127997541417311e-02
-6.396780288160106367e-03 -7.408980462493500868e-03
-8.853281645494330901e-03 1.361897494450081507e-03
-2.575305497153201808e-03 1.025266953058637590e-02
4.372039638820983398e-03 -1.112560508906249197e-02
9.163846964540646803e-03 8.188516579508980583e-03
-8.967093460198074725e-03 -8.552465546358564707e-03
3.313187612487595354e-03 7.248743257355328221e-03
1.704275424076022449e-03 -1.033122169207049100e-02
2.857735094349638481e-03 -7.382523003213329986e-03
-5.672110838756285085e-03 -5.060650440355473310e-03
1.310466555326807170e-02 3.768512426189646412e-03
-9.217703075327734336e-03 -1.281204544800728599e-03
-1.203448109591297166e-03 3.614631640135168057e-03
1.601805879827820174e-03 4.384789348046370418e-03
1.486116898859814184e-02 -1.539650099053271708e-03
1.353754406382933623e-02 7.588901583512260322e-04
4.596443765312182086e-03 -1.166490741518268377e-02
4.162968378202901686e-03 -7.438859513545420521e-03
-4.895257333235343913e-03 -9.200643962396249168e-03
1.179138337998679800e-02 -3.235546628543875102e-03
-1.037767119318044363e-02 -1.197247859566869313e-03
-3.482028508237117073e-04 1.051350320373653328e-02
5.011891940826339667e-03 1.284979380600548282e-02
