0.0052720000000001654   0.21124199999999993
0.005147000000000013   0.21081299999999992
0.005142999999999898   0.21030000000000015
0.005114000000000285   0.21098799999999995
0.0051160000000001205   0.21039999999999992
0.005138999999999783   0.2115090000000004
0.005133999999999972   0.210858
0.005136999999999947   0.21134299999999984
0.005138000000000087   0.21093899999999977
0.005129999999999857   0.21053900000000025
0.005141999999999758   0.21090100000000023
0.005132999999999832   0.21171000000000006
0.005136999999999503   0.21157800000000027
0.005138999999999783   0.2108869999999996
0.005140000000000811   0.21022799999999986
0.005135000000000112   0.21171000000000006
0.005131999999999692   0.2107429999999999
0.0051520000000007116   0.210604
0.005135999999999363   0.21098000000000017
0.005137000000000391   0.21147199999999966
0.005143999999999593   0.21115499999999976
0.005138999999999783   0.21174099999999996
0.0051360000000002515   0.21093299999999982
0.005139999999999922   0.21092400000000033
0.005132999999999832   0.2114250000000002
0.005135000000000112   0.2113480000000001
0.0051440000000004815   0.21037600000000012
0.005135999999998475   0.2112400000000001
0.005131999999999692   0.2114470000000015
0.005138000000000531   0.21070099999999847
0.005138000000000531   0.21076399999999929
0.005145999999999873   0.2114060000000002
0.005139000000001559   0.21135299999999901
0.005140000000000811   0.21078999999999937
0.005144999999998845   0.21156500000000023
0.005144999999998845   0.21115499999999976
0.005139999999999034   0.21097100000000069
0.005141999999999314   0.2114320000000003
0.005141999999999314   0.21079899999999974
0.005141999999999314   0.21160400000000124
0.0051480000000001525   0.21136900000000125
0.005145999999999873   0.21159899999999965
0.005135000000001   0.2110809999999983
0.005129000000000161   0.2112160000000003
0.005138999999999783   0.2112449999999999
0.005132999999998944   0.21075200000000116
0.005147000000000901   0.21102499999999935
0.005141000000000062   0.2113220000000009
0.005141999999999314   0.21106400000000036
0.005147000000000901   0.2103420000000007
0.005126999999999882   0.21143999999999963
0.005138000000000531   0.21117099999999844
0.005143999999999593   0.21103800000000028
0.005133999999999972   0.21178699999999928
0.005141999999999314   0.2112689999999997
0.005143999999999593   0.21169300000000035
0.005141999999999314   0.21123700000000056
0.005138999999999783   0.21135500000000107
0.005145999999999873   0.21096299999999957
0.005150000000000432   0.2109020000000008
0.0051360000000002515   0.21040299999999945
0.005138999999999783   0.21026399999999867
0.005131999999999692   0.2117020000000025
0.005138999999999783   0.21056899999999956
0.0051360000000002515   0.21162199999999842
0.005138999999999783   0.21032300000000248
0.005135000000002776   0.21051399999999987
0.005137000000001279   0.21093199999999968
0.005140999999998286   0.21086000000000027
0.005145999999999873   0.21054100000000275
0.005136999999997727   0.21123700000000056
0.005132000000003245   0.2130289999999988
0.0051360000000002515   0.2119409999999995
0.0051360000000002515   0.21164399999999972
0.005134000000001748   0.21112099999999856
0.005131999999999692   0.2106659999999998
0.005137000000001279   0.21204999999999785
0.005131999999999692   0.21139399999999853
0.0051349999999992235   0.2117299999999993
0.0051420000000028665   0.2110379999999985
0.005137999999998755   0.21159600000000012
0.00513300000000072   0.21045200000000008
0.005139999999997258   0.21135300000000257
0.0051349999999992235   0.21149899999999988
0.005131999999999692   0.21133999999999986
0.005136999999997727   0.2111040000000024
0.005132000000003245   0.2104319999999973
0.005134000000001748   0.21138099999999937
0.005140999999998286   0.21130400000000193
0.0051339999999981956   0.21089800000000025
0.005132000000003245   0.2121109999999966
0.005136999999997727   0.21100600000000114
0.005134000000001748   0.21044900000000055
0.00513300000000072   0.21079800000000048
0.0051420000000028665   0.21075099999999836
0.0051360000000002515   0.21169300000000035
0.0051349999999992235   0.21026799999999923
0.005147000000000901   0.21101499999999973
0.005137000000001279   0.21151700000000062
0.00514400000000137   0.21063199999999682
0.005138000000002307   0.21047300000000035
0.005153999999997438   0.21155200000000107
0.005140000000000811   0.2114539999999998
0.005137000000001279   0.21090699999999885
0.0051339999999981956   0.20939000000000263
0.005135000000002776   0.20996299999999835
0.005137000000001279   0.20960699999999832
0.005137000000001279   0.21064299999999747
0.005140000000000811   0.21096299999999957
0.00513300000000072   0.21055399999999835
0.005137000000001279   0.21076300000000003
