-1.178051185960684449e-02 4.082834839379614889e-03
-9.916427791515658799e-03 1.861305954334312694e-03
2.976173682740051486e-03 -1.679997086356126591e-03
-4.128688960085519048e-03 -5.814114504450729019e-03
2.556972679565196020e-03 4.886910139951889873e-03
-5.455743649578563559e-03 4.168316354367592597e-03
-3.002549355760640755e-03 -1.866734412343396075e-03
-6.694666479831419548e-03 7.044958532442292982e-03
-6.919625735545978720e-04 -1.115442458385046409e-02
-2.388915532849417937e-03 5.958446322399269662e-03
6.256913066888157571e-03 4.989091988868308604e-03
2.650344252209404193e-06 -7.810204707153387774e-04
-3.530701663688889675e-04 -1.601668335711390646e-03
1.305455966405074351e-02 1.555143716095404478e-03
-5.083993303937963532e-03 -1.105409481077036619e-02
-5.546398083566514078e-03 6.981892999784280497e-04
3.677939364890101502e-03 -9.606050323582241823e-04
-3.976406109380130859e-03 -1.639571423659305811e-03
7.333877707345981198e-03 -2.983996945992234678e-03
6.711366813759860571e-03 -4.420130709736970996e-03
-4.523238596573943629e-03 1.034559132417734329e-03
6.559083963054473249e-03 -8.594673790528393337e-03
5.897807246386639959e-05 1.485436497116455774e-03
-2.340411067891304264e-03 -7.889715034721861073e-04
-1.231581693187219079e-02 -4.131020462554710684e-04
-1.809480646213688492e-03 1.223020764738020315e-03
-1.278604497475292409e-02 2.325307270791214520e-03
4.100461211227467498e-03 1.035935412345889359e-02
7.508161580484229436e-03 2.253333016073832962e-03
1.301477284887202039e-03 -6.218211710525495609e-03
5.718829880867299167e-03 1.263111177979532596e-02
-6.551132930297625702e-03 6.251612378384879994e-03
-2.523572011705810768e-03 3.627455054585340070e-04
1.144692014092142706e-03 -1.519763202893891938e-03
3.994958519147395921e-03 -3.827571871341918855e-03
-2.553524066898020702e-03 1.643020036327623012e-03
-5.571847718667690894e-03 -6.894527757574367074e-03
3.134427720856734290e-04 1.960039190584917431e-03
-2.894268549923694443e-03 1.822349058964555912e-04
-5.881841878087550220e-03 -2.324636771880913937e-03
-3.968582846127948968e-03 7.374303370042802411e-03
9.631883267198338913e-03 1.030130208891307832e-02
-3.556406837790528595e-03 -8.955280029749731682e-04
1.097113587053221611e-03 1.181669064121787949e-03
-3.527508590022176461e-03 1.322711923085733397e-02
1.381530341867238465e-03 3.759972267211608189e-04
-1.095191296185394660e-02 1.384052916615001981e-03
-6.758019202880512395e-03 3.075577417900738665e-03
7.889715034721861073e-04 -2.340411067891304264e-03
7.467735917788769114e-03 -4.699246776045208802e-03
-1.083740542959316967e-02 -2.175004265429096584e-03
6.603756506833216577e-03 1.219878682486364926e-02
6.834623647192231838e-03 -3.011298656932234665e-03
-9.823921281690245130e-03 -2.760538108984210860e-03
-1.408394587746964605e-02 3.716512951749458699e-03
-7.052142948172249008e-04 -7.249322230277415076e-03
2.431991539799808685e-03 2.131129990067164373e-04
-2.177526840176860316e-03 2.614896944603844380e-04
-3.139057910454496302e-03 6.295358884235561538e-04
-4.495809116130639743e-03 -1.082163113358277848e-02
4.348028685514923782e-03 -2.225903535631669657e-03
5.111422784381267417e-03 -8.020954552301479135e-04
-7.654345474270232361e-03 -6.789663913010818459e-04
-5.311411831630022048e-03 1.068592084730253002e-02
7.845652014918172434e-05 -8.027692356739182800e-03
-1.393418560151202246e-02 -2.684859702591903437e-03
-9.955129147880823967e-03 -1.826308749646575295e-03
6.986778728393172946e-03 1.252018062970731288e-02
-4.407805026393755987e-03 -6.570483608479637562e-03
6.154060719061655964e-03 -9.978854476646700083e-03
9.402197703766483616e-03 -1.248470399839197997e-03
1.010303734799848294e-02 3.516907213013119402e-03
-1.136740981335295593e-03 -8.232982092496220553e-04
2.844167548140169631e-04 -8.056718374006272389e-04
6.058105596576793869e-04 -1.188694058960584367e-03
9.507029896937614633e-03 -5.729431257877716684e-03
-2.106223084370920356e-03 1.887809396858424436e-03
1.318484149232191163e-02 4.666899915611042240e-03
1.376785276113176408e-02 -4.895531671619038870e-03
-8.972523093091318768e-04 2.914417496514524900e-04
-1.086205679627959969e-02 -2.456770675989543469e-03
1.291022784610470521e-02 -4.962460776839750648e-03
-1.033722533152022643e-02 -6.193688113344871828e-03
-2.581751815754930370e-03 6.188259655334427123e-03
-2.997248667254860839e-03 -3.428775353772931748e-03
-2.795663083177754495e-03 1.309300548140745687e-03
-9.844197997790307686e-03 -5.583599021209209590e-04
7.916218477243954030e-04 -3.121431538606642825e-03
3.926975606496020590e-04 1.243297480838082870e-03
-6.647886321206103802e-03 -2.967424381567096685e-03
6.991153378978399611e-04 1.500412524713241186e-03
-2.034376599157109410e-04 3.353895215795371122e-03
-4.297672144719347394e-03 -1.261348540794747335e-02
-2.025116219965180384e-04 -6.920903430604043258e-04
3.246540447876476373e-03 -5.891517217178555282e-03
-6.669089075225577076e-03 3.280739384149466108e-03
-2.751661038309312617e-03 3.434874310692316579e-03
-1.166693036526548002e-02 4.569763216188788349e-03
-1.937910398646032137e-03 -9.980706552484163233e-03
1.390688389057452394e-02 3.184113762745435089e-03
3.231181111766790338e-04 2.881942866580479434e-03
1.341385655684346201e-02 -2.451214448477155756e-03
-8.839463151059195195e-03 -6.111782980527372469e-03
6.213038791525522797e-03 -8.493417979530244744e-03
5.978723038499331351e-03 1.867373259861276023e-04
1.361981679150829801e-02 4.770806070861399913e-03
-4.722173836398841328e-03 -4.484537240211281667e-03
-3.905102353573049884e-03 -1.325172126262681195e-05
-1.294097816971051876e-02 -1.068215339284868393e-03
-8.916195364876720875e-03 5.180874464351106420e-03
1.132366330750069362e-03 -1.660646408175475838e-03
-1.576090931105548609e-03 -3.411148981923937257e-03
-9.127584057549278929e-03 1.087783109228999089e-02
-3.361846248552218669e-03 2.139623752227802836e-03
-1.434409457410578369e-03 3.887475981725196407e-03
4.903482704377027865e-03 1.142479134898688811e-02
-9.774331357924720930e-04 5.054169018251559835e-03
1.285642269264081206e-02 3.346997990461239060e-03
3.892776670229834007e-03 -1.276314840175966307e-04
-1.530236810399644015e-03 -9.377546337080053598e-03
4.206219442316650077e-03 1.832407706565960127e-03
-6.107280560436339351e-03 -3.352843736268915076e-05
-6.168908977152635573e-03 -7.379444637663087024e-04
-9.977130170313684016e-03 -2.889095630921219727e-03
6.400446616421950549e-03 4.195745834810897350e-03
2.247234059154447697e-03 -1.325707128604840246e-02
8.421315955308197529e-03 -2.724231557866008731e-03
-2.118548767714135798e-03 1.746926191578200994e-03
-4.740726246165886948e-03 9.826060547924451213e-04
1.589342652368175421e-03 -4.939533716491125185e-04
2.018218994634037033e-03 -6.138956921961567087e-03
1.329321725233761128e-04 2.330735728800298334e-03
9.755810599550095944e-04 3.037802099456127398e-03
-4.473808093696418804e-03 -9.758844252306993899e-03
8.961123447663213448e-03 -7.101286260653949002e-03
4.295021800467137447e-03 1.339450587866281364e-02
1.349655995807456585e-02 3.361974018055522567e-03
4.937937179657766844e-03 1.271525229696134204e-03
-2.992075748254888028e-03 6.366119910644514601e-03
-1.973290911846183569e-03 4.218545125659865086e-03
-1.283627374604519658e-02 5.807760008523594510e-03
8.502295050205142118e-03 -1.760081794724066215e-04
-1.291003677382591627e-03 1.445106603351476587e-02
9.666465511983742681e-03 -1.120890023622329694e-02
8.695259102616462524e-03 -1.176275771825454827e-02
8.825413161382963251e-03 2.705934687106712790e-03
-2.893342512004282857e-03 -3.863750652956817085e-03
-1.046086547347344423e-03 2.646828845139542058e-03
2.870670990662263673e-04 -1.586692308115966125e-03
5.855338435551143842e-04 1.013484147902924976e-03
1.047121131146746056e-02 -6.878497922556227502e-03
-6.486726399824675922e-03 -5.181928271774963353e-03
-4.874584456608673996e-03 2.697855884845419897e-03
3.479674623975505254e-03 1.218818544785323262e-02
2.597653881262258378e-04 -1.087438247962215897e-03
9.953277072040859347e-03 9.918279867354481971e-03
8.532502644406901073e-04 -2.417015512203023707e-03
-2.809681421468419697e-04 7.335602013680139581e-03
-1.222423645996368463e-02 -9.889605507209407384e-04
-1.885159052605996132e-03 -2.887243555083756578e-03
6.319467521525005960e-03 1.647522456417294806e-03
4.420130709736970996e-03 6.711366813759860571e-03
-1.114647355109361741e-02 -1.651098838588916339e-03
-8.983922738511038869e-03 -1.272451267615545573e-03
-7.950161874508053506e-03 -4.060163318033950183e-03
7.753749209429778091e-03 9.116982680539080855e-03
-2.421390162797337395e-04 -3.337194881868775953e-04
-6.418615717667713796e-04 -3.279941115734719310e-03
-1.549331949575970518e-04 -3.393522610076084214e-03
-5.599277199110995647e-03 4.961662508426147034e-03
5.836115526884949958e-03 -3.065902078809733602e-03
3.550307880871143764e-03 -4.853381702589200722e-03
5.404779912653182375e-04 1.429083215005253274e-02
2.923294567195351343e-03 2.583476122089089187e-03
-4.708123846722609383e-03 -1.078688946790621770e-03
-1.055908763169853722e-02 -8.729585808393898472e-03
-9.897875381749753759e-03 -3.605837340668054287e-03
9.435598371625868869e-03 4.001185245571225665e-03
5.939893912632224042e-03 7.856058827853146243e-03
2.896791124671458176e-03 1.039368082923633127e-02
-3.876874604716139781e-03 -4.558491340269431140e-03
4.302302334313683543e-03 -7.616442386321174880e-03
1.615718325387622591e-03 3.052778127051770929e-03
7.771503350783436938e-03 -3.661111261455853375e-03
1.073879996284722929e-02 1.047938623184806704e-03
8.092098887212352890e-03 -1.135508413000815842e-02
3.882175293219417359e-03 2.996450398840114476e-03
6.835549685111642557e-03 -7.057284215785507124e-03
-1.326000882070328592e-03 -5.420490905881715157e-03
2.748084656137691952e-03 1.392131718876295091e-03
9.701462716671480080e-03 8.662656703173184092e-03
6.049228525891666396e-03 -5.497893618609542288e-03
-3.866400997210387054e-03 3.674362982718479970e-03
-1.116336495729426150e-03 -1.438241262195989398e-02
-6.358296647390971820e-03 6.021799045448361642e-03
-9.642612413712059460e-03 4.179715999791396019e-03
-7.776804039287855963e-03 5.223152202886530496e-03
-1.514590283893918910e-03 8.650203250325304294e-03
7.163840715288295052e-03 5.619553915212419093e-03
5.667004572746674532e-03 1.491663223541646842e-03
1.699092225518799085e-04 2.753385344642329553e-03
-7.002808563411313386e-03 3.522878400427839011e-03
-2.578973701999416959e-03 -5.949697021227675318e-03
1.158144885027750232e-02 1.755004993839493453e-03
-2.965444536226330072e-03 -1.280102100234834818e-02
1.769054983516867279e-03 -8.175600556858203527e-03
-7.060125632319712644e-04 -1.456027287726976462e-02
2.543976497311679560e-03 -1.392185991816880658e-02
-6.843245178859379968e-03 -1.331352678376472587e-02
4.324175587243240561e-03 4.803280700800232131e-03
-6.266588405979162633e-03 -5.910995664863871041e-03
4.076735882463874711e-04 6.031602154041092005e-04
-2.182955298185944130e-03 1.318046684173668215e-02
6.551132930293980831e-04 -6.251612378383300311e-04
3.537982197527928321e-03 -4.994264907869424598e-03
-8.676578923344750380e-03 -5.061321782594802900e-03
-6.971930470302194205e-03 -1.803381689294303661e-03
-7.387427321799136179e-04 -1.142041669841075075e-03
2.283157301760235791e-03 2.568500094493664666e-03
6.281692203079252378e-03 -6.086077806416866076e-03
-1.826979248556876746e-03 -8.712757704959649477e-03
-7.693174600138701427e-03 6.990355110564793611e-03
5.972624081579946953e-03 -5.562172379578045854e-03
-1.777932054193125978e-03 1.456464752785498890e-02
-5.675753873918268876e-03 -6.459552458390482171e-03
-1.177786151535463628e-02 3.301814368664275461e-03
2.013844344047669137e-03 -8.622901539385304306e-03
1.001158464559490958e-03 -7.264170488378403822e-04
-7.094261265815153018e-03 -7.258199300952313318e-03
-9.596886062511961538e-03 9.570254850482263001e-03
-3.409296906086474541e-03 -6.515880186602139058e-03
1.245855221298987695e-02 -7.691194754795431174e-03
-3.054917393288262076e-04 -4.303100602728431208e-03
-3.142506523121452178e-03 -5.900394287853454392e-03
3.611936297587438685e-03 -4.148965676185580737e-03
9.141634047225510873e-03 -7.471982798869331206e-03
9.159260419074506665e-03 -8.893140535018643003e-03
-6.831973302940021892e-03 2.230278186216896105e-03
-1.116592034738537152e-03 8.331459789733850624e-03
-1.248598169343862353e-03 1.954738502079137949e-03
8.151076959676218855e-03 -9.869647632891703076e-03
5.645003550312454460e-03 4.288763422658613961e-04
3.168882196140899131e-03 9.447125786554337948e-03
-2.965444536226330072e-03 -1.280102100234834818e-02
4.563664259270764842e-03 5.918020659702448449e-03
-1.061104070932382577e-02 -8.512098158801955153e-03
7.616570155826981985e-03 -7.054633871533298045e-03
-4.664121801854167505e-03 1.046884815760949121e-03
-2.456642906486239571e-03 -4.948794095671633225e-04
-1.569193705771416980e-03 9.648711370632586173e-03
-9.712064093681678154e-03 -5.538574820312971297e-03
5.165227937846522330e-03 -9.111554222529997041e-03
1.035485170335785025e-03 4.772530377195292883e-04
-1.820082023222744684e-03 4.347102647596873086e-03
1.078200373929956435e-02 -4.137438261257113392e-03
-3.042176750041353846e-03 -1.508363557470088082e-03
7.078646390694339798e-04 6.468301759562075648e-03
8.664381009505981585e-03 -6.436497628533545748e-03
3.154161707554585178e-03 -1.262660935970429284e-02
2.303434017862800685e-03 3.663218876301551057e-04
8.963262713897199654e-04 3.754543809201820511e-03
3.444549649783322509e-03 3.673564714304875054e-03
-1.957388846331347028e-03 -4.675776986285235751e-04
-7.851684177266777045e-03 8.423838530055960394e-03
3.406167135198666374e-04 1.281772133627815009e-02
6.383618512987703289e-03 1.292785421795255782e-02
5.067420739514187297e-03 -2.927669217780577357e-03
-1.680923124275538177e-03 1.069811876113221190e-03
-1.985488825684952365e-03 -7.279274285468482694e-03
3.616310948173806147e-03 -1.665021058761843734e-03
-2.018091225128230363e-03 -5.217979283885416236e-03
-2.650344252209404193e-06 7.810204707153387774e-04
1.041303150741834140e-02 -1.052983772680334169e-03
-1.723999131224568469e-03 -5.101747445291623245e-03
-7.754675247349188810e-03 -5.070997121685807962e-03
-6.146876303325774123e-04 7.577741029958512051e-03
-1.012238802618049306e-02 -5.360714565004243842e-03
-4.937138911243020047e-03 6.039425417296215119e-03
-3.001623317841229169e-03 -5.912719971196668534e-03
-8.811363171705589858e-03 6.999136063125859994e-04
2.138697714308391250e-03 7.407831807405491562e-03
-1.007918424972679972e-02 -1.054609144944502162e-02
-5.733359297177059374e-04 1.048433526322428179e-02
-5.320033363298312494e-03 -5.638904593393069195e-03
-5.155424829249709295e-03 -1.323478307321422978e-03
-2.359761746073316124e-03 -2.632778855463310547e-03
-1.672588783008122776e-04 -3.534405815356307656e-03
3.779322945392915318e-03 -1.197149606667489638e-02
8.005563564800515647e-03 1.037260584472152018e-02
1.216180977483264508e-02 -7.026406122675027920e-03
-3.491329808407277364e-03 6.338818199705656062e-03
-1.033457498726779791e-02 -6.974708584057708050e-03
1.352504324594221326e-03 -2.389713801265525624e-03
1.997016240614562892e-03 1.092068437549967904e-04
-1.060679382824190366e-02 5.328782664469906838e-03
-8.538473831821401239e-03 7.064309210622943952e-03
2.403763790940397112e-03 4.758352618013739557e-03
8.434439907065017020e-03 4.727602294407925142e-03
-5.473370021426416168e-03 5.589474090515544370e-03
-1.395618662394624426e-02 -3.747646583867688883e-03
-6.858636166352134744e-04 -5.405514878286291069e-03
-2.867892876903106042e-03 3.728966404595978473e-03
7.378805790132473771e-03 -4.904408742295077693e-03
6.529131907863404763e-03 -7.314399259660665439e-03
1.091308383598547753e-02 6.285268585250873910e-03
3.902324239816175148e-03 1.215120839782358672e-02
-8.241603624159505453e-03 -4.957415627343082602e-03
7.477283487375109387e-03 7.579593105795975200e-03
6.079180581082734014e-03 -6.778168149477270185e-03
-4.727602294407925142e-03 8.434439907065017020e-03
6.569685340064891632e-03 -1.171875567338610466e-02
-2.447893605319431437e-04 4.473009825284612363e-04
-3.203336671422999868e-03 7.061403327352755964e-04
1.199167666466336660e-03 8.838664882645591581e-03
7.827831078995093825e-03 -1.394654293624059040e-03
5.564950493333559699e-03 -6.165332594982155488e-03
-9.327317565788924292e-03 -1.952215927331374216e-03
1.979389868765567967e-03 1.530364579904309238e-03
1.163790434799382399e-02 -7.335474244174333344e-03
2.895992856256711379e-03 3.082730182243981296e-03
1.828831324394339028e-03 6.207865872519620267e-04
-4.913158043466671170e-03 -1.234669502498130997e-02
1.247167616474783788e-02 -2.393609025228594922e-04
-9.014800831622661256e-03 4.053808822106815674e-03
9.696162028166841612e-03 1.022469764460135801e-02
-1.672046053599279261e-03 -5.319235094883565697e-03
5.687409058352544192e-03 -1.206745118916862682e-02
-4.797756124684353363e-04 -9.540430564795639862e-03
-9.318568264617330815e-03 3.015673307517461113e-03
7.070663706546870741e-04 -8.426488874302726995e-04
-5.979872964041359554e-04 1.020256885266383404e-02
1.397432407382075007e-03 -4.310125597567227192e-03
6.584533598157011822e-03 -1.001956732974456765e-03
2.490969612262533637e-03 1.698549496124532885e-03
-7.222020519337414221e-03 2.059602346634742398e-04
9.933128125446602161e-03 7.635218683707898496e-04
1.067452120187872486e-02 1.124543067496526147e-03
-6.726342841355285526e-03 5.060267975172086548e-03
-1.241879704920335545e-02 -4.024112305924858191e-03
-5.062918319423154179e-03 -5.945322370641306989e-03
2.032268984310268978e-03 -2.733108628540906540e-03
7.108439024997191200e-03 -6.928886114740094582e-04
-3.756395885039282793e-03 8.988297389097408066e-03
5.576350138758724012e-03 -1.978463830847517271e-03
2.504349103029606012e-03 -1.356348906329664025e-02
-1.781252897355637159e-03 -3.322218854270144687e-03
-5.342832654146138782e-03 -1.401264212166256420e-02
2.306084362113868316e-03 -4.146985830838228896e-04
-6.903660367262459425e-04 3.467476710135594144e-03
2.627478166957531065e-03 -7.977208046437801259e-04
-1.482786152865388143e-03 -7.220423982501117041e-04
-6.160159675981040361e-03 4.229944771082526193e-03
-9.490776174297561874e-04 -1.084800680660222630e-02
1.060494175240444224e-02 2.763188453237781696e-03
-2.350086406982310194e-03 -1.710875179467748327e-03
-8.099794380961231749e-03 -9.015726869540711952e-03
-4.006485934064492262e-04 1.099763931305430906e-03
4.222919776245091100e-03 4.457235529271281679e-03
5.168804320013841531e-04 -1.393856025210453691e-03
1.992641590028194996e-03 -2.374737773668740212e-03
6.743362017067443953e-04 1.257558231999841500e-02
2.713885719864701784e-03 -1.116847457352783748e-02
-6.872398965636843104e-03 -4.722301605903287541e-03
-7.380530096466633022e-03 1.639443654156001913e-03
4.412981437174577637e-05 -9.231362443295192122e-03
3.130180839778237602e-03 5.759511082573230516e-03
-7.691194754795431174e-03 -1.245855221298987695e-02
-2.385339150677796838e-03 1.131440292830657775e-03
-7.353228385526632167e-03 1.140189594002251686e-03
-8.350938237419166382e-03 8.396536819117103589e-03
2.351140214409373763e-04 -1.369204658524023240e-03
-7.575090685706303839e-03 -1.395708101047916840e-03
-7.998666339466385319e-03 2.687254507835001947e-03
6.756294896546354012e-03 -6.340542506039815313e-03
-4.812030001971826475e-03 -6.437136476055943350e-04
4.032989376600195752e-04 -1.880784402019628019e-03
7.713451316238763115e-03 -9.192533317428084813e-03
-3.068680192566607470e-03 6.301841149676011035e-03
-5.497223119698099389e-03 1.261865832694744616e-02
1.252972819930230249e-03 5.292061153445992705e-04
-8.409916309884394106e-03 6.911100321999505067e-03
-6.787971258071580014e-03 4.355851948768467430e-03
4.475660169533881086e-03 1.666873134599306232e-03
-3.130308609281541934e-03 5.597425123273533365e-03
-1.153307215482383616e-02 2.854513386137175548e-03
2.492023419686391003e-03 -1.370437226857686500e-02
2.359889515577761904e-03 -8.724157350384814658e-03
4.399981763140213206e-03 -2.443391185223612108e-03
-4.281897848708957066e-03 -5.942672026387737019e-03
-1.410556359138894714e-03 -3.141708254706705380e-03
8.814013515959159828e-03 -1.480934077026783546e-03
-1.643020036327623012e-03 -2.553524066898020702e-03
3.207711322009368198e-03 1.777804284688461623e-03
6.818849351182060085e-03 -9.682112038489468220e-03
3.841621861019292247e-03 7.400806812566694710e-03
-4.184218419882429138e-03 -7.696208252901744640e-04
1.016134492155134489e-03 -1.366554314270453270e-03
-1.700273802457330594e-03 -7.739954758754005867e-04
-5.907067625575898595e-04 -1.080837941232015362e-02
-4.825153953731148304e-03 -8.095547499879309633e-03
-1.197599848676592776e-02 5.093668643028969462e-03
1.460162457788599655e-02 2.200581670034939055e-03
-4.054064361115926676e-03 1.369907158007108508e-02
-2.051619662487274968e-04 8.893012765493441094e-05
2.451342217980459655e-03 2.056920350996698996e-03
2.389713801265525624e-03 1.352504324594221326e-03
-6.684065102821002899e-03 3.920876649584581659e-03
1.120280127930527517e-02 3.917555806420711106e-03
1.332355377998823559e-03 -1.154447180024785816e-02
7.060860597957128656e-03 2.008543655543031537e-03
-6.649738397043566084e-03 5.124546736140590981e-03
-9.460249738312298887e-03 -4.282951656131672551e-03
-1.031429827116659564e-02 -9.176886790922359274e-03
-4.861332735346047401e-03 -1.207246468727629770e-03
-1.246873863009703752e-03 5.219703590218213729e-03
4.278577005546447404e-03 -1.194419435573739613e-02
1.453297116632976463e-02 -2.067585030782210370e-04
-2.566648018654841493e-03 -5.808813815946309994e-03
-5.997275448266596413e-03 5.280405969015097498e-03
6.760541777628275260e-03 7.500338317232046678e-03
4.721375567983875088e-03 -2.826413406783570212e-03
-8.857217292411494886e-03 6.666310961468703208e-03
1.425915578852730500e-02 -2.525168548536666120e-03
-2.381762768507536630e-03 -3.695565736739095993e-03
3.920206150673139628e-03 -1.198382175001811052e-02
1.028619829181298857e-02 2.365190204082399505e-03
-1.875483713516350875e-03 -1.965339879089336456e-03
-1.235544432615290344e-02 -5.473119138216329255e-05
-2.323710733962863241e-03 1.835856319233135229e-03
-5.218905321803466932e-03 6.064076783982645137e-03
-1.615846094893428828e-03 8.304158078795212394e-03
-6.111112481609565304e-04 2.750735000389901031e-03
-7.028258198512491069e-03 -4.069838657124956113e-03
-2.762134645815065778e-03 -4.797980012295594530e-03
5.970772005741342356e-03 2.529798738131002270e-03
-2.022593645219263048e-03 3.655012304536468543e-03
-1.182981459298106802e-02 3.519302018257578803e-03
-1.347842483608386113e-04 5.761235388907388899e-03
-5.872166538996544290e-03 -1.402733095885351933e-03
1.455356672422083823e-03 1.257823266425062494e-02
4.285346461376133252e-03 1.247260220266725034e-02
1.012558109981495690e-04 3.460451715289508852e-04
-6.362671297977339283e-03 3.537854428024624423e-03
-6.258637373222315954e-03 -8.254057077007385251e-03
9.323868953121967548e-03 -4.577714248945635028e-03
-6.160159675981040361e-03 4.229944771082526193e-03
1.059964106389980551e-02 4.325229394665956045e-03
-7.333877707345981198e-03 2.983996945992234678e-03
-6.794070214990965279e-03 -1.393057756795706460e-03
5.766408307907361711e-03 9.929679512778285394e-03
3.187434605914530195e-04 3.979982491553817037e-04
-2.297335060942273972e-03 5.382587817932658544e-03
-3.750041389110788260e-03 -7.976665317032165248e-03
-4.654446462763161575e-03 1.968788491756511341e-03
-8.422241993227608248e-03 6.770217116719280323e-03
8.342859435159015805e-03 5.303460798873175369e-03
1.745201885245184058e-03 -1.146416320426301089e-03
5.195307762528897746e-05 -2.174876495919426684e-04
-7.588342406968930434e-03 2.509394252525133043e-03
8.054994067678043074e-03 -4.207975400032076124e-04
-2.940920939036619484e-04 -1.162318385937930859e-04
5.982171651166506669e-03 6.716667502265640487e-03
-4.495138617220338292e-03 7.846255719257693231e-03
3.978258185218954031e-03 -6.452399694047239974e-03
-8.616802582467279065e-03 3.735065361515363305e-03
8.064701058153743614e-04 7.595367401806365527e-03
2.074546722845693920e-03 -3.872499954129771885e-03
2.832640133206258508e-03 -8.866509322987144691e-04
3.853947544362507690e-03 7.541690017846918587e-03
-2.745562081389928220e-03 9.183784016256491337e-03
-1.607096793720474460e-03 1.327204731364518830e-02
-1.148019303927935372e-02 -1.408959822310543002e-03
6.496401738915680985e-03 6.103831947770525790e-03
-3.583708548730529016e-03 -3.962739428212231577e-04
5.548920658315418392e-03 9.877726435152996837e-03
-3.251713366877810076e-03 -3.903378047240032948e-03
1.121167834998017254e-02 -2.471491164577218312e-03
-1.031110519750559010e-03 2.006691579705568822e-03
8.891416228685625200e-03 5.894295330934069127e-03
-1.285377234838838353e-02 -4.128018461174076149e-03
-3.964080426036915850e-03 -1.498688218379082369e-03
1.204596124475420691e-03 -4.080312264630708841e-03
8.505999201871199209e-04 -1.635995041488826594e-03
-4.322451280910442201e-03 -1.538315612662298233e-03
5.357936451246227659e-03 2.015568650381827521e-03
2.179251146511018700e-03 3.003475393678691450e-03
2.321986427628704858e-03 -5.100821407372210792e-03
-3.429573622187678545e-03 -4.313701979737487834e-03
-9.755267870135373234e-03 -3.531979358721926490e-04
-1.223946802656071444e-03 2.236504912640726282e-03
-1.222331042204563567e-02 -5.034946109575355946e-03
-2.907392501680515235e-03 -7.269598946377477632e-03
-4.659747151267799176e-03 3.530829433184686991e-03
6.453325731966432985e-03 -6.772737363682076669e-05
1.208970775061788587e-03 -1.596367647206971838e-03
4.853381702589200722e-03 3.550307880871143764e-03
-2.352864520739184496e-03 1.042708149709321158e-02
3.831946521928286317e-03 6.478903136571132274e-03
-7.106427528263082813e-04 5.669654916998884478e-03
6.320584631724617680e-04 1.371497364558591989e-02
-1.207118699223184207e-03 -6.495603470502076503e-03
-9.860546674594016479e-05 -1.127065642244289663e-03
-5.433742627144341752e-03 5.231103235643378910e-03
-5.011763510212612419e-03 -1.347376066722559898e-02
7.557464313858450362e-03 2.816865837195868180e-03
1.041711896760976527e-03 -5.130773462563279277e-03
1.362179663685227039e-03 -1.467810125269963404e-03
3.324070930107606969e-03 -9.873224015063325476e-03
5.887270336096634034e-03 -1.059434037539538562e-02
1.023702332794457562e-02 -9.555278822886618603e-03
-3.781973289645124831e-03 1.275251653739023494e-02
1.270944053044120378e-02 -2.389586031759718954e-03
8.005305697889432762e-05 6.594208937248016884e-03
8.109597489555541577e-03 -1.419305660310489058e-03
8.155451610261444870e-03 -7.385703015466606701e-03
7.810204707153387774e-04 2.650344252209404193e-06
-2.262369507635367955e-04 -5.019842312474124754e-03
-8.894290460555887706e-04 9.305316543354702485e-03
5.634402173303396967e-03 3.552958225124714167e-03
-1.207287964717770890e-02 7.231568088923754495e-03
8.541763023587408028e-04 -6.463001071057438915e-03
-4.290774919385216199e-03 4.463749446090494333e-04
8.671278234840113647e-03 6.623362724022976815e-03
5.039192990655916304e-03 1.617570401225085306e-03
1.086218456578290532e-02 -8.900165529857220412e-03
5.248314647582313745e-04 -3.736917437353967468e-03
-3.303794214006402531e-03 7.671045808198674251e-03
-7.357730805617665286e-03 1.001318118242413603e-02
7.003606831826060183e-03 3.788072246564509662e-03
5.354360069075748442e-03 6.842574679949078517e-03
-5.361385063914545293e-03 -8.545498826659978647e-03
-8.776110428010103215e-03 -2.142401865985818585e-03
-2.852916849307462512e-03 3.088829139163365260e-03
-6.438477473874312795e-03 1.078452631404846866e-02
5.424578366072262993e-04 -5.158075173503280132e-03
-1.066564413120132428e-02 -7.513590038494673273e-03
-1.950363851493911718e-03 1.235346448081235757e-03
-1.675622435770900576e-03 -4.922290653149538099e-04
5.439043315648979353e-03 -6.793144177071552825e-03
-3.221889081190045488e-03 6.173283627739002168e-03
5.119373817138115831e-03 -3.145156867373662124e-03
2.604551106603898106e-03 2.185477872933707429e-03
1.152869750423746696e-02 -5.338458003560911033e-03
-4.562067722441052672e-03 8.703880634284752102e-03
1.060414348399083689e-02 -4.547762193755928301e-03
1.087358421120806704e-02 -4.713296765722581327e-03
7.715047853067114395e-03 5.429367976557974290e-03
-6.437136476055943350e-04 4.812030001971826475e-03
1.276219187648123914e-02 4.703876965640686400e-03
-3.209435628342166558e-03 -5.042769372826395521e-03
6.659285966630125800e-03 7.154293145703095359e-03
-2.587978542180121438e-03 1.179628615561723569e-02
-9.990381891575169163e-03 1.016006722650469700e-03
-8.412438884632156971e-03 -3.664815413133280710e-03
-3.622409905093190979e-03 -4.083888646802330373e-03
-9.837971271366475340e-03 -6.166386402404870973e-03
7.297826695235528315e-03 -7.452632120688680237e-03
2.731384322209250495e-03 -1.232696103829026245e-03
-7.876335543953207063e-03 8.142072119495514376e-03
4.717799185812254423e-03 2.000592622785042109e-03
2.311385050619647798e-03 -1.976739524513358888e-03
-9.222613142123598645e-03 4.923759420477089553e-03
-4.357704024605929712e-03 1.303999859636107437e-03
3.354437945198942596e-04 3.022826071860702877e-03
1.064642122252511952e-02 -5.687153519343433189e-03
-1.423808080401521743e-03 7.633940988663440695e-04
3.252511635291415425e-03 1.121432869423374251e-02
-2.408266211031429363e-03 4.114638970408144789e-03
3.472649629135566521e-03 1.048526130114369251e-02
4.643845085754104950e-03 1.155293391102341213e-03
-1.330822609526008740e-02 5.281204237431205185e-03
1.128218383737250585e-02 -8.156122109172887769e-03
-6.402170922756109800e-03 -7.460710922949972262e-03
-2.210640317635639840e-04 4.775052951943322896e-03
2.059570695248908508e-03 -3.232362688695798215e-03
-3.738769513191430183e-03 7.567139652949456292e-03
-1.636921079408238397e-03 3.195385638666153189e-03
-4.684398517954230061e-03 3.249063022624239672e-03
2.133524795308418438e-03 -2.387063457011955655e-03
8.107745413718078428e-03 6.672665457397198609e-03
4.468635174695085102e-03 -3.605101211159433133e-05
7.716899928905937567e-03 -2.662603141148571929e-03
-6.299318574928247302e-03 7.507235542566177873e-03
6.690291829245051218e-03 -9.528903149866029335e-03
6.688439753407588936e-03 -1.436932032158341668e-03
-6.811824356343264102e-03 1.138503618520037008e-02
-1.314176548537402192e-02 1.504659405795163302e-03
4.021206422662177218e-03 1.107609583320458627e-02
4.689571436954202872e-03 6.545832241793206677e-03
-5.248314647582313745e-04 3.736917437353967468e-03
6.594879436157660875e-04 1.858783379585407080e-03
-1.106099203610449652e-02 -7.975867048618559899e-03
3.633011282102247604e-03 9.598067639434776019e-04
2.976971951154798717e-03 5.630953560636222516e-03
2.438218266222497849e-03 -5.394913501275873553e-03
1.149251872262256786e-02 1.549843027590766878e-03
-7.777602307702821335e-03 -2.087798444108320949e-03
8.172151944191028208e-03 -4.760875192762644738e-03
-4.864781348011862697e-03 -7.737176645006000990e-03
1.320061346053252004e-04 6.376721287654713542e-03
-3.204134939837746665e-03 -6.604810314257074377e-03
4.900161861213155577e-03 -6.462075033139387352e-03
-6.902382672215813704e-04 -7.889459495710028289e-03
-4.233521153254147726e-03 -1.333153646412428691e-03
-1.146534478118837498e-02 9.307839118102465351e-03
-1.000178153700033261e-02 -3.170862041484168083e-03
1.030197258782452122e-02 9.036003585640774508e-03
-1.262408678495652997e-02 7.421754027578200165e-03
7.192866732561094267e-03 8.385264943196602330e-03
7.710673202481889248e-03 2.945423359132876180e-03
2.275334038508053033e-03 -6.445374699208443123e-03
9.367072729575442319e-03 -9.763091133388916015e-03
-1.466884087350552035e-03 -5.408165222538500148e-03
-4.407134527483454536e-03 1.209740324436083501e-02
-5.457786797697363954e-04 -1.272879120862185388e-02
-1.473018209982300541e-02 -2.047372781411500170e-03
2.360687783991366820e-03 -1.413206703391104661e-03
4.987239913030846322e-03 1.835058050819530530e-03
2.421390162797337395e-04 3.337194881868775953e-04
9.321218608869539027e-03 -3.796693778232799240e-03
-4.749475547337480424e-03 -3.985283180056389991e-03
2.314163164375161209e-03 -1.411469620107546133e-02
1.112619683499219483e-02 3.853277045451064791e-03
-5.100023138957463995e-03 4.988964219363643815e-03
-7.263499989458092367e-03 8.656302207244689559e-03
4.576915980532030546e-03 2.012918306128257118e-03
8.341933397239603351e-03 9.349446357726448262e-03
1.510087863804246682e-03 2.227883380977222589e-04
8.275930329938301425e-03 6.161085713900233372e-03
1.020004627791606944e-02 -9.977928438728649388e-03
-2.277186114346658498e-03 1.453734581691749211e-02
-1.719496711134895807e-03 -1.397473903371464904e-02
-1.100903895847920796e-02 -8.193354698210501483e-03
6.084609039087470177e-04 -1.969714529674562471e-03
-1.518038896561094012e-03 2.120273074045791843e-03
6.923553774848526313e-03 -2.806136690682364907e-03
-8.771735777424877201e-03 3.415427514392790909e-04
1.129715986496815025e-02 -8.796259374605501849e-03
9.261314498486260607e-03 -1.236144716495982121e-03
-1.160530194854918554e-02 5.274179242592407467e-03
-3.689339010313904925e-03 -3.226263731775272370e-03
-1.344681061342039435e-03 1.140358859496763341e-02
1.033642706310526106e-02 -1.117262533649980051e-03
1.557538521338502988e-03 8.878292276927664262e-03
7.984616349790153375e-03 -6.093102801255662060e-03
-1.415984817147978095e-03 9.777268892569593306e-03
1.380732073452491885e-03 -6.934953420271188287e-03
3.388924071868505694e-04 9.552756248137712555e-03
6.477051060733669992e-03 4.260024595779400916e-03
-9.492053869344207594e-04 5.089293992433951584e-04
2.291108334518224786e-03 2.254386823487899982e-04
2.547425109978636304e-03 -7.391929741891796468e-03
-7.061786635875179352e-03 2.037441903311384105e-03
7.280200323386533390e-03 -6.031474384539367573e-03
1.197571129636624057e-03 -5.783236411341610705e-03
-1.167619074445556439e-03 4.502961880473881073e-03
7.041382150270670583e-03 1.152167250940003100e-02
-7.422680065497611751e-03 -8.578101226103257079e-03
1.043238218559899150e-02 7.908235793096483890e-04
4.993818296581955737e-04 -1.132963449490812305e-02
7.011430095079602964e-03 1.280194704026775890e-02
2.059570695248908508e-03 -3.232362688695798215e-03
1.369827331165747973e-02 -3.256886285877783754e-03
4.987239913030846322e-03 1.835058050819530530e-03
-3.093203789748591274e-03 -5.336861466732560622e-03
6.351271652553535860e-03 -7.724723192158121192e-03
2.885391479246293862e-03 6.206812065101692186e-03
-2.148500822905203417e-03 3.027200722445929325e-03
2.189852523520075325e-03 -1.206064891801611038e-04
-3.983558873722231608e-03 8.014440635476556204e-03
-8.424892337479818194e-03 7.551237587434619751e-03
5.115797434969653447e-04 1.681849162202238908e-04
-9.852563990446548507e-04 -3.959705775450547520e-03
-6.307141838181790083e-03 -1.506639251137071797e-03
6.880349998393689784e-03 2.379240193759772897e-03
2.381762768507536630e-03 3.695565736739095993e-03
2.856493231477942162e-03 -7.915835168730617558e-03
6.124108663870587478e-03 -8.698579945778972186e-03
-1.222873888005471948e-02 7.884031037700942740e-03
3.853149275947760459e-03 2.307393708545694803e-04
3.471851360721961606e-03 3.174310654149982945e-03
1.216921807818635917e-03 -3.939429059350485832e-03
1.327389938948264972e-02 -6.484874323987213640e-03
-1.864084068091186779e-03 2.221528885045301761e-03
2.466414363694064554e-04 -8.539272100236148036e-03
-4.207975400032076124e-04 -8.054994067678043074e-03
1.645670380579832308e-03 1.772503596182682141e-03
1.201019742303799593e-03 7.466937649379027210e-04
9.879067432982250371e-04 3.178685304736350841e-03
8.411640616217191599e-03 -3.646135233861570735e-03
-1.947713507241702205e-03 4.543259773658967632e-04
-9.219036759955622200e-04 9.675339091005713196e-06
-3.214736316846803291e-03 -3.480728431398220739e-03
-2.938142825286329217e-03 -1.330027506250209754e-02
1.925584715302816260e-03 9.839823347203940224e-03
4.745100896751112962e-03 1.501338562632652772e-03
-3.697290043070751604e-03 -8.832023196317583761e-04
1.951289889413323087e-03 -5.281332006934508216e-03
-1.140093825071406344e-02 -2.125701532056235681e-03
1.059526641331343631e-02 1.841284777242218826e-03
-2.560549061736817119e-03 -5.990411038327798574e-05
2.776312404995743503e-03 -3.153107900131869694e-03
1.008978562673585634e-02 7.422009566586169720e-03
1.314601236645164062e-03 1.233622141747076940e-03
3.486955157825210715e-04 -8.822762817123464647e-04
-1.796228924951061463e-03 -2.682081588835029135e-03
1.149437079846003101e-02 -6.542128090116920355e-03
6.079180581082734014e-03 -6.778168149477270185e-03
-3.487753426235656699e-03 1.511812170137044392e-03
3.893574938644580805e-03 7.183319162974752259e-03
3.833798597765749033e-03 -1.613067981136554960e-03
-2.301837481031946200e-03 1.425557940635568260e-02
7.280072553883229491e-03 5.325461821307395441e-03
-3.535204083772415344e-03 -7.143691768692678710e-03
-9.657460671804179650e-03 -6.537082940620252310e-03
-2.387989494931367241e-03 1.912460763544854671e-03
5.511145339869666544e-03 2.144126172318835521e-03
-3.818950339674770725e-03 1.232986692154956418e-02
-9.835320927114267128e-03 -6.947406873120209533e-03
-1.987340901522415514e-03 8.126968322392047559e-04
5.058543668837928164e-03 3.461377753216209312e-03
2.415418975374671560e-03 -1.376865102954536769e-02
2.797387389509410540e-03 1.955664539998549535e-03
-1.761902219173625515e-03 -1.478411502279020247e-03
-2.049097087743156215e-03 1.146521701168370932e-02
1.099498896880183457e-02 4.787506404791202694e-03
-5.997147678761931625e-03 -6.076530236830524935e-03
2.081571717683129447e-03 -2.169575807420012770e-03
-6.301841149676011035e-03 -3.068680192566607470e-03
-3.259664399634657189e-03 -1.560316635096519172e-03
-2.352736751234519273e-03 -9.298547087524093330e-04
1.407235515976383751e-03 -1.474515812741842950e-02
-2.297207291437609617e-03 -5.974348387912963021e-03
-6.811696586839959336e-03 2.809997935360577029e-05
5.732209371634591419e-03 -2.630926779623345493e-03
-7.604914971392706668e-03 -1.147236977602581094e-02
-8.783135422848680623e-03 -3.845326012694217678e-03
-1.412264723383230801e-02 2.889824776835213382e-05
-5.709410080785404240e-03 1.100466430789398195e-02
-4.495010847714532055e-03 -3.510680486589289225e-03
7.598017746058574606e-03 -1.587490576530713356e-03
-1.559390597177107369e-03 -7.863211592186159209e-04
-1.423887907242610273e-02 3.229903416720140280e-04
9.898801419669166213e-03 -4.401482181852186051e-04
-5.281459776438953563e-03 9.405646316434800383e-03
1.226597146909641414e-03 -3.017525383354923395e-03
9.433075796878106004e-03 -6.574730489561559678e-03
6.445119160203414575e-04 2.498920645020522632e-03
5.512071377788202095e-04 -1.901859386544447756e-04
7.933461540578470167e-03 1.435335495329989521e-03
-1.987468671028221751e-03 1.216963303808618613e-02
2.194227174105301340e-03 2.363338128244936789e-03
9.971031213394517326e-03 -2.859814074640451825e-03
4.809507427224062742e-03 -9.932202087527191442e-03
-8.247830350584696088e-03 6.506108729397259635e-04
2.189852523520075325e-03 -1.206064891801611038e-04
2.518271323202534058e-03 1.199295435970782874e-03
4.218513474270649787e-04 -7.347927697023354590e-03
-5.179277927521392516e-03 5.705705929110478809e-03
4.499513267806706405e-04 -5.362311101833956879e-04
-9.080005630509216386e-03 8.176398825272950324e-03
1.105064619810068724e-03 -1.161392348021725611e-03
-3.979184223137004726e-03 1.049838525290165345e-02
2.317484007539032630e-03 3.772170181050815436e-03
-2.225105267216922859e-03 2.962921961477425325e-03
1.102506879349734840e-02 -7.849704331924649975e-03
-8.946019650563123704e-03 -4.895787210626787248e-03
-1.381530341867238465e-03 -3.759972267211608189e-04
-5.178351889603341821e-03 1.659720370256064252e-03
-3.330968155441738597e-03 -3.186636337493198388e-03
4.453659147099660147e-03 6.040862533235210035e-04
-3.620685598759033029e-03 -8.189235586632539424e-04
-3.021101765526544494e-03 3.600408882658970040e-03
1.027534137578937912e-03 2.820314449863043065e-03
-5.022877129227227254e-05 3.482452737732379122e-03
-7.131653275752138955e-04 -4.906260818132539975e-03
-9.447029668433882914e-04 -8.364062189178489079e-03
-4.278225348431450442e-04 -9.757918214387581446e-03
-5.020640580888871551e-03 -7.084713696228811877e-03
5.424067288053336690e-03 -6.153006911638940479e-03
3.445475687701373205e-03 -3.724208445495397202e-04
6.498126045247603743e-04 9.368797035898448599e-04
-3.794171203483894493e-03 1.254697126261886076e-03
-8.602752592789905672e-03 7.140913654934662527e-03
-7.296102388901369931e-03 1.071759720882775602e-02
-1.675622435770900576e-03 -4.922290653149538099e-04
-5.605376156030380044e-03 -7.872471971380272902e-04
-6.215848556667090408e-04 -5.482119322598009645e-03
1.299625209049739757e-03 1.873759407182192492e-03
-1.143765976172730903e-03 -2.526222355959381171e-03
-1.357805013098859143e-03 3.951754742693700841e-03
-3.363698324379451178e-04 1.023159486993711897e-03
1.382456379785289378e-03 -3.669988332133253955e-03
-7.563691040289085427e-04 2.791160663082373726e-04
-8.518197115719978660e-03 4.862131003760794198e-03
-4.439609157423429070e-03 2.801762040097139327e-03
-8.601698785367189320e-03 -8.262008109765375113e-03
2.365062434577734716e-03 1.070737914032632776e-03
3.638311970608027086e-03 -6.022341774860585049e-04
3.016727114941318479e-03 -6.084353500084067716e-03
-1.934461785979075610e-03 -3.450776376207152687e-03
-1.585894039701218894e-03 7.023883547926122739e-03
9.359919965232200989e-03 -1.090790742516931089e-04
2.446839797890787427e-03 1.092991193941972652e-02
-5.292061153445992705e-04 1.252972819930230249e-03
2.933097675789661171e-03 -7.851556407762113124e-03
-2.559623023817405533e-03 -4.105889669236551312e-03
4.366996055180437201e-04 3.368871243389653762e-03
-2.590501116927885171e-03 1.220370420484450345e-03
5.634402173303396967e-03 3.552958225124714167e-03
2.086074137774162132e-03 -1.104256739584189712e-02
-1.082137559457796872e-03 -1.821806329556903501e-03
-2.793938776843595678e-03 4.574265636279821468e-03
-2.328213154052534602e-03 1.070884790765616254e-02
-7.455282464940889316e-03 -6.516806224520190621e-03
-1.083861865790594799e-03 -5.086771417694837399e-03
9.113278528862794534e-03 8.430193025984456662e-03
1.312749160807701564e-03 9.325593259454763306e-03
-6.918253086342746397e-03 1.244095749252829668e-03
2.637153506048536128e-03 1.241828713517822026e-04
-3.926305107593665474e-03 6.234912044455297522e-03
2.197005287863317523e-03 -9.774618548317383360e-03
-9.755810599550095944e-04 -3.037802099456127398e-03
6.138893619178310487e-04 -1.488869167695086246e-02
-2.184136875113542545e-04 3.994032481227984335e-03
-5.674029567585251940e-03 -3.194587370250045501e-03
7.078486969804981266e-03 5.873859193950797634e-04
-1.324394733429044152e-02 5.204599793118124852e-03
-3.296641449664302649e-03 -1.982966250937189499e-03
1.065437225527994958e-03 -8.030214931495596080e-04
-8.045190959083733245e-03 -1.001423498984799383e-02
-1.523339585065513037e-03 3.682314015476468964e-03
-1.838506663485344741e-03 -1.542690263247524247e-03
-2.399389140355170664e-03 -2.274408000588641447e-03
8.960197409743802729e-03 -3.055300701800676109e-03
-1.249447545559566330e-02 -8.134376625746635517e-03
3.486029119902639764e-03 -4.776777258277481279e-03
5.539500858232382016e-03 -1.375804965253495105e-02
-7.190344157812188219e-03 2.190650791934822122e-03
2.774460329157138472e-03 4.938863217577178430e-03
-2.538675808807041960e-03 1.235981897674063267e-02
-1.415524963327558644e-02 2.090193249351419459e-03
-9.390670288838016272e-03 -5.921597041872927666e-03
-2.160028237833672062e-03 1.019726816415805412e-02
2.765583258480879339e-03 1.132791018857396553e-02
-9.218110722033927285e-03 -3.949232167945937108e-03
-1.895632660110606327e-03 -1.112009787807302814e-02
-2.697057616431814547e-03 2.436366190385035133e-03
-5.423141250135285127e-03 2.107021352784525705e-03
3.980780759965357740e-03 4.123516041084403921e-03
7.294250313063908517e-03 -2.625626091120067916e-03
-1.291010007659889984e-02 -6.394475429007230941e-03
1.139391325587504888e-03 4.227773853428316939e-05
1.562040941429535673e-03 5.300688505779590533e-06
5.029517651566272132e-03 6.956667252306647509e-04
-6.112390176667634178e-04 1.410767120623688392e-02
-9.646061026380376227e-03 -2.350214176486755974e-03
1.054835848518938333e-03 2.321060389709292838e-03
-5.351837494326843261e-03 3.733341055182345936e-03
-7.423191143515347167e-04 3.684964359727536595e-03
4.504686186805537118e-03 4.432584162584851661e-03
4.443856038505351186e-03 1.103911878317472353e-02
-1.817431678970535605e-03 3.566082176881534092e-03
6.712963350588211850e-03 1.020177058424908724e-02
-5.217181015470450864e-03 9.329041872123081808e-03
-1.208070291043125341e-02 -1.782306704779494308e-03
1.658922101842459336e-03 -2.132598757390367309e-03
-2.493747726020549820e-03 1.043940718043778748e-02
1.233264503530507802e-02 -8.319006336887330849e-03
6.194486381758477177e-03 -3.026274684526517305e-03
1.942412818737064605e-03 1.107714964062278236e-03
6.107280560436339351e-03 3.352843736268915076e-05
7.959964983096215257e-04 -6.374869211815452569e-04
1.358731051018270512e-03 -7.997740301546974601e-03
-4.139418106599239595e-03 8.666903584253746184e-03
4.493158771877069774e-03 1.160265160429697559e-02
1.380920446174663599e-02 -1.988937438353270866e-03
-3.979854722047307045e-03 -8.169501599938819997e-03
5.471517945588953019e-03 2.502497027192143730e-03
-1.798081000788523962e-03 5.409889528872658532e-03
-7.579465336291529853e-03 -3.879652718473014517e-03
-3.651563691870654115e-03 4.507336531059107955e-03
-1.483584421278993058e-03 -8.032993045243821267e-03
-2.837940821712037556e-03 2.448691873728250576e-03
7.757197822095591869e-04 1.564691285681745186e-03
-2.755109650975127479e-03 -3.095055865586053990e-03
1.954866271577217294e-04 -1.010833803650496455e-03
1.122665437757695839e-02 -3.111628430011191548e-03
2.127298068885729709e-03 3.220963043270633902e-03
-2.363338128244936789e-03 2.194227174105301340e-03
-2.491097381766978983e-03 9.658386709723590369e-03
-6.554581542964801888e-03 -2.783177978946320234e-04
2.189852523520075325e-03 -1.206064891801611038e-04
1.000880653183891002e-02 4.873786188192567176e-03
-3.333618499692806228e-03 -2.405615866779219850e-03
-5.320959401217724080e-03 -1.592919034539796519e-03
1.569065936268113082e-03 1.708224835214178141e-03
-1.852556653162718567e-03 -4.948538556666824337e-03
-3.485901350398193984e-03 -6.580158947570643492e-03
-1.308106310657599844e-02 6.255060991050694422e-03
8.248756388502746784e-03 -4.696596431794141172e-03
-7.106427528263082813e-04 5.669654916998884478e-03
-3.456875333126537518e-03 -3.814447919585098497e-03
7.170067441712125664e-03 1.152741492846821175e-05
-2.514822710534217291e-03 5.330634740307369120e-03
-1.457336517764210894e-03 6.870674659302683854e-03
6.418072988270945474e-03 2.774588098661585119e-03
-1.032754999242922224e-02 -5.271784437349309391e-03
-8.396664588621767511e-03 3.005997968426455183e-03
9.541356602715052315e-03 -4.525761171321708229e-03
-1.122818761162367764e-03 1.393948629001780237e-02
-4.570817023612646149e-03 3.735991399435916339e-03
-2.138697714308391250e-03 -7.407831807405491562e-03
1.007918424972679972e-02 1.054609144944502162e-02
9.924091633878970482e-04 -5.694306283686675386e-03
-6.124779162780889796e-03 -9.969306907061501258e-03
4.245846836598723625e-03 1.474036851693794233e-03
-2.023391913634009845e-03 -3.655938342455880563e-03
-1.403106676192516361e-02 -5.469602566982589842e-04
1.391576096124942305e-02 -3.204933208252494330e-03
1.326128651573632491e-03 -5.936445299965047856e-03
-4.105889669236551312e-03 2.559623023817405533e-03
-1.192749402180645277e-02 -1.653749182841344860e-03
6.433049015865228114e-03 2.134450833227830458e-03
1.090870918539910833e-02 3.801323967827136691e-03
5.994625104014167892e-03 -4.499385498302260408e-03
-3.651435922364847445e-03 -6.849599674787874501e-03
1.528512504066846956e-03 6.112581248942119266e-03
-1.216794038313971128e-03 -7.417507146495136601e-03
-7.596165670221112325e-03 -6.504480541176974745e-03
-7.161190371037227421e-03 -6.400574385926396763e-03
-4.271552010707869995e-03 1.364711850244579652e-02
5.315658712711945032e-03 3.154959975969331976e-03
4.598917002966251485e-03 3.075705187404042997e-03
7.992439613042336133e-03 2.920771992446445729e-03
-6.971930470302194205e-03 -1.803381689294303661e-03
6.124906932285335143e-03 -1.387629298786623080e-03
-7.948565337678559911e-03 1.056173797595074716e-02
8.615748775043202690e-03 1.166785640318353072e-02
-1.284582131563039541e-02 -6.471079873318949516e-03
-1.037950307005565224e-02 -5.054296787756006049e-03
-1.453760135592590012e-03 2.043668629734072401e-03
-2.681155550916978440e-03 -2.249756633903353311e-03
1.177166644032116155e-03 7.775878001369805267e-03
7.855228908050107886e-04 -8.870341244170817582e-03
7.136666773854100435e-03 -5.238128230480813136e-03
-6.930163809784550214e-04 4.248497180850932704e-03
3.633937320021659624e-03 -3.086178794909795291e-03
-8.720582132213652513e-05 3.059803121889206889e-03
2.182827528682639798e-03 -1.823530635889920436e-03
-1.245021787172241471e-03 -2.872267527489473938e-03
2.447893605319431437e-04 -4.473009825284612363e-04
5.545472045647102492e-03 3.347796258874844409e-03
-2.430267233465650302e-03 3.051852089132359343e-03
1.653621413336679637e-03 -5.705578159608317443e-04
2.255664518545962352e-04 -1.364804454036520551e-02
1.039355305973188419e-02 8.460145081176666595e-03
1.087451024912747949e-02 -8.759282324575854220e-03
-1.332665073552268681e-02 -6.085886734131925810e-04
4.024910574339604988e-03 -5.107846402211007643e-03
5.671092032925144355e-04 -4.876308762941472356e-03
2.807062728600416470e-03 2.877568215994111538e-03
-4.163941703782366582e-03 -2.971799032153465015e-03
-2.453992562234029624e-03 -1.275899880282502317e-03
-7.927234814155781004e-03 -7.043361995612579078e-03
-3.381196926732868771e-03 2.958164002378204944e-04
4.133063610670744195e-03 8.298059121875827129e-03
1.614920056974017458e-03 -4.258172519941938634e-03
1.029801173311661790e-04 3.611010259669387556e-03
-8.415089228884366918e-03 -2.883794942417942583e-03
9.167083682326687688e-03 1.207342586834652190e-04
-1.762700487588372746e-03 -8.789362149271368052e-03
-8.022232247348127024e-04 6.245513421464354148e-03
3.555480799872477466e-03 4.941513561829388376e-03
7.511961850275748406e-04 -1.007401133072682517e-02
-2.759612071066160164e-03 5.777935722835829922e-03
-1.945861431402878816e-03 -7.637645140340649022e-03
8.972523093091318768e-04 -2.914417496514524900e-04
-1.379250412781705265e-02 4.613765261057229360e-03
-4.663323533439420708e-03 8.357835462753298444e-03
-8.045190959083733245e-03 -1.001423498984799383e-02
-5.170528626349799040e-03 1.067359516395931414e-02
3.655140074041133766e-03 -9.334342560626358518e-03
-1.495562078217293686e-02 2.437355531080855064e-04
-2.544646996229489111e-04 -4.746026934671009837e-04
-8.792012493524939756e-03 2.543720958302568991e-03
1.038263284093801642e-03 -1.166070363884279260e-02
3.265891126058487366e-03 -4.047709865187432143e-03
5.474168289841162098e-03 1.721476556476804519e-03
5.598478930696248849e-03 -1.227261315541849571e-02
4.709049884640660079e-03 -2.967296612063792353e-03
-6.294017886422467387e-03 5.945194601136642200e-03
3.801196198322471902e-03 4.482270204465121487e-04
-5.321087170721027979e-03 9.764017171306968446e-03
7.694898906471717495e-03 -3.725390022424357375e-03
3.206785284089956178e-03 5.823789843541734949e-03
-4.951188900920393439e-03 2.633577123876915463e-03
7.501934854060398825e-03 7.861359516357782976e-03
4.784728291034328826e-03 1.142967707759125770e-03
-2.332619456023327792e-04 -6.722766459185024884e-03
-7.552961893767417244e-03 -1.168985742561775079e-02
-2.824689100449410961e-03 -1.456410479844799308e-03
6.268222414015228727e-05 -1.469850573829777768e-02
-7.220168443499951072e-03 -7.886010883044212993e-03
-1.676548473690312163e-03 3.553756493538318649e-03
4.964440622181660011e-03 -6.538679477451106795e-03
-9.966656562809291311e-03 5.343758692065549501e-03
5.696828858433079096e-03 1.156832489851954138e-02
-7.706298551895520918e-03 -4.614787417091389607e-04
-1.619294707559243473e-03 1.774227902516840524e-03
2.470820665666917295e-03 -7.456208502860300902e-03
2.322784696043451221e-03 2.210129239620137447e-03
-1.330599420280402512e-04 9.026200477045323231e-03
3.839099286270387067e-03 -3.175108922564730176e-03
2.369437085162960730e-03 3.554682531457730235e-03
2.074546722845693920e-03 -3.872499954129771885e-03
-1.668469671427657945e-03 -1.014624112445217802e-02
-1.227526349967070565e-02 -4.817458459980911156e-03
-6.252538416302931557e-03 -2.505147371443211361e-03
-9.556204860806031057e-03 -6.191037769091300991e-03
7.290673930889080131e-04 2.201379938455128276e-04
-1.332227608493017105e-03 1.875355944008746164e-04
-7.996814263628922170e-03 -5.404716609872685720e-03
7.554430661094969565e-04 3.766869492545035520e-03
-8.487319022610859479e-03 -4.641290859613480396e-04
-6.233315507625584485e-03 1.069559618639353595e-02
-3.918992922348554786e-04 6.067653166154266670e-03
2.738281547542240242e-03 1.182716424872885808e-02
1.122307799540533599e-02 1.715377599557419905e-03
8.077793358527009943e-03 7.952939988264927373e-03
-1.057764004146558370e-02 -3.262442513390171033e-03
-2.359633976568650468e-03 -1.398971506130893341e-02
-8.048767341253992152e-03 -5.187228960278240930e-03
-1.202782379488655240e-02 -6.045779913224710519e-03
-1.645670380579832308e-03 -1.772503596182682141e-03
9.896151075415596243e-03 3.408722525289776401e-04
6.086205575921530865e-03 -5.075244002766369188e-03
8.842113495311405141e-03 5.330762509812033909e-03
-4.963514584263609315e-03 2.492693918596692454e-03
-7.299551001568545250e-03 4.187667032548243566e-03
-4.993338869950012145e-03 -7.583967756381201214e-03
8.435365944984429473e-03 6.816167355546518154e-04
6.689365791325639632e-03 -5.482917591012756442e-03
-2.133397025805114540e-03 -8.969872748834806925e-03
1.036107842979305284e-02 -8.354961230883917178e-04
-4.326027663082063733e-03 3.288690416906313221e-03
3.111628430011191548e-03 1.122665437757695839e-02
-1.141246566564367397e-02 5.044365909657250006e-03
-4.897511516960946498e-03 5.681054562424048791e-03
-4.502163612057774253e-03 6.143331572547934549e-03
-1.131995915581711885e-02 4.225218463373659958e-04
1.683126857235277621e-04 -1.186851594934372825e-02
-1.850034078413812953e-03 5.627377178464600983e-03
7.612993773655360452e-03 -2.227627841964686158e-03
2.609851795109677589e-03 6.234369315041715393e-04
-9.254800581671833188e-04 4.836681368659617383e-03
-2.737483279128634893e-03 -4.516213601735147645e-03
-2.377388117920950159e-03 -1.211621119312856001e-03
4.385931773463981262e-03 -5.849239478644272655e-03
3.324741429017907986e-03 8.794662837777147968e-03
1.324659767854265147e-02 -5.985620263833463413e-03
-1.151796835772374641e-02 -9.142560085143561568e-03
-5.020321739104055200e-04 1.211065496562346161e-02
5.602598042274867067e-03 1.292520387370012930e-02
1.321836992968574223e-02 -1.440380644826658868e-03
4.226368388913407867e-03 1.098716570554943497e-02
6.903404828251767655e-03 -1.196089468966583802e-02
5.456669687497974278e-03 -8.214301913220865489e-03
-7.102212298572000565e-03 -4.915137888808799108e-03
-9.713916169520501326e-03 2.553396297393574921e-03
1.583914194359091823e-03 1.242502377562718779e-02
8.854439178655981041e-03 5.471645715093399233e-03
2.948871971801192947e-03 -1.180743026203737254e-03
-3.236737339281024230e-03 -4.543515312674006185e-03
-3.188360643827356771e-03 6.600306730266260018e-05
-3.216588392684266006e-03 4.611242686309467362e-03
1.562040941429535673e-03 5.300688505779590533e-06
7.287097548720665452e-03 7.028385968017155858e-03
-1.365506953520378465e-02 -1.928490598562994894e-03
6.833410418874493082e-04 -5.170400856846495141e-03
-3.612862335506849838e-03 8.194951235038853629e-03
1.223656214330690051e-02 1.129843756001163747e-03
-8.511044351378097353e-03 -4.791881055377571023e-03
-3.822239531438495486e-04 6.989556842149828239e-03
-7.287225318225330241e-03 4.328550237828467442e-03
2.231204224136307691e-03 2.785987744086748999e-03
-4.024782804833798751e-03 -6.249089803635974813e-03
-1.653621413336679637e-03 5.705578159608317443e-04
-8.048735689870222150e-04 7.026533892179692709e-03
-7.821604352569903190e-03 -4.213372206658749959e-03
4.273946815950968071e-03 8.285733438532611253e-03
-2.889824776835213382e-05 -1.412264723383230801e-02
-9.839823347203940224e-03 1.925584715302816260e-03
-9.169734026579116209e-03 6.602862120293710030e-04
2.784135668248144402e-03 5.860766893572740867e-03
5.414040291833689331e-04 1.024484659119811666e-02
7.743275601926527703e-03 8.841283575509507366e-04
-7.107512987077779613e-03 -3.353096947379263868e-03
-2.907520271184961015e-03 4.087337259470647140e-03
-2.026170027390884146e-03 8.482018334105081298e-03
-3.058877083971155760e-03 -4.133191380176551299e-03
-1.555015946590739473e-03 1.697623458205121299e-03
-1.310226586058796166e-03 1.250322475676660062e-03
-9.864346944387066343e-03 -9.713117901104394505e-03
-1.892599007350327829e-04 -4.597192696632093102e-03
1.520689240813303308e-03 -2.901293544761130404e-03
-1.471348176589320350e-02 5.774550412949632644e-04
-8.655759477839053331e-04 2.276132306922800264e-03
-1.781252897355637159e-03 -3.322218854270144687e-03
-4.733829020831755753e-03 1.404246640734896877e-02
-1.016006722650469700e-03 -9.990381891575169163e-03
-8.328937214986087759e-03 9.459323700394249926e-03
-2.280506957509168160e-03 -3.349520565207642336e-03
-2.056920350996698996e-03 2.451342217980459655e-03
1.308502279727140338e-03 -4.515287563815955502e-03
-1.317516615323090397e-02 -3.744996239615479804e-03
-5.157276905087172444e-03 6.768492810386264255e-03
-6.883926380565311316e-03 2.447765835808838556e-03
-4.591892008127674077e-03 -1.372781040695644338e-03
1.195719053799161775e-03 2.308734706366077829e-03
-7.366480106789258762e-03 5.045291947575301569e-03
2.941846976962615538e-03 -2.883667172912135479e-03
-1.247605081533306390e-02 -2.244583714902238618e-03
-7.335698131785799159e-04 8.652853594577514240e-03
6.256913066888157571e-03 4.989091988868308604e-03
-6.882202074232294381e-03 5.712730923949275660e-03
-3.143688100050850151e-04 2.085946368268355462e-03
-1.402733095885351933e-03 5.872166538996544290e-03
-2.856365461974637830e-03 -3.441101037116147190e-03
6.092304532840915263e-03 6.736657027978047024e-04
-4.929986146900920164e-03 -3.614586641839647764e-03
-5.469793639254794636e-03 7.624680609469324834e-04
2.906594233265768004e-03 -4.135170061487169167e-05
8.936759271375106697e-04 4.535564279917159505e-03
-9.318440495111521976e-03 -8.341262898329522210e-03
3.391798303743286287e-03 -3.419898283095531167e-03
-2.028820371643093225e-03 9.263038804820419858e-03
5.650304238818233508e-03 -1.133164599163674277e-03
-9.899599688082771562e-03 -6.870802428808490091e-03
-8.401263126838693154e-04 9.868849364476956279e-03
4.307600694903029187e-05 6.171559321404843784e-03
-7.405309232657728696e-03 1.271461344944117659e-02
-7.539837942009455438e-03 -4.238023573345180844e-03
-6.911228091503950413e-03 2.947019895963730231e-03
-1.323478307321422978e-03 5.155424829249709295e-03
3.794171203483894493e-03 -1.254697126261886076e-03
3.188360643827356771e-03 -6.600306730266260018e-05
-8.989766156419296949e-04 -2.973523338486481517e-03
7.056613716875206541e-03 -1.183233716772883089e-02
-9.395172708929047656e-03 2.951394546548957113e-03
8.866509322987144691e-04 2.832640133206258508e-03
-1.290572542601367209e-02 -3.910530811582133698e-03
-5.889824562234310425e-04 -7.543414324181076103e-03
-1.484510459198404861e-03 -3.987007486390548375e-03
-1.131200812306027044e-02 -1.920539565806148215e-03
1.168098035494285342e-02 -1.163914922769489560e-03
3.530957202690492795e-03 -6.697189054579183280e-03
7.326852712507185214e-03 -4.686921092703135241e-03
3.697705002964546059e-05 4.226496158406701652e-04
-4.209253095090142831e-04 3.301942138168940249e-03
2.003242967037251621e-03 -5.498819656527592983e-03
-1.822349058964555912e-04 -2.894268549923694443e-03
3.670786600546859305e-03 8.693407026778999375e-03
-1.285575219373507813e-03 1.532088886238467621e-03
-3.661941181257091088e-04 -9.053502187985323219e-03
6.175618622074070113e-05 -1.065252017944450479e-02
-1.089960822709979196e-03 -1.083568112325901042e-02
1.275899880282502317e-03 -2.453992562234029624e-03
-1.347203636089802517e-03 8.276728598348481779e-04
-1.756601530667846033e-03 -3.040452443708555920e-03
-1.231897835414060439e-03 4.579566324785601383e-03
5.872581498892728760e-04 4.278449236042000323e-03
1.130642024415910545e-03 -4.925611496314551835e-03
-1.941614550322317591e-03 6.203235682930070653e-03
-1.670321747265121094e-03 -2.054270006744489483e-03
8.919516208033522863e-04 1.270599191778083292e-03
1.054344110519281341e-02 -9.298163779011459421e-03
1.274469327413669043e-02 -5.231901504058125707e-03
-5.172918999972811460e-06 -9.794895264417447650e-03
-4.719523492148915795e-04 -5.265557710923898663e-04
-6.580957215985390289e-03 -3.825049296594155122e-03
9.643091840331498299e-04 -1.250600287052527383e-02
6.715741464346228901e-03 -1.936186092313233777e-03
-1.313802968230417482e-03 6.077328505245271732e-03
4.527613247159170511e-03 1.449385485007363781e-03
3.156556512797684556e-03 9.306242581274114939e-03
-1.068869896105940388e-02 6.826544844930938077e-03
-1.179111323661726288e-02 7.206916722237326212e-03
6.671611649973340809e-03 7.295176350983319236e-03
2.515748748454770325e-03 -9.376620299162002903e-03
3.860174270786556443e-03 1.933663517565470478e-03
-5.502396038698072200e-03 2.823763062529999809e-03
-1.389110959456299130e-02 3.486699618812941215e-03
-5.590304010323638578e-04 -8.823688855048805735e-03
1.860507685919565463e-03 2.605477144523310126e-03
-1.552365602338530177e-03 9.166029874897825211e-04
9.102006652943436457e-03 -7.113611943997165746e-03
1.191344403212793879e-03 -1.752099110576593906e-04
2.085946368268355462e-03 3.143688100050850151e-04
6.417146950351534755e-03 6.820573657514857578e-03
1.303083433528486740e-02 -2.772608253319676190e-03
5.053242980332148249e-03 5.023418694645745419e-03
1.150139579329860842e-02 -4.839203943408523431e-03
-2.974449376405893537e-03 4.944962174495202804e-03
6.926204119099594811e-03 -3.587157161396343011e-03
-4.141940681348145643e-03 -1.909012150877679352e-03
-1.163260365948918726e-02 5.773433302746157694e-03
-3.931478026593638285e-03 -3.559983219962149260e-03
-5.836913795299696756e-03 -4.245048568182615938e-03
-1.016134492155134489e-03 1.366554314270453270e-03
1.611599213802857814e-04 -2.214503890206505343e-03
-2.103572740117349953e-03 1.106788926144227324e-03
-7.725776999581978992e-03 9.051650112147860069e-03
-3.964017123258877298e-04 1.494064475457615102e-02
5.922267540784370565e-03 9.277216564001097149e-03
-1.144228995133143856e-02 -5.032295765321784242e-03
-7.448257470102311907e-03 -4.813882077811791095e-03
-9.727040121277320817e-03 -4.898437554880357217e-03
8.695131333111796867e-03 -4.058215124089249726e-04
-8.903741912027699629e-03 -6.035178536215653027e-03
-1.897484735949210924e-03 -3.028126760363980020e-03
-9.536055914209272399e-03 2.963720229892172122e-03
4.448358458595022547e-03 2.166127194751696003e-03
-5.213828520924173801e-04 1.026684761363233847e-02
-2.659921145514170145e-04 6.695464748245024030e-03
-2.730171094000050243e-05 4.992540601537502273e-04
1.082265328961101204e-03 -9.535129876289859946e-03
5.089293992433951584e-04 9.492053869344207594e-04
-9.169606257074452288e-03 -1.069664999381625056e-02
4.527294405375446168e-04 -1.267418778674435711e-02
-9.850424724214356872e-03 5.049666598160526716e-03
5.096574526290288676e-03 -1.151889439564315713e-02
-5.260129252915034942e-03 -8.199453655129886748e-03
2.830915826873241573e-03 -4.151616020439151573e-03
-1.008898735832110954e-02 -1.110589195938201795e-04
-7.569789997200523923e-03 -2.957749042477451646e-03
-7.156017452034752271e-03 3.394320878490831011e-03
1.117297699361751058e-02 -6.159105868558324010e-03
4.039886601933887628e-03 -5.747983667644762304e-03
3.129382571363490372e-03 -1.551439564419118374e-03
-4.747751241003322041e-03 -7.203180919173137776e-04
5.653848969608588244e-04 -8.141273851080765844e-03
9.525326767694408669e-03 1.151729785881366180e-02
5.953273403398154535e-03 -7.405979731566667522e-03
-1.390873596641198709e-02 4.907857354962253012e-03
-1.319901925149801879e-03 3.284187996810979506e-04
-2.799111695843569357e-03 -5.220629628137625315e-03
-4.237895803840516055e-03 -3.817098263836166128e-03
1.282924875121298301e-03 -7.510684155231289521e-04
1.265298503272303809e-03 6.700893206261834953e-04
-8.897770724614121468e-03 1.107066737519550245e-02
-6.777242111557857732e-03 -1.012516613993600691e-02
-1.755004993839493453e-03 1.158144885027750232e-02
4.182494113548269887e-03 -2.495344262848901533e-03
3.535331853275719242e-03 -4.213244437154085170e-03
-1.227009058066958966e-02 4.977436804435175603e-03
-9.831872314447091810e-03 -4.174766968406970827e-04
-2.951522316052261011e-03 1.961763496917715358e-03
-1.036717738671243810e-02 -4.913413582475783040e-03
-1.401516469641011023e-02 -5.233083080984144222e-03
1.231897835414060439e-03 -4.579566324785601383e-03
8.532502644406901073e-04 -2.417015512203023707e-03
2.246308021235036544e-03 -9.211085727195129566e-03
-7.981966005537945164e-03 5.312082330540323499e-03
-2.483146349008990422e-03 7.315325297578716135e-03
7.001084257078296451e-03 -6.787843488568276115e-03
-1.403531364301459404e-03 -1.438784107996946265e-03
-3.604911302750002725e-03 5.851889822895340286e-03
8.554248127831573859e-03 -3.934958290657090962e-04
-3.308168864592770861e-03 5.187101190774937032e-03
-3.413799326176146336e-03 2.357111401820887603e-03
5.266483748843529475e-03 -8.765509050999684831e-03
7.190344157812188219e-03 -2.190650791934822122e-03
-2.372885697831277931e-03 -1.008461270773588353e-02
4.356905756191182914e-03 -8.614950506628455892e-03
1.523339585065513037e-03 -3.682314015476468964e-03
-4.267847859031583674e-03 -2.536823732968438230e-03
3.442825343449163692e-03 4.085996261657990573e-04
4.279503043464497015e-04 -1.599017991459181134e-03
-5.165898436755462023e-03 -9.556332630309334955e-03
-5.540258348817050059e-03 6.304756803166057001e-03
-4.779325200148943492e-03 1.276067420615715868e-02
7.234767839040261335e-03 -4.770683947671644672e-03
5.457961790184595379e-04 -8.186814120171862635e-03
-1.278728012082783888e-02 -5.085947672418832154e-04
1.032876425980109453e-02 7.542639272043221571e-03
4.800255108392169172e-03 -1.215554874846653394e-02
-1.980592361562322819e-03 4.935600890629457393e-03
-4.696942500049940648e-03 7.577207711517781191e-03
1.039951641324185494e-02 9.994549967766989951e-03
5.953571294738037312e-03 -5.696268188530887074e-03
-5.710737674963221183e-03 4.992080516574010432e-03
-2.587403155707994080e-03 -1.155123343968430215e-02
-6.509041697065773291e-03 1.137841321847939471e-02
1.075157329882109845e-02 2.385187558751720657e-03
3.022453769990276432e-03 -1.269034734735365565e-02
5.890501587642400262e-03 1.174609620856395358e-02
-7.179568439728106245e-03 -8.960968233896811786e-04
-5.430029867483967751e-03 3.010473832336642806e-03
-8.078860904163440507e-03 7.145606583964191766e-03
-5.800481481233364482e-03 8.864936880389891541e-03
-1.150476332578458973e-02 5.418845057777408117e-03
-1.289564604518864989e-02 -7.153170851971369249e-04
1.444902575939736693e-02 1.691062513002914358e-03
1.225279797950266231e-02 -7.282451690911329566e-03
-1.263317755682598353e-02 1.067613739894675935e-03
1.118844767730877918e-02 -6.113744263296779294e-03
-7.195538415229448502e-03 -4.762712812546207077e-03
2.559365030958550471e-03 3.064201356642937309e-03
-2.052569647730674834e-03 -3.920659858393912324e-03
-1.089735123667592511e-04 1.357568395489140191e-02
-9.254519820343152028e-03 5.255422659124770433e-03
-1.034913582673244181e-02 -6.072527022869791437e-03
9.009367899010344146e-04 -1.395129095491537234e-02
-1.148242927514201046e-02 -5.798666531734611267e-03
1.388079959773425194e-02 1.470094487095532009e-03
-8.158216222347377741e-03 -8.201007401727782725e-03
-6.250396397671687324e-03 1.100969884984777727e-02
-8.323238668136080534e-05 2.127420130827837805e-03
-2.100441112631196670e-03 2.240550230326809552e-04
1.069398241736414443e-02 -8.400810369414516213e-03
6.316701567677963100e-04 1.076225851172868918e-02
7.689522047010443999e-03 7.935151401345401020e-03
2.508879781671760623e-03 -1.386119176145643277e-02
1.125554141226493832e-02 -8.393778638790535618e-04
-6.534860343054752115e-03 1.158828611336889386e-02
-1.324212180455539532e-02 -4.901509051418156265e-03
3.848820873391315192e-03 1.131877977685033509e-02
1.133763878837026721e-02 7.852924557056773381e-04
-4.776443392339829144e-04 9.283559007901079352e-03
1.117279856056566665e-03 2.786196398960885060e-03
