-7.797416004843068377e-03 -1.908613016670415892e-03
5.679330256089890408e-03 1.632546428821870501e-03
-3.302405157128537189e-03 1.602067469918873333e-03
5.093333393573818736e-03 2.642055060345691042e-03
3.791983878191281052e-03 -2.496669434974435348e-03
-4.339279384343330305e-03 7.193792770480504986e-03
-7.488810902305158366e-04 -4.095256640874946237e-05
-2.383950093800720794e-03 -4.937538045450964169e-03
3.823197220756121683e-03 1.511013901722978040e-03
4.714813592104893751e-03 -6.552330332919855185e-03
-9.162581262236443869e-03 -8.993725847107171892e-03
4.885058064113856000e-03 5.534998438143172092e-03
2.001390891199788906e-03 2.593151461180094684e-03
-2.366786740911322375e-03 -4.335703002172388784e-03
1.531625867278081600e-03 3.308567998799573102e-03
-6.326492516361519047e-04 -3.350446603130917476e-04
-3.092070271879264910e-03 1.130803260668070478e-02
-4.133191380175980575e-03 3.058877083970475315e-03
-7.129977028470456044e-03 -2.392891049228521722e-03
3.802920504656058694e-03 3.713192108586268157e-03
2.004041235453359309e-03 1.812130990465897788e-03
1.077299889911613679e-03 1.360854491558551559e-03
5.650767257777258856e-03 -3.156157378590881447e-03
-1.041084418212515766e-02 2.294956081392202779e-03
-1.472050676073257021e-02 -1.125469105415256854e-03
4.753387178964252682e-03 8.492220576908014393e-03
-7.827831078995093825e-03 1.394654293624059040e-03
3.756268115535979328e-03 2.368638816749355815e-03
-3.642623318422062370e-04 1.490234253242097087e-02
5.708021023908327329e-03 -4.935685969612359572e-03
2.142401865985247861e-03 -8.776110428009423203e-03
-3.024550378194290536e-03 -2.929521293619862399e-03
-8.944295344228966188e-03 -1.630822122487712335e-03
1.162280055089373425e-02 4.661599227106403773e-03
-7.077560931886141271e-03 -4.633371478247672211e-03
-5.114871397049013460e-03 -5.727834721048684526e-03
1.719289231183621005e-03 -6.716140598553031575e-03
-6.414033587139728737e-03 -9.624586907658085055e-03
8.674280236175050361e-05 -1.036810342463141167e-03
-4.382164319017166007e-04 1.405704330073712788e-02
1.660646408176046779e-03 1.132366330749388916e-03
-1.364632023403162045e-02 3.039398636285160424e-03
-7.219497944589650489e-03 1.078187596979626045e-02
-1.789666949072080560e-03 1.043835337301257139e-03
-8.437026948535592333e-04 1.469585539404602917e-02
-6.028488790832007768e-03 1.272722632318363904e-03
5.459990530660485675e-03 9.672564468904269394e-03
-7.860305708934495900e-03 -7.900986910640318828e-03
-1.258214429587739720e-02 -3.051580724429541445e-03
5.443099124446890147e-04 -1.325004629121096650e-02
-7.535128041968507974e-03 7.579864470499473976e-03
6.812622624758010031e-03 -4.074085538208020545e-03
5.976535713206147619e-03 -1.055234982725741007e-03
9.021362807501071002e-03 -3.278918959698489538e-04
-5.762496676280590320e-03 -5.422742115926660993e-03
-1.009416027732165308e-02 -9.905954184010586083e-03
-1.190881384253768315e-03 -1.847782868369547997e-03
2.607201450857468510e-03 1.404457402219510317e-03
-2.448691873728250576e-03 -2.837940821712037556e-03
-9.607024420561991948e-03 1.067134395391390773e-02
3.029851066698138404e-03 1.367480352189864856e-03
6.997380105402800296e-03 9.396098746847780098e-03
2.266121718376643609e-03 -9.390271154631892742e-03
2.139112674208925105e-04 4.878959107193219999e-03
-2.565849750240664987e-03 1.502136831046719341e-03
-6.853176056960066757e-03 8.478441951934140644e-03
-6.093230570759536682e-03 3.372319856057290517e-03
-9.444347672797462345e-03 -8.969074480420061862e-03
-4.419667690777945648e-03 -8.734359593187067741e-03
6.740728080487238920e-03 7.679523744668129842e-03
-3.578743109679899392e-03 -1.129225831067099534e-02
-1.324255827741257531e-02 -8.643785451616751991e-04
-5.515519990456034007e-03 -4.628070789742573174e-03
4.238358822800901426e-03 1.794105484410100405e-03
-1.539576900035499437e-03 -9.655065866553790965e-04
-1.308842335086915498e-02 -4.781806582078620971e-03
-8.635354992233754828e-03 9.202208656518408997e-03
-3.203336671423571026e-03 7.061403327359560417e-04
9.765070978730605068e-04 -1.008183459398287159e-03
-1.976739524509057587e-04 -2.311385050613719923e-04
-6.480164423946265309e-03 -1.456011345637996633e-03
7.376155445880836284e-03 -4.123388271580419144e-03
-1.510379710008974419e-05 1.199707347128073712e-02
-2.914082247064731651e-03 3.614203333325387551e-04
-8.880399891771514030e-04 3.236338205074222422e-03
3.296641449664302649e-03 1.982966250937189499e-03
7.435804017253070785e-04 1.602993507837604907e-03
-5.301321532640108566e-04 5.298958378783503141e-03
3.845533492646063638e-03 1.190774420941831911e-02
-2.944960340173850832e-03 5.687680423054682077e-03
3.144693848414065619e-03 7.142366596566002146e-03
-4.121663965247512364e-03 -4.111190357741650349e-03
8.395275531743330577e-03 3.062980369854024880e-03
6.264401080686550494e-03 4.669023356151322419e-03
-1.028884863606655854e-02 -1.584169733368202826e-03
4.613430011602079502e-03 4.458560701396815061e-03
3.571510634890617906e-03 -1.110154546830576308e-02
-1.085469655198644315e-02 8.580096897139771056e-03
-8.673002541174927756e-04 -9.888327812169561779e-04
2.443854204182066732e-03 2.376988983713686047e-03
-5.630027522717600229e-03 -1.069013607700296502e-03
-6.746156538496321867e-03 5.239453402608169712e-03
-2.486467192172071676e-03 -1.057154108454573700e-02
3.129047321908339646e-03 -1.088538299083935575e-02
-6.127557276536973498e-03 2.168649769501281629e-03
-1.270552889881443152e-02 6.896523428611344222e-03
-1.018241990606707711e-02 8.556770702579336724e-03
9.936704507618882021e-04 -4.063484161190314371e-04
6.105093235143726343e-03 -1.208443871349859904e-03
8.234243379866347176e-03 -6.079451945786233658e-03
4.148167407770833939e-03 -3.699014349404910421e-03
3.581058204478319504e-03 1.177294413536561935e-03
7.255085937741649615e-03 -4.290248015673287299e-03
3.135018509323059688e-03 6.220462920570440576e-03
3.769056817837648527e-03 4.865292426030520985e-04
8.154860821797754733e-03 5.994225969806223769e-03
4.541663236836543036e-03 4.855233778426663004e-03
7.832077960079520014e-04 1.244622652964758351e-03
-4.321988261950056830e-03 -3.561308392088363521e-03
-3.911631626771390480e-06 -4.506937396851625269e-03
-3.967193789248940443e-03 1.305325031761641252e-03
-5.936573069469713512e-03 1.003080755427198864e-02
2.853715117721067861e-03 4.222121507830344303e-03
-2.083759042975742454e-03 9.276034987074639315e-04
-8.750070004444446964e-03 -7.929613793704031605e-03
-6.184220254203209519e-03 -9.431750624751430306e-03
-7.588214637463694054e-03 -8.847541953321168967e-03
2.669165117028123556e-03 1.144281685504154426e-02
-1.665947096679894646e-03 4.296746106806084101e-04
-1.628970046650249403e-03 8.523242265212784127e-04
7.317975641831715380e-03 1.702125878295474189e-03
1.271335216206797604e-02 2.117351365091905448e-03
7.861231746853117319e-03 3.855001351785223608e-03
-6.524629487777596198e-04 -1.558592328763283553e-04
1.061988612861609806e-03 -7.332951669427250491e-03
-3.123954113354406557e-03 -1.136753758285717966e-02
-2.252742227610142391e-03 -5.871767404788600167e-03
4.094027004852361651e-03 -4.723499008524836146e-03
-1.173718031364369896e-03 -1.245947825090972612e-03
1.123275333449634192e-02 2.637281275552982342e-03
-3.432223966439317334e-03 -3.532681509022829718e-03
-2.129022375219316934e-03 -6.485928131410390561e-03
1.668134421972507653e-03 8.122976980319406449e-04
5.897807246329545873e-05 1.485436497117136219e-03
-2.060831982623470386e-03 -2.055595178871165180e-03
-4.998304308999499887e-03 3.312016611467209423e-03
-5.035281359029935080e-03 2.889366995624718069e-03
4.815606384144018731e-03 -4.183292381963697563e-03
5.520357660002217851e-03 5.089022627740924683e-03
3.680126690183285233e-03 2.813672763536442106e-04
4.477512245371344235e-03 -6.425097983108381434e-03
3.124081882858281613e-03 1.060137700973685405e-05
-5.849702497602727279e-03 -2.362938994037454103e-03
-4.966037159007508734e-04 -8.083221816535170884e-04
-1.035750204762085971e-02 -3.991509906480901482e-03
-8.801352583160794094e-03 1.095576070872724371e-02
-6.554453773460136232e-03 -1.163525400374025402e-02
-1.486362535036438301e-03 4.104963631317819737e-03
6.811696586839959336e-03 -2.809997935360577029e-05
-7.721434000379379797e-04 -6.391697315250357073e-03
2.201715187904264986e-03 2.043269495527269726e-03
3.190547969119969778e-03 1.175969241409886238e-03
1.042382395670487377e-03 1.353711339027537097e-02
8.755961481413915282e-03 -7.012356132998334539e-03
-7.739236200794520799e-03 -7.734127166545628346e-03
3.561244507336711572e-03 1.356479840973325328e-03
1.177554642055814692e-02 6.813149528470620678e-03
-2.434178865092422126e-03 -1.455085307719265492e-03
-1.140317363506916691e-03 4.003707820318989398e-03
-4.829991623275971258e-03 -8.556499337876518826e-03
1.993982587844933367e-04 3.496103593201128380e-03
1.116006052181003384e-02 7.079939911434961729e-03
-5.036542646403707225e-03 -2.398590871940423867e-03
-1.835521069777985154e-03 7.010232692457374348e-03
2.014179593503390153e-03 7.110418870342525123e-04
-1.500955254122035912e-04 -2.932570772079554598e-03
-6.178121297283824254e-03 -3.682840919187255983e-03
2.167851501085854386e-03 -1.183393370455946766e-03
-5.456541917992738765e-03 -3.142634292625436955e-03
-5.611938131908789790e-03 -4.513164123274994444e-03
-1.012861475260432367e-02 2.473119352797061715e-04
-8.817589898130782228e-03 6.307940106595395433e-03
-6.238025407666531949e-03 -1.122291857451119309e-03
-1.084973111293638381e-02 -2.315887470709319593e-03
-2.548095608888937755e-03 -1.127595711094867698e-02
-5.821602518249121075e-03 4.448757592802505233e-03
1.311950892392954766e-03 2.014642612462415935e-03
7.563563270777835627e-03 8.565775542760041203e-03
-5.061657032049952758e-03 -6.573645030754854748e-04
2.049432337198877230e-03 -2.131273585264153048e-03
-2.501698758777396933e-03 1.278246859258130169e-02
-4.363004713111138036e-03 2.866040801064962881e-03
1.489134202120386170e-02 -1.671311087956860522e-04
-4.620119756985725627e-03 3.172458578312520230e-03
1.650172800670294052e-03 -7.100487992238521326e-03
-6.086876074832402173e-03 -1.359264285007342338e-02
-4.371754014282732380e-03 -2.101848433783872015e-03
8.333774884531700011e-03 -8.998371862395215803e-03
-1.981369714103690970e-05 1.791854274360830284e-04
-1.192219333330317606e-02 -3.215790124270661091e-03
8.053732780303480762e-03 -5.708755407570171442e-03
-5.608824768692549818e-04 -7.317177373417977542e-04
1.192219333330317606e-02 3.215790124270661091e-03
3.530829433185257715e-03 4.659747151267119164e-03
1.589342652368175421e-03 -4.939533716491125185e-04
1.048321931691994016e-04 -4.480960858038980990e-03
-4.015746313264316990e-04 5.145749490159384244e-03
-5.335807659311861753e-04 -1.230971797496009310e-03
-1.511013901722297811e-03 3.823197220756692407e-03
9.248525796184020251e-03 6.459648576510011730e-04
-1.161855366980751175e-03 9.179281596171385551e-04
-3.928955451845303828e-03 7.015932515169955204e-03
-1.311492679339440817e-02 3.028398125067477929e-03
3.020175727607132907e-03 4.455766761943026361e-04
-9.983692146193453784e-03 -6.615012557059327461e-03
2.139160733269348646e-03 5.384839027978744960e-03
9.365555903192560039e-03 7.662823410739688819e-03
-9.788221926709094606e-04 1.112314735653203990e-02
1.102414275558430152e-03 -3.803718773070672785e-04
6.031602154041092005e-04 -4.076735882463874711e-04
8.127223861403964911e-03 -2.840463396459120844e-03
1.134090637082296130e-03 1.604318679963138723e-03
1.394386094060302839e-02 3.606763378587465874e-03
-5.149661121785474756e-03 -4.908512028177485810e-03
1.699810783497734089e-03 2.796988255303288311e-03
2.720910714694410094e-04 -9.465550426819924548e-04
4.983280222349095821e-04 4.073287269792592868e-03
-1.085330749510743549e-02 2.511118558858610982e-03
2.869952432691054260e-03 8.869942109962192581e-03
1.029721462872121643e-03 4.062286758574912109e-03
-3.360920210632806649e-03 -1.906361806625470057e-03
-7.456671521819327117e-03 -4.478278862397096910e-04
3.944729747855694156e-03 -3.451191336102197443e-04
2.654316858936574090e-03 7.260179146292157059e-04
5.217851514380750580e-03 9.338844980717391636e-03
3.462176021630385386e-03 2.252406978155100954e-03
-2.299522386235458137e-03 4.140615509220789935e-03
-7.612067735737310624e-04 -1.818357716889727966e-04
9.098765520226965650e-03 7.047337511991684164e-03
6.112916498397270859e-03 7.805430922353390200e-03
3.012687713810672033e-03 7.656453089117509075e-04
5.920543234450213049e-03 6.012251475862020501e-03
-1.302069597723426453e-02 1.671519149887350578e-03
2.903480870053743411e-03 2.762661549525852363e-03
-2.709383299774458399e-03 2.295482985104131679e-03
-3.929418470804329176e-03 9.038925294597162374e-03
-1.518038896561664953e-03 2.120273074046472288e-03
-2.020406319926650041e-03 4.896984613249017598e-03
1.286702406965043941e-02 2.229161076017062773e-04
-1.072912462375622336e-02 -1.260349471892451348e-04
1.108875676600352272e-02 5.453620209037601634e-03
-1.230844027990203073e-03 -1.082335543991579802e-02
-7.481195119001311788e-03 -1.208653050264828048e-02
8.862853230372424659e-03 1.105591523521997407e-03
9.870573670809753772e-03 4.105091400821804515e-03
4.979288880273999643e-03 4.178119462963043873e-03
-6.787508239112554666e-03 2.332859169341259826e-03
-8.183679359119497287e-03 1.193094263447477127e-02
2.697983654349866110e-03 -6.482351749239449908e-03
7.209885908268246282e-04 1.392013561183532908e-02
-3.878598911047795935e-04 -7.823456428408725929e-04
-3.281330172613727836e-03 6.710839910047931671e-03
-3.613197584962571721e-03 -1.138992191380702431e-03
4.168779373326617944e-03 3.432750870151355521e-03
-5.894502810885344363e-03 -1.179946340358205455e-02
4.610779667349870423e-03 5.239581172112154489e-03
-6.005098711518997963e-04 -3.733468824689513605e-04
-7.511274943696824753e-03 5.506802340675717548e-04
-6.798780115032482599e-03 -1.321094580063968127e-02
3.535331853273435371e-04 -4.213244437151363497e-04
8.865631344129298527e-03 -1.103236515303896229e-02
-1.684036487487343978e-03 3.873825126256447583e-03
3.636459894769993647e-03 7.489736940222310041e-03
9.231362443294621398e-03 4.412981437242578797e-05
-1.012685879487959604e-03 7.896484490549965721e-03
2.434003036529347810e-04 5.621677355752700139e-03
-3.673436944799068817e-03 -7.912386556063660814e-03
8.154062553383007936e-03 -1.316724677186125337e-03
9.325258009999613448e-03 -1.064669258722793915e-02
9.226860023205519026e-03 8.917121402794771570e-03
4.632317670825066014e-03 8.325360832815147105e-03
7.983115931080413119e-04 -1.075245081831597942e-02
-8.459554292711835011e-03 -2.986375925542305871e-03
-4.265612474680124423e-04 -4.469960346821299363e-03
9.221224085244590987e-03 1.145218917804071389e-03
4.036310219762837687e-03 -9.209776380768306455e-04
3.919152343250423276e-03 3.419100014681926251e-03
-5.181337483310702492e-03 -6.893202585448833693e-03
-4.873323169233541828e-03 7.985813752411701980e-03
6.388120933079307132e-03 4.054862629529993462e-03
-1.170218310896289915e-02 7.412078688486731931e-03
-1.474827149063102569e-02 1.396777734165020532e-03
4.436032775251235946e-03 2.025243989472153006e-03
-4.628406039198294623e-03 -3.818423435963521836e-03
4.869283768097451602e-04 -1.135814943420451046e-04
-4.520588252320373659e-03 2.535386617035372166e-04
-5.786014525098484573e-03 1.094038554692433607e-02
-6.285140815747570012e-03 -4.438523698612859177e-04
-7.659646162775440685e-03 8.830745501277738156e-04
-2.526222355959952329e-03 1.143765976173411348e-03
-9.618759315440376240e-03 -2.849468236640506202e-03
-1.078141295083723424e-02 -9.242490724016857659e-03
-7.680385897834528589e-03 5.108245536418271754e-03
-3.389946227904463115e-03 -4.672072834611015052e-03
-2.287531952347964578e-03 -5.052444711918543767e-03
4.327288950455265154e-03 1.999267450659508727e-03
1.452834097673178209e-03 2.002316929119200492e-03
1.350652248756187886e-03 5.702257316442842922e-03
-4.120865696831404676e-03 3.199760289251840206e-03
5.282130275349255014e-03 9.262240536405671326e-03
8.627978340272504740e-05 9.861824369640664369e-04
-8.004302277425955070e-03 -5.084647977154557220e-03
-1.061381882308127036e-02 3.625858517759685418e-03
8.544445019236120847e-03 1.004153670078685237e-02
-1.628379258186559049e-03 -1.252760475875155065e-02
-6.616752689083790946e-04 -3.100755688297956135e-03
-1.583115925944344809e-03 -5.114073128634837387e-03
-2.280043938549572088e-03 -5.372513344635529951e-03
6.331793204867650245e-03 1.788405661698198694e-03
-9.515685407955479583e-05 5.402864534033401112e-03
1.851423135292820828e-03 -1.169635551674576279e-02
-1.524137853481049784e-03 -3.628636631517702035e-03
1.384180686118877037e-03 -4.050232439934976216e-04
4.569763216181061674e-04 1.166693036526363428e-03
-3.363905804340166887e-03 -1.045928476233036822e-02
-6.189520942708989434e-03 -7.869709683321894633e-03
7.387092072345042768e-03 2.086473271980964373e-03
1.044079623731543685e-02 -3.575230612261752570e-03
-3.625986287264812077e-03 7.431173827662815139e-04
-4.446506382754619909e-04 -1.025809831245459757e-03
-4.891157021029292166e-04 -1.128390814369823478e-03
-4.622770101238858121e-04 3.953479049031722453e-04
-1.722274824890980809e-03 -1.836782357151866586e-03
5.445173923959646840e-04 7.440833341056713249e-03
9.562431587229289209e-03 5.830112688080309885e-04
-1.443217837429178196e-02 2.575796454035740417e-03
-1.404585171724174672e-03 1.396413765670309094e-02
1.265563537697788135e-02 5.919872735540591610e-03
-2.973060319528027327e-03 -1.124016163784597247e-03
2.255392571863712361e-03 5.090746934074403054e-03
1.257347470515456263e-03 3.013150732769697381e-03
-2.747749406682541227e-03 7.941811707543941848e-03
-2.992874016669064101e-03 -9.448307363485144083e-04
4.093100966934310955e-03 -6.775134496704213714e-04
3.356210310591859185e-03 -9.911526237219183896e-03
9.449776130806546159e-03 -3.949902666856238559e-03
-8.194488216079827414e-03 -5.635855114934057442e-03
1.226597146909641414e-03 -3.017525383354923395e-03
-3.885751675391038024e-03 1.830555630728497628e-03
2.653853839977548743e-03 2.749010694056423093e-03
7.911460518144819085e-03 3.725486140535244975e-04
-4.268438647495844535e-03 1.084310525230507138e-02
-4.125112577912099367e-04 -1.064112053401319261e-03
-1.982040213019138370e-03 -7.493441091901121252e-04
-5.410687797282182077e-04 -9.109031647778808097e-04
-2.792549719965158744e-03 -1.494712702000659029e-03
4.037108488177013760e-03 6.389973008916198689e-03
-4.531524878786512625e-03 -5.956322881858308604e-03
1.451109791339590767e-03 -1.262648159020555516e-03
3.851424969614173233e-03 -3.034225717285186745e-03
-5.502810998601983562e-04 -3.855799620200650417e-03
-3.129797531272189137e-04 -3.983031970011444156e-03
5.978595269002612246e-04 1.154367353183609855e-03
-2.479106947878914700e-03 4.653264885835781735e-04
1.332227608493588046e-03 -1.875355944015549533e-04
-1.907623094000032151e-03 -1.927037656934157180e-03
-1.376692672320484548e-03 8.495461127651089510e-05
1.348001904503978807e-03 6.483277787158181482e-03
9.923788035810177099e-03 9.175561618796145014e-03
7.703648207643310972e-03 1.242499212424477955e-03
-1.300353262434543640e-02 2.273354193166605974e-03
-9.941542177162475055e-03 3.602532323199931098e-03
-8.276728598354191188e-04 -1.347203636089122072e-03
-1.160131060647953682e-03 4.182893247755072562e-03
9.439046984292122182e-04 1.053111542185460178e-03
9.428110357827475946e-03 4.321253878288212717e-03
1.059745373860662004e-02 3.083257085954087869e-03
5.476355615133775973e-03 2.963448865189353791e-03
6.181234660496420438e-03 8.788276690458516997e-04
6.540403783784122863e-03 8.229405710322096681e-03
-1.087047084799547259e-02 1.909283515581177912e-03
2.628787513388216972e-04 -3.891451498103620180e-03
-4.566314603522403197e-03 -5.137000188987789900e-03
-7.924249220447850475e-03 1.509560960091637771e-03
3.527380820518871696e-03 -1.870183025010571393e-03
-1.439119357451525399e-03 -7.930412062119456679e-03
-1.283707201445937092e-02 -1.503190638469435042e-03
-1.986079614149784817e-03 6.100654699805706932e-03
-2.549277185819743673e-04 1.548390085960106403e-03
1.160252383479231167e-02 6.863777433968551792e-03
-9.550904172300821865e-03 -7.753078710520156652e-03
1.231396485603472764e-02 8.505073163963157434e-03
-3.567471233760542183e-03 4.251546659310625337e-03
-9.544342196421839661e-03 -4.027161784383870811e-03
-3.121814847124718996e-04 3.327918676980904517e-03
1.927436791140279193e-03 1.747852229496251689e-03
6.263938061727524279e-03 6.692016135578529590e-03
3.607098628042616165e-03 -4.609917514182790797e-03
-4.001520495026376391e-03 1.016549452056323636e-04
3.121814847124718996e-04 -3.327918676980904517e-03
1.942875837695519012e-03 -9.152778153642488141e-04
-4.120865696831404676e-03 3.199760289251840206e-03
8.423040261641784321e-03 5.407335302737479275e-04
7.336331159581935962e-05 1.422522821695667260e-02
6.968817107089598888e-03 4.607394939435708811e-03
3.641297564314816600e-03 7.950688778219520969e-03
-4.464132754605412874e-03 -8.836940576311432330e-03
1.144771840933994991e-02 -7.886681381953834433e-03
-2.686919258381212545e-03 1.335277086952709521e-03
4.790491998498562498e-03 -2.442066013096936411e-03
1.850832346828559750e-03 1.683573468527747689e-03
-6.321862326771263401e-04 -2.358037439740299189e-03
1.246809978257621722e-02 4.587645127045752828e-03
-5.857190511401119334e-03 -2.042870361320467051e-03
4.203569098063079240e-03 2.613428177280157239e-03
-5.505844651366388967e-03 -3.706167113748152619e-03
-2.276132306922800264e-03 -8.655759477839053331e-04
1.175905356657553844e-03 2.487920133802841438e-03
-7.573031129916993863e-03 1.120320041351139696e-02
-2.086409387229312424e-03 1.708623969421660827e-03
2.387526475970981003e-03 1.105320158812110511e-04
-1.432780920008103545e-02 1.178283754232874528e-04
8.927498892180988667e-04 8.581549838770432398e-03
-8.806797448839952941e-04 1.427320577820353695e-02
6.658487698216520451e-03 -1.566575012906137702e-04
1.595106359832409743e-03 -4.078987092505175459e-03
1.458262555682261589e-03 -1.091666021815709819e-02
-3.316119897350189132e-03 7.530162602919130387e-03
-4.077661920379070486e-03 -1.985616595190079024e-03
-6.285603834706594492e-03 1.579140409565921253e-03
1.624595396064452447e-03 -3.336268843945695752e-03
1.810741933586889913e-03 4.064937102827801199e-03
-1.159205022728541663e-03 1.369076889017997777e-04
-5.574625832424565629e-03 5.243428918986593051e-03
-3.159206857049894068e-03 -8.525222110558776378e-03
-6.163943538103147830e-03 -1.163392883161471977e-02
-3.039989424748740406e-03 -2.663912487575392438e-04
-2.863390456812072923e-03 -5.144025183825905873e-03
-3.134427720862443699e-04 -1.960039190584236986e-03
-1.945526181949089198e-03 1.696298286078445818e-03
-3.592920868860577550e-03 -3.341170398243531545e-03
-7.783701264617685911e-04 -7.836708149664062999e-04
3.131106877697649189e-03 1.713525523719957623e-03
3.921339668543036283e-03 4.661072323394474873e-03
-5.197702567783992790e-03 -1.840869817339180897e-04
-3.950030436359542457e-03 1.907160075040217071e-03
7.635920834007062230e-03 -5.210826519542635475e-03
-7.092536959478711305e-04 -3.993234212815958560e-04
3.671249619506454943e-03 6.670414247351111325e-03
-4.293888282597811516e-03 3.250388194750453933e-03
-1.903248443412874306e-03 5.569069604914024746e-04
6.565182919974428370e-03 -2.845764084964900326e-03
1.628842277144442732e-04 1.050461197932570437e-03
-1.077266364966427900e-02 -4.274601489166881749e-03
1.955329290543970401e-03 -1.213133081593032944e-02
4.245383817638337387e-03 3.497029631119859521e-03
9.076301478833719363e-03 8.007543410143105889e-03
7.537985866171992289e-03 1.232999469105286808e-02
-4.981476205567183374e-03 -5.420091771674913350e-03
-5.886679547631801582e-03 -2.785588609878804876e-03
-2.619990153159138142e-03 4.776521719267931825e-04
6.505741828552107781e-03 -2.308207802654828941e-03
3.012224694849714637e-03 2.788638088338496641e-03
5.221890915511398328e-03 2.488846171721572145e-03
-7.074910587633931325e-03 -5.414391948963010771e-03
7.316714354457153936e-03 -3.585831989271490074e-03
-4.844169382456649416e-03 -6.054114254490546021e-04
-5.403199783488441682e-03 -9.429100280498540348e-03
-9.910664084051425127e-03 -1.723727766521750138e-03
7.373968120587651685e-03 -5.365360580292288621e-03
1.352041305634625037e-03 -3.667210218376380088e-04
2.250219652861807935e-03 -4.704148330343505165e-03
-9.118706986871878348e-03 4.488784121291843759e-03
-3.346742451452128491e-03 -9.857449719052934281e-03
7.167417097462637282e-04 7.925478856460907526e-05
-2.903480870053743411e-03 -2.762661549525852363e-03
8.394940282288178984e-03 -6.270963056566212709e-03
-2.372885697831277931e-03 -1.008461270773588353e-02
-2.730123034834117460e-03 6.520653971395310063e-03
-2.954507909761552430e-03 -6.591159458787644240e-03
-9.451500437140134686e-03 6.849375787164818999e-04
9.370521342242619373e-03 -3.233160957109403131e-03
-1.181206045162762602e-03 -9.258791923739857765e-04
-1.210695081391864787e-04 -1.668597440928678839e-04
6.822872344641626660e-04 1.023252090785422078e-02
-1.246233607511198181e-02 -8.172678847901813926e-03
-1.602929623085952958e-03 -4.934887701198074211e-03
1.497278413506097222e-02 3.580994901693484306e-04
2.962123693063248818e-03 -5.085845379776106692e-03
-3.046934709146503512e-04 3.007850044264598344e-03
3.452037663580354108e-03 3.353496081586746121e-03
7.190344157812758943e-03 -2.190650791935503001e-03
-1.439965684928189767e-04 2.816338933484619292e-03
-3.828497909261901165e-03 5.102703970655763331e-05
1.195256034839565487e-03 4.331727485793965444e-03
1.062614450642448624e-02 -3.484975312479462843e-03
-3.109201973379100217e-04 8.615876544547868346e-03
8.325233063310592471e-03 6.724618535021807154e-03
4.683807729490539057e-03 1.013086596264858863e-02
-2.253668265529553977e-03 -1.825781845935327058e-03
-1.451300863582812451e-05 -1.382855513992772281e-03
-4.825153953731148304e-03 -8.095547499879309633e-03
-6.238951445585944403e-03 2.923693701402154017e-03
6.309792182433428438e-03 7.256187804224128145e-04
-1.036411208255767552e-03 3.568732521134424050e-03
-2.500900490365810152e-04 2.009341923956636019e-03
1.216651967487416240e-02 4.791481921168946022e-03
-1.452767047782648618e-02 -1.355282438351095194e-03
6.074550391487826273e-03 1.345175964479205719e-02
1.120503666365879700e-03 -3.824522392882906668e-03
8.939314661532068995e-05 -1.817830813177337846e-03
8.226164577605625874e-03 7.620545672204725313e-03
-8.903869681532144975e-03 5.321757669632470877e-03
-3.582910280315782653e-03 6.914676704171125732e-03
1.206064891801611038e-04 2.189852523520075325e-03
3.626449306223837859e-03 -2.766110162193489118e-03
-2.372550448375556481e-03 -7.506692813163263860e-04
6.925533620194298905e-04 -2.225504401423725534e-03
9.258153076223336105e-04 4.497262057760619339e-03
-3.282926709442649839e-03 -7.911061383937446553e-03
-3.056689758678542319e-03 -2.891219071464002678e-03
-5.607100462363967704e-03 -4.052212285277784383e-03
2.844167548140169631e-04 -8.056718374006272389e-04
-2.496270300761947226e-04 -1.365085546942933746e-05
-4.343654034929126176e-03 4.709848153056086888e-03
-2.174876495919426684e-04 -5.195307762528897746e-05
8.747882679145248079e-04 6.687641484988274612e-04
-3.344219876703794468e-03 7.184660160791708338e-04
1.347363289772229508e-02 6.345172695634152329e-03
7.468869435658666636e-03 1.194564729736737746e-02
-2.694279502674369522e-03 -9.701590486176605438e-03
7.721737598450760520e-03 -2.201651303151361434e-03
-2.478180909960863570e-03 -3.580659070270836818e-03
3.025013397153315884e-03 9.065285141926547954e-04
-6.372218867564470590e-03 -8.740985453818381906e-03
6.577636372816074873e-04 -1.406181708553668917e-03
-6.237562388707506601e-03 -3.145284636878326479e-03
4.857293334215400521e-03 8.057245277723449478e-03
7.402195869445132512e-03 -9.910600199299773178e-03
5.180076195937501071e-03 1.605244717883011962e-03
-2.949334990759647571e-03 3.203735805630263979e-03
4.228811253213199395e-03 -1.048473439743222504e-02
1.241787101128451545e-02 8.070097864777451072e-03
-3.725486140547756668e-04 7.911460518144928372e-03
-4.527948496614891960e-03 -1.078332891142692006e-02
-5.506644083788452514e-05 3.021500899733346734e-03
-1.749576535830410506e-03 -1.337528296998796804e-03
-3.865474959290975468e-03 -3.716225761347927061e-04
-5.080033613259152953e-04 -4.995190945788155305e-03
-5.362774120791621336e-03 -2.476520488378357570e-03
1.069917256856458415e-02 1.406309478057653044e-03
5.638313804928808334e-03 8.059895621975197988e-03
-1.397818764638046433e-02 -4.810433465143475196e-03
-4.532450916704563321e-03 -1.910337323003893613e-03
6.192299056465863302e-03 -4.268246993239066360e-03
-6.710153585442342992e-04 5.311284062126718150e-03
1.103819274525610038e-02 -3.978704796502550989e-04
5.356547394368362316e-03 8.084546988661626271e-03
-4.570354004653050077e-03 1.712998620008028723e-03
-1.779400821516813336e-03 -1.141418997197669004e-02
1.202517345063491318e-02 6.826800383939368201e-03
-2.273481962671161909e-03 -1.646596418498563665e-03
-8.848340221736025052e-03 2.772639904700946456e-04
-5.372849176066823301e-04 1.495297043792004690e-02
-1.727575513396189567e-03 -2.747414157230112499e-04
-1.150703173125896747e-02 -2.932698541582858497e-03
-1.240693438481973825e-02 -1.860236321216747132e-03
3.650174634991646024e-03 1.561641807222052987e-03
2.641400387125938422e-04 1.396506369461521322e-03
2.192119559261012686e-04 3.316918165764365205e-03
3.371186338186713417e-03 -1.055166350265361944e-02
6.466912702683639581e-03 5.361113699211046517e-03
9.859509274841672666e-03 9.252166063107863589e-03
-1.179363581136559647e-02 -3.368999012894780421e-03
6.545704472288542755e-03 6.667364768891418693e-03
5.926769960873471202e-03 4.042249755787504992e-04
1.983301500392339357e-03 6.037301976755934073e-03
3.606859496705864393e-04 -1.007533650285236115e-02
-1.879060095686040360e-03 2.861666150479736867e-03
7.766537911733949195e-03 7.234873106392558130e-03
-1.329242014786228242e-03 8.740458550106453006e-03
2.641400387125938422e-04 1.396506369461521322e-03
4.149891714104992323e-03 -4.340492612658344244e-04
-2.819388411944202203e-03 -3.018451421273654536e-03
-2.736876082997247162e-04 -1.367534625130452722e-02
1.054516541152697093e-02 -6.033198690872383640e-03
9.251048370932353840e-03 1.122188059278310737e-02
-1.949102564118778899e-03 6.523304315647519142e-03
-8.571618960674616062e-04 -2.089921884648601128e-03
-5.965982395251280806e-04 4.133590514382673095e-03
8.722433044051226131e-03 -9.050755725619951883e-04
-1.001974315830311650e-02 -1.108364773175395113e-02
4.106687937650726518e-03 4.751327623175623585e-03
1.060136537023576150e-03 7.590194482811179469e-04
-9.004997723025849957e-03 -6.381223707744604345e-03
1.407023113724742425e-02 2.211582181251477500e-03
2.519532610575735479e-03 6.487253303536603954e-03
-1.831018649686952252e-03 -1.862758895964511082e-03
9.007648067279419926e-03 5.600203237030407233e-03
1.002550686576735191e-02 7.498614010897889162e-03
6.533378788945326879e-03 6.526481563611195684e-03
9.012917104397784318e-04 -7.141440558647271439e-03
-6.442724354956805635e-03 -3.056354509222712016e-03
1.152741492846821175e-05 -7.170067441712125664e-03
-4.173489273373930759e-04 -1.525063891399671204e-03
-2.073492915421836121e-03 -1.153042181057162621e-02
-6.598583587833242031e-03 -2.403891560446203349e-03
-2.710644587148231411e-03 -2.992474882461010257e-03
8.810149943391451521e-04 -4.939262351783301093e-03
-1.488342380376414965e-04 2.355387095487409231e-03
3.129797531272189137e-04 3.983031970011444156e-03
-2.932969906286356839e-03 -3.505379798084650757e-03
1.185711630391992483e-02 -4.018556078409969007e-03
-6.865341155430117193e-05 -2.407340173112698222e-03
-6.572207914813225221e-03 1.142839938253999328e-03
5.679074717086222317e-04 2.434641884052018632e-03
-8.928776587233349217e-04 2.775386367075870046e-03
8.959910219345696737e-04 -5.579399617218416645e-03
-3.889791076523045361e-03 8.680554439723174587e-03
4.083425627843304158e-03 -1.599417125665983591e-03
-4.088263297388127111e-03 1.138465287668773748e-03
2.641400387125938422e-04 1.396506369461521322e-03
3.174310654149982945e-03 -3.471851360721961606e-03
-2.398463102436548811e-03 -6.320393559443736667e-03
7.708821126647365587e-04 1.103739447684535125e-03
4.067986581288064556e-03 1.063712919194517020e-03
-2.528872700211590684e-03 1.924786446888069463e-03
-5.304131297783476820e-03 -1.032502741768145764e-02
-7.512200981616236339e-03 4.596665792920845081e-03
6.083014830075839097e-05 -6.606534620590551882e-03
-2.916269572357344658e-03 -8.805519753800101915e-04
7.204857166449947850e-03 -8.077952779415881884e-04
-9.095189138055346720e-03 -1.187434354156029562e-02
3.501803415913030092e-03 1.894036123282254831e-03
1.439119357451525399e-03 7.930412062119456679e-03
2.956695235054165437e-03 7.833131767500193729e-03
4.766974149682030003e-03 1.392106164975520297e-02
-4.167055066993030285e-03 -1.677857820115988621e-04
-7.930012927912654871e-03 5.094594680948380180e-03
-7.521876320705880511e-03 3.674762116926424526e-03
8.252321338757157704e-03 -5.627752619112606422e-03
-3.998605311075732575e-03 6.711706416453628969e-03
1.002542944466597134e-02 5.081097964758553992e-03
-1.128190032799323075e-02 -5.960161799425547739e-03
6.479461912544589967e-03 4.491944290232357563e-03
3.509412573602519164e-03 1.799481963768072637e-03
7.582213758457602253e-03 -1.647584483585420303e-03
8.693530656407108884e-03 4.311836717524900921e-03
-4.146046629820145275e-03 -1.380710966298913378e-02
1.153836959544864670e-03 9.088296761414682221e-03
9.937956841823950352e-03 -5.448776263901461241e-03
1.242651936098705667e-02 -7.436869430703314625e-03
8.748796489114704991e-03 -1.109908633501417025e-02
2.695403058537190581e-03 -2.407608416456966886e-03
1.207777397162001533e-02 -2.528012512119007845e-03
5.760443457436366203e-03 -4.130209487282199103e-03
-3.629695184591194275e-04 9.142629588678214889e-03
1.285066478180351204e-02 -7.670868646900411668e-03
-7.144006186713406509e-03 5.433282175695116657e-03
1.361654453560929255e-02 5.238187335214873272e-03
1.068240376311792306e-02 -7.990241941332252087e-03
-5.566937691533478151e-03 -4.881702121334065975e-03
-1.086497648093156729e-02 -7.195327529990642144e-03
4.802347033705333876e-03 -8.665362975666755091e-03
1.355857450631191676e-03 4.416404952092660430e-03
-3.059458877093706834e-03 5.246581981317905569e-03
7.906791158185016988e-03 -8.274298112696938613e-04
4.551945838633802977e-03 4.992224033444826736e-03
-8.730919514869893427e-03 4.325444718312928573e-03
6.740393740028104673e-03 -6.760032971413126174e-03
-8.673605765030525938e-03 -8.653643032730914258e-03
1.213937904220964079e-02 3.556649499200410661e-04
2.240826094893043959e-03 -7.848658454136192520e-04
-5.951336806956282824e-03 3.547366576314558290e-03
-1.225016694236385692e-02 5.940313891655036281e-03
1.699280597809110002e-03 -1.462343962315501740e-02
1.426422285841803805e-02 -8.582855649561886829e-04
-2.375109193407857686e-03 -7.651883912464650661e-03
-2.313651114811986209e-03 1.458080440464732189e-02
-1.162758283433417035e-02 -8.180003527311085348e-03
-3.981132978975667966e-03 1.158988455579675753e-02
1.348119589073747517e-03 -5.958437193210102019e-03
-1.022111559468642100e-02 -1.953644660687930620e-03
-3.890688377434517019e-03 8.072449689998829545e-03
-9.356093953486327441e-03 9.579510383179690516e-03
-3.140529812448924086e-04 1.417174077027009114e-02
-7.919730578324738618e-03 3.078555026605007440e-03
2.627999217458030969e-03 -1.320343279665691164e-02
1.273926949526340028e-03 1.282054402070045666e-02
1.956853302524889406e-03 1.322044658397295534e-02
-4.988442111489978757e-03 -1.731160571415916354e-03
