8.509351696428415872e-04 7.697948384930729249e-03
-6.150228797882988617e-04 -1.756202396461043359e-03
-6.766512965045934575e-04 -2.460618422864662910e-03
-4.455766761948735770e-04 3.020175727607813353e-03
-4.535101260957562566e-03 -1.129316852290377163e-03
2.913619228104345413e-03 1.661572446093526750e-03
-4.710263112954801018e-04 -4.572541329945662217e-03
9.463698350979474205e-03 1.081288183241118500e-02
4.741061495621036806e-03 8.351337371627791384e-03
4.787378635285967181e-03 3.619472370444674382e-04
-3.934000601341401150e-03 -1.413589895509493460e-02
-7.607437546147054978e-04 -2.204828551116180292e-03
-1.963615572756538530e-03 5.140448801654285207e-03
1.180987312633558460e-02 8.016819615026628265e-03
1.328778995827202460e-03 -6.717465770679244969e-03
2.055531294118262062e-03 3.617636120300020408e-03
8.144211385727926321e-04 5.252305989662172173e-03
6.366918179059261398e-03 1.030302639524723757e-02
-3.873298222544518683e-03 -9.385497369838041726e-03
-3.539371254406365689e-03 1.106324324614990293e-02
-1.216651967487416240e-02 -4.791481921168946022e-03
-6.573006183225820311e-04 -6.168110708735384702e-04
-1.601668335710819705e-03 3.530701663682087391e-04
-6.748343863788934874e-03 3.997481093895620223e-03
5.913055220651819259e-03 6.332320108579007553e-03
9.166029874897825211e-04 1.552365602338530177e-03
-3.014747269598049527e-03 -1.336455382347060197e-02
-1.344380861203453223e-02 3.731488979344882786e-03
3.561835295795529955e-04 -1.202344914430475073e-03
7.150253744571089323e-03 1.907128423645513757e-04
-1.022629418143028261e-02 -4.925739265818535745e-03
2.899106219467946239e-03 2.787169321014346980e-04
4.126964653751359798e-03 2.549149416311652806e-03
2.641528156634333734e-03 2.608127488776199650e-03
5.128713906774540893e-03 -1.155719661779901729e-02
-1.805105995627320162e-03 3.706965382161757534e-03
8.070433114233853400e-03 -3.083927584864388453e-03
-4.680359116824153905e-03 -3.600935786370898940e-03
-6.819519850084414334e-04 -8.985774814346655839e-04
6.176732240399374334e-04 9.751819257463849181e-04
-4.286735518254569319e-03 -6.403623864386769407e-03
4.166592048034004937e-03 2.190778561438806900e-03
-1.017480412276537856e-02 -3.120234135984413341e-03
-5.811927179158116012e-03 5.370661268798067670e-03
9.838562059830737935e-03 -7.213542582868639509e-03
-2.983533927033208896e-03 -9.356870486773189236e-03
1.502472080502550295e-03 1.189979317666147243e-02
3.012559944305436520e-03 1.212258151475805248e-02
-5.125472774058070953e-03 -2.603752838189831754e-03
7.967947667243684313e-04 6.673463725810803958e-03
7.464159535617147581e-03 1.277592535234035181e-04
7.708821126647365587e-04 1.103739447684535125e-03
-3.359068134794906024e-04 -9.998332924328152613e-04
3.013613751728722728e-03 -3.280340249942663433e-03
-5.220166609178599967e-03 7.761189164163617531e-04
4.019482116329950450e-03 7.811130745065971923e-03
1.297623091340679644e-02 -1.774100133011714299e-03
4.560343416106893422e-03 -1.196884572242382788e-02
6.765842466133483585e-03 5.938297375803191017e-03
-2.606914260462086901e-04 5.133423806816169235e-03
5.313471387419331157e-03 1.912987667256783137e-03
2.603625068685847411e-03 6.231463431788122204e-03
4.671482046147324915e-03 9.989982757368365621e-03
-8.333311865571313773e-03 6.975379082969150948e-03
2.022130626260808424e-03 -1.632019525109941818e-03
9.122953867954371188e-03 9.352096701979338220e-03
5.638313804928808334e-03 8.059895621975197988e-03
1.005533115144716973e-03 1.757527568587257619e-03
7.019844146796046583e-03 8.435892848696358373e-03
1.485771746572176789e-03 9.274965353955690744e-03
7.969049533731037416e-03 7.926963449452283095e-03
-1.404823011481320244e-02 -1.148795299975692921e-03
-6.510116479137904519e-03 -1.757368147695882905e-04
1.058592632367758198e-02 1.025332452766689224e-02
1.095724530174213736e-03 7.250647402402948458e-03
-9.004997723025849957e-03 -6.381223707744604345e-03
7.401317890589217095e-04 -4.926936668440085217e-03
3.653958497115333609e-04 1.742551540992294534e-03
4.446506382746720547e-05 1.025809831243637484e-04
-1.244437445380919965e-02 -2.598931576320321832e-04
5.938133269008376292e-03 1.647391744720772032e-03
-1.211300833214988722e-02 -3.611723487792390525e-03
-8.865339021738050454e-03 -5.796276211233219663e-03
9.533524130870510427e-03 -4.198984129189753736e-03
-1.207349146213619606e-02 -7.253533635114225477e-03
9.414337689357591896e-03 -7.322697043573796888e-03
2.176698345170520119e-03 6.215044497068875073e-03
8.602692227168938499e-03 9.760523058767957630e-03
-2.238013019299699494e-03 -1.258384623798116872e-03
1.292020239083935262e-02 -1.030296812172858470e-03
6.219033802183691548e-03 -7.032892871755510450e-03
-9.884811343863273217e-03 -8.709072579131778985e-03
3.361627465896461012e-03 7.305705739853360879e-03
9.633359538050932994e-03 -9.028032129645372633e-03
5.077867064199564733e-03 6.018621100405309107e-03
4.304859920669715234e-03 1.021577708216985566e-03
-3.743097160693743385e-03 6.476406149933534862e-03
-3.262028491108595780e-03 5.981027768046314787e-03
-1.079998416050466023e-02 -3.525167635724916777e-04
5.500069221488859163e-03 -9.358992017023863227e-03
-9.464615672637059773e-03 9.888711854458932110e-03
-1.067321913427909420e-02 -1.467218458735327453e-03
6.108442529100317764e-03 9.616959311562870566e-03
3.935574513707280658e-04 1.450171381395319072e-02
1.059970487947890999e-03 -4.172830249557765714e-03
-3.863804358712818326e-03 -7.325567158953895028e-03
-1.451138672677110102e-02 1.031073409290945075e-03
-1.079342297976133326e-02 6.285693064548293976e-03
-4.344239730506763543e-04 -2.017517978858933501e-03
-2.635536654479535626e-03 1.379153704200671536e-02
1.216030186849202503e-04 -1.207776951174648755e-02
1.057513627910768896e-02 2.414569540074357288e-03
-7.325776016723108131e-03 1.032846880897374253e-02
-9.838043678891966390e-03 -5.129367547894966503e-03
1.210727763537386599e-02 -7.505349093302599289e-04
1.480801225026671681e-04 -9.350968173081262297e-03
-5.161250793841117013e-03 5.396612138444119300e-03
2.575294989619789001e-03 -7.749934780204060202e-03
5.471634859972499855e-03 1.620328953876940632e-03
1.404027943783967697e-02 -3.964533707916392292e-03
-1.276502069245389823e-02 -7.746257547753784486e-03
7.551080868577592607e-03 8.892161171455956192e-03
-1.437239353293274548e-02 -2.093653494931903194e-03
-9.873753512667808249e-04 -2.484866505223287756e-03
-3.611572254394722369e-04 7.848388463237472232e-03
9.197984660264755391e-03 7.626683754599195399e-04
-8.832917520059613238e-04 4.056854121742342265e-03
-3.985350321926988022e-03 5.740084648912990514e-04
-3.107355536698574484e-03 1.136097653004635062e-02
2.599973808398358885e-03 -1.395747760320165294e-02
1.262154745449289676e-02 -5.257324170282546595e-03
