-5.159464230381717066e-03 5.526520501673254197e-03
9.148068253600616720e-03 7.610870333114400262e-03
-2.204365532155903341e-03 -1.262249024812611394e-03
-5.607563481322993051e-03 -2.029219505850576345e-03
-3.920206150673710352e-03 1.198382175001879053e-02
1.471721756895374555e-03 5.869117060535710209e-03
-6.744639712119804504e-04 -1.218646114152113855e-03
2.803151096974215370e-03 -1.629369180858193742e-03
5.855338435556853250e-04 1.013484147902244531e-03
2.038830960189249881e-03 9.928082975953797344e-04
1.401344039008275456e-03 1.968117992850777634e-04
-1.393856025209882967e-03 -5.168804320020644900e-04
-9.236535362296526691e-03 -9.839025078790334874e-03
5.897280924642789822e-03 -3.384932729795864584e-04
-3.120968519647617477e-03 -2.814614627151602790e-03
-5.967323393075528795e-03 4.000131438147368733e-03
4.398129687306395253e-04 5.648579932482495876e-04
-1.331301570574966410e-03 -3.858449964453540375e-03
3.993234212813807395e-03 -7.092536959481674647e-03
2.923294567195351343e-03 2.583476122089089187e-03
-4.350216010808897679e-03 9.839312269179787199e-04
6.826544844930938077e-03 1.068869896105940388e-02
5.602725811778170098e-03 1.568267667853366068e-03
5.857781299864020172e-03 -1.133705862395418401e-02
5.392726175983260546e-03 1.196245957509948794e-03
-2.077532316552483001e-03 -4.680423001575806721e-03
7.354026653942739855e-03 6.170761052991239302e-03
5.648452162980771227e-03 6.958806518544012956e-03
3.354230465248589799e-03 9.537381086335484925e-03
1.655473489174141919e-03 -8.662528933668520170e-03
9.331229197415694815e-03 6.459153324182998618e-03
2.276260076419738378e-04 -1.049136025806356176e-03
1.246856280153660346e-02 2.564652347619687106e-03
-8.465190230672763050e-03 -1.075827841053300822e-02
-5.115480921111291782e-05 7.528438296584972003e-03
2.548686397353198182e-03 -2.103971874324833506e-03
5.627377178464600983e-03 1.850034078413812953e-03
-8.212242357432127104e-03 7.142238827062017369e-03
1.351153598567078097e-02 2.721836752622229343e-03
4.860869716387022053e-03 3.230239248154837591e-03
-3.457003102630412140e-03 7.542488286262345396e-03
-2.571150438745873745e-04 3.064177772475574569e-04
3.804644810989647220e-03 6.978157196726024816e-03
6.918125316837511751e-03 1.011284045659347278e-02
-1.229945184739696801e-02 -7.122217649969924368e-03
6.823687020727452895e-03 -9.221160200492939038e-03
-1.388845925031135381e-02 2.705679148098281799e-03
4.691088263338446043e-03 -1.088008230233425584e-02
4.881896641843073634e-04 5.174376373224918481e-03
-5.083195035523787458e-03 -3.743144163777337077e-03
5.299421397742528489e-03 -1.492860626163196314e-03
1.173718031364369896e-03 1.245947825090972612e-03
-6.966166762837960533e-03 -5.388415410150366493e-03
-3.528642107892073550e-03 -3.417774842555250554e-03
-3.365885649682864682e-03 8.989622561223622327e-03
-6.278914089322378510e-03 -6.051878870144094917e-03
1.190546134798617806e-03 -7.486160558050688509e-03
2.266456967831794334e-03 -5.632772821165688698e-05
7.938091730170085186e-04 -1.879459229894094204e-03
-2.723433289451261501e-03 -1.110365308315848423e-03
-2.090321018854723358e-03 -2.798313427428822560e-03
1.822732367475744363e-03 -5.128123118310389320e-03
2.565386731281639639e-03 5.208559483804882633e-04
8.936759271375106697e-04 4.535564279917159505e-03
-6.366918179059261398e-03 -1.030302639524723757e-02
-4.845893688790236208e-03 -3.870376513588811261e-03
-5.952810384438339888e-03 5.382986952141283546e-03
-5.181928271774963353e-03 6.486726399824675922e-03
1.102321671765988526e-02 2.422667857830372584e-04
8.137697468909717638e-03 5.392390926528789832e-03
-7.032632849099648698e-03 -6.553783274550515660e-03
1.274065387300604354e-02 1.618097304937694651e-03
2.940920939043775110e-03 1.162318385940456968e-03
1.943338856654544360e-03 -2.938270594791456310e-03
-4.524962902906171265e-03 -2.230405955720880448e-03
-1.150921905655158048e-02 -4.174670850295407118e-03
4.773663895064314371e-03 6.290042370044724059e-03
6.252203166848570998e-03 -6.828796054975203034e-03
-2.811437379186784366e-03 -5.361512833417849191e-03
-1.852556653162147626e-03 -4.948538556667504348e-03
1.773764883557815393e-03 3.642287486986450860e-03
-5.110033727504191374e-03 -5.266882883051474465e-03
-1.778602553106586903e-04 -4.103239324992772122e-04
3.008776082183900209e-03 -3.741292087939873928e-03
-3.371681008540526429e-04 -6.287791159999779091e-03
1.242317169978972291e-02 6.508056923348595410e-03
-8.549745707748485990e-04 -8.479495759360522900e-04
-4.538677643127823208e-03 3.697689177279376172e-03
-1.772040577223656793e-03 -3.773223988473749712e-04
4.125240347418562305e-03 -7.158156718262810927e-04
2.676908669835055890e-03 -1.159112418936850825e-02
-2.379575443213562732e-03 -2.453593428025405490e-03
9.010298411531628138e-03 4.819182766315068672e-03
4.204622905480571039e-04 -1.278949358742194516e-03
7.400343793607669363e-03 -1.818629081592085077e-03
-2.297670310397995422e-03 -3.951355608486898166e-03
-1.853945710040584560e-03 1.120439781612976148e-03
-2.078123105009369010e-04 8.699505983702732290e-04
-1.139391325587504888e-03 -4.227773853428316939e-05
-4.557565302350808853e-03 -1.691109541389550046e-04
1.116456294190049624e-02 -1.793051676986243473e-03
6.646960283287481515e-03 7.013409940422192339e-03
3.346407201996978199e-03 5.235062926326975591e-04
2.000001834321351538e-03 8.662129799460575180e-03
-7.592844827058601795e-03 1.138238584094816014e-02
7.608954372524714439e-03 4.622370967031132899e-03
-4.296075607890424523e-03 2.008415886037904878e-03
1.613531000095009367e-03 1.810805818339222091e-03
-4.519199195441936726e-03 -5.815439676576943280e-03
-1.686479351786782706e-04 2.534572522923492395e-03
-1.394790034173367527e-02 3.243235430408354485e-03
-2.970409975275817814e-03 -1.905036634499936241e-03
5.674620356048942944e-03 -1.018534161502278497e-02
-3.562170545254762701e-03 2.689505717881089664e-03
-4.794403630127132905e-04 -2.064871383760835308e-04
-1.571381031064601145e-03 8.406739061920716696e-03
-1.087438247959713342e-04 -2.597653881264448873e-05
-3.106455511009857846e-03 -1.431759113158368856e-03
-2.090321018854723358e-03 -2.798313427428822560e-03
8.690245604502904852e-04 4.253797869354890293e-03
2.998302474678147915e-03 -1.197414641092778634e-02
1.695436132911937351e-03 3.130436378788708628e-04
-1.538778631620752856e-03 6.345444060336969359e-03
3.412873288258095640e-03 1.688874157033527171e-03
2.045392936068230784e-03 4.718725223731666009e-03
4.927926591111039464e-03 -8.984321872718983859e-03
9.312804557153095408e-03 5.693604133386017188e-04
-3.749243120696611753e-03 -6.657146700391350456e-04
4.499385498302260408e-03 5.994625104014167892e-03
4.203345210441822646e-04 1.007798684710524938e-02
-8.012588559638522331e-03 -1.207552999143060059e-02
3.423937684228109228e-03 -3.458200505252071334e-03
-6.937939013979118816e-03 -9.933655029156709601e-03
2.458367212819826796e-03 3.759844497706919982e-03
-1.424901743047670387e-02 1.424079445104339640e-03
-3.601797939537407407e-03 3.047876572753936003e-03
2.666179523320763751e-03 2.889893899336646536e-03
-5.093924182043523376e-04 1.073787392492325191e-03
9.906624682920778246e-03 8.573726575517569629e-03
-6.872526735136501915e-04 6.634634599941897524e-04
4.106017438740426802e-03 -1.391655922966484986e-02
2.665716504361738837e-03 4.912886678763854140e-03
-6.771143154636190221e-04 -4.376256434374554689e-04
2.285807646013805761e-03 1.787479623779467553e-03
9.496763769381778852e-03 6.728594051400910506e-03
-7.206533413730356608e-04 -4.586192185416233802e-03
2.726546652662496361e-03 -1.693647941826697959e-03
1.165102829975121421e-02 1.163596080989192164e-04
3.721813640253307867e-03 1.252190493603964894e-02
1.095893795669138082e-02 3.188712300947567010e-04
1.043688460569002462e-02 -8.082168009112235957e-03
-5.293194671319268602e-03 -4.115165874120074556e-03
1.054372829559342044e-03 4.344053169137180453e-03
1.320827963069784623e-03 -4.374404358535051614e-03
-4.011195834117382321e-03 -8.202487307899296396e-04
-1.032371807125121105e-03 -3.281266287861395008e-03
-8.806062483201742425e-03 -8.621273351174106765e-04
5.671842242292068209e-03 1.952615061538176674e-03
1.497602759485363493e-05 -6.401372654344351064e-04
-3.123283614444105974e-03 7.300349269983292047e-03
3.144358598958914893e-03 -2.191576829854233709e-03
-3.590398294114174708e-03 7.234745336888112784e-03
-2.671017192866946728e-03 -3.350845737334998478e-03
-7.418768433870269637e-03 -4.071163829252312689e-03
-1.062659111771910823e-03 -1.133493518341322295e-02
3.494443171619873549e-03 -9.142831449847059477e-03
4.847410515171321531e-04 -1.355553803054593970e-03
1.174433307799194713e-02 2.805466191772064757e-03
-6.670813381559165603e-03 1.577429600970988235e-05
-7.239183872226813074e-03 -3.958748086151011453e-04
2.895992856257282103e-03 3.082730182243300851e-03
1.830683400233162634e-03 -7.471184530454583542e-03
-3.639701027486464020e-03 6.671212515766538134e-03
-3.972622247258023390e-03 1.422430217903794189e-02
-4.785654328952379521e-03 2.903017851095288787e-03
5.790389175684281312e-03 -8.456440929499918838e-03
-6.337093893372858569e-03 -2.263647202693434661e-04
-1.297437883756797500e-02 -6.317870984694830619e-03
6.324305191069256454e-03 2.108474294415185746e-03
7.491924265515603060e-03 -2.394487586056873434e-03
8.443731937638602504e-04 3.972031458794443408e-03
1.257419326311997980e-02 5.394642136573735668e-03
-7.968714284275316834e-03 1.406979976967273616e-03
1.651434088043495689e-03 -1.812530124672700246e-03
3.084454488575636907e-03 3.689722318825834103e-04
1.669236288450908282e-04 -5.799537611063249054e-03
5.776083646998367641e-03 1.085158318877384870e-02
2.227420362013411356e-03 -1.307788585861232103e-02
-4.451344052303171650e-03 -1.071905015045841736e-02
-3.261851724927840920e-03 -2.802288943808387781e-03
5.198628605703975968e-03 -3.861898577120035248e-03
3.340180475573148455e-03 6.131532792916647573e-03
5.779660029169989173e-03 6.024577159205236378e-03
-7.440434206843325347e-04 4.199992715896025885e-04
-7.039194824978058443e-03 -1.027970020068748151e-02
-1.749576535830410506e-03 -1.337528296998796804e-03
-6.789232545446713049e-03 -9.321059187978163879e-04
6.159568887517350225e-03 9.149984214190302542e-03
3.321755835310548181e-03 2.417398820722508907e-04
2.633417702978470450e-04 -5.914444277530827784e-03
-9.689264802832709550e-03 2.835162707955164122e-03
-1.202265087588657785e-02 3.749115351192736263e-03
-6.564592131510168377e-03 -1.053416490030860929e-02
-2.177989859135885664e-03 2.284482473887591500e-03
6.920903430604043258e-04 -2.025116219965180384e-04
1.087438247959713342e-04 2.597653881264448873e-05
-4.861795754305073616e-03 8.157463106995776168e-04
-5.234679617814999575e-03 -6.067365975757302993e-04
8.033328294699541849e-03 7.850359005140562785e-03
9.694565491337918742e-03 -4.397203649384018483e-03
-3.390201766915153583e-04 1.804179957707908576e-03
-2.267718255206357079e-03 -5.231630139355306942e-03
5.423141250134714403e-03 -2.107021352783844826e-03
-8.534434430689965059e-03 2.143104016289467881e-04
3.310691439340971961e-04 5.388814544362854290e-04
-5.901192556268200322e-03 -4.168444123870896495e-03
-9.985081203072814458e-04 -5.460342187749839520e-05
8.151747458586518572e-03 8.798239219948770368e-03
-1.129438175121127638e-02 -3.341697301955460445e-03
6.517013704471465857e-03 1.323559716732678956e-02
-3.129717820819211821e-03 -7.782503862000437686e-03
-7.040583881856495377e-03 -4.210721862407001449e-03
1.032132326600653308e-02 1.087981093763189938e-02
6.189185693253267985e-03 -1.464233743097661643e-03
3.320366778432110380e-03 6.310718220352730737e-03
-2.654779877896960329e-03 1.296974864796849800e-03
7.948309798670019632e-03 1.215213443574231916e-02
7.713451316237621234e-04 -9.192533317426723706e-04
-2.058644657330857379e-03 -8.136228701586163421e-04
1.516186820724202237e-03 5.971698043661216246e-03
-5.608824768692549818e-04 -7.317177373417977542e-04
-5.638313804928808334e-03 -8.059895621975197988e-03
-4.878496088234085364e-03 -1.809081512005063707e-03
-7.170530460672511902e-03 2.011465364497597077e-03
6.743841443699834237e-03 4.875510494526725559e-03
-7.762163261148152457e-03 -4.750928488968140032e-03
7.802222023005917634e-04 -7.308300302740139594e-03
1.127065642244289663e-03 -9.860546674594016479e-05
1.144401425766366359e-02 8.297260853460398586e-03
2.983661696537083952e-03 -2.000065719074255524e-03
7.508289349989464949e-03 -9.103603189772470350e-03
9.711138055763056734e-03 9.584560379168065650e-03
-1.426525474544669027e-02 -3.223741157027508637e-03
-8.090709830333915956e-03 5.286105791727679221e-03
1.689337175992552736e-03 -5.435866067685302810e-03
-3.674826001677505751e-03 -1.843408217783179884e-03
-7.126863665259791474e-03 -5.196904299370387441e-03
1.157943735355340242e-03 -5.424865556467621183e-03
-5.493518968023174825e-03 -3.565283908467929176e-03
-9.229973386416184464e-03 -6.113108152652906718e-03
-9.455412068766906944e-03 -3.821999818135142935e-03
-2.971799032152894291e-03 4.163941703781685703e-03
5.212215576421753288e-03 1.566942495727152241e-03
3.006253507435565318e-03 -1.431720782307198056e-02
-7.232494126843167816e-03 -8.026894088324436002e-03
-1.207581718182780496e-03 -4.472610691074189321e-03
7.209104047530508208e-03 1.303308554532913235e-02
2.172689170632037363e-03 -7.224415324575946071e-04
-3.293448376005096451e-04 2.726083633703471013e-03
-6.908577747251740467e-03 2.165999425248392105e-03
-5.959244590813444868e-03 -9.699866179842447922e-03
4.947149499789747426e-03 4.216421685118903161e-03
8.191837871828189926e-03 6.416875585648715991e-03
5.287430963850029818e-04 7.700199594976573671e-04
3.551233918790555350e-03 -8.899367261442473614e-03
-1.864882336505362418e-03 -5.089421761947727357e-03
1.204027724773500292e-02 -5.170273087341368048e-03
-3.381196926732868771e-03 2.958164002378204944e-04
-2.798776446388418632e-03 4.113313798282611407e-03
9.137131627135050213e-03 1.401008789551873995e-03
1.259009532863481634e-02 7.085193122853472233e-04
5.169937837885538179e-03 2.706333821314195476e-03
1.603520411548853362e-03 -8.445041284076576851e-03
2.639340831341720293e-03 1.366155180063650812e-03
6.489376744076885001e-03 4.400907801059624792e-03
3.739232532151815988e-03 -9.590132432375522015e-03
1.303201591221360856e-03 -2.953246622386418961e-03
2.506408658818344397e-03 -9.645805487366478472e-04
7.390540685012788810e-03 8.616403448259797246e-03
9.386758657212605772e-03 1.414659645022444713e-03
1.001974315830311650e-02 1.108364773175395113e-02
2.337297704679279671e-03 3.592984753612909511e-03
-3.771707162091218930e-03 2.944912281111445804e-04
-5.873092576915385152e-03 2.643252462967240948e-03
4.471157749442847967e-03 1.053986472302119101e-02
5.222353934471783699e-03 4.658533922955068567e-04
1.206064891801611038e-04 2.189852523520075325e-03
-3.261053456512304390e-03 4.508661703185783652e-03
3.535331853273435371e-04 -4.213244437151363497e-04
1.105661738551927224e-02 5.491922431193460921e-03
-4.746362184124885975e-03 -6.789296430197794274e-03
2.994598323003222484e-03 4.209795824487590730e-03
-2.822501775156227230e-03 -2.144381711329306980e-04
4.255522175688368665e-03 2.395940527688214354e-03
-5.204264543664335017e-03 -3.910003907871346246e-03
-8.893012765493441094e-05 -2.051619662487274968e-04
7.734046874130710153e-04 1.167965518281664089e-02
-7.163377696329841296e-03 -7.642546694638945384e-03
2.421390162797337395e-04 3.337194881868775953e-04
5.467143295003156281e-03 1.855240976772606562e-05
-1.677809761063513583e-03 -1.734201374027502865e-03
-5.263705635086655607e-03 -3.372447625561275295e-03
-1.063249900234810794e-03 2.044993801861428109e-03
-1.204468354970184962e-03 -7.276623941215592736e-03
9.499877132594373302e-03 3.924580801259507090e-03
9.196572718558729959e-03 8.634525072429444920e-04
8.722305274547351508e-03 1.045186063328545044e-02
2.449617911646871996e-03 -1.208044737143057230e-03
-5.393987463357822858e-03 -6.484203825076913057e-03
-2.636770197535682776e-04 -3.419499148888728926e-03
-1.833668993940522221e-03 -1.081738425250314186e-03
-2.827339444701049750e-03 -6.753900091301407588e-04
6.071692567285702849e-03 -6.458099516759141685e-03
1.012558109975786552e-04 3.460451715296312763e-04
-3.774692755798578735e-03 -8.258431727593752714e-03
1.619294707559243473e-03 -1.774227902516840524e-03
-1.638980635196976565e-03 -9.403522875893841060e-03
-4.815606384144018731e-03 4.183292381963697563e-03
1.949437813574500349e-03 2.810639110772037135e-03
-5.587286765222931363e-03 -4.231397712713866680e-03
-2.597653881267967787e-04 1.087438247962896343e-03
6.846614081081085421e-03 -1.220435887807042562e-02
7.980449179154270115e-03 1.211383221358645901e-02
9.667039892781795207e-04 9.426849070453595381e-03
-7.883807150079243792e-04 -1.103951791738220535e-02
1.513664245975867781e-03 -4.604217691470889086e-03
-3.118781194353072855e-03 -1.572642318438592516e-03
3.876076336301392984e-03 -2.752459306722917966e-03
-2.101848433783191569e-03 4.371754014283303104e-03
1.453297116632203557e-03 -2.067585030800678670e-05
-1.443158758582172496e-03 -1.080413253123638489e-03
2.012503346225267761e-04 -4.595867524507239732e-03
-5.020768350392746174e-03 4.272222509618632015e-03
3.482324968221348874e-04 1.140716497713718932e-03
1.004532056290838825e-02 7.319428583461805131e-03
3.455614045751975207e-03 -1.473509947981865116e-03
1.039839072927727613e-02 8.921096919173195777e-03
-2.468505570869858074e-03 -2.658755394275274381e-03
5.147010777533265677e-03 5.689532498892825238e-03
-1.187432771586022272e-03 4.682147307909284226e-03
-4.251482774558293376e-03 -9.245939336683352966e-03
9.499078864180197229e-03 -3.386369845733522028e-03
-1.110154546830576308e-02 -3.571510634890617906e-03
3.416784919884867031e-03 6.195811553885152007e-03
-1.665947096679894646e-03 4.296746106806084101e-04
5.190677572939972687e-04 -1.518837164979047174e-04
9.278014832415273222e-03 1.388683106208658553e-03
-4.944163906081378663e-04 4.336501270590318582e-04
1.136740981335295593e-03 8.232982092496220553e-04
6.919642143221184198e-03 -7.313074087533309731e-03
1.197906379091774783e-03 3.550707015078626884e-03
-9.497226788342734080e-03 -4.705601271974165639e-03
-4.700508063418981815e-03 -1.275569378535391235e-02
6.564719901015403022e-03 -8.227713055376935890e-04
9.296902491638258867e-03 5.255483237626990163e-03
-8.610112837083634674e-03 -3.895953918193972420e-03
2.718132600946052743e-03 2.672406249744704084e-03
-9.922063729476588573e-03 -5.910596530656388355e-03
1.268332156034207743e-04 -3.418173976763194677e-03
1.028460175498349498e-03 -1.225671108990229827e-03
-4.301376296390628171e-04 3.570456827466322413e-04
-1.064583043406028967e-02 -7.692775465930756437e-03
-1.802790900829471642e-03 -6.407998514971995421e-03
-2.359298727113500610e-03 -4.655771634888694957e-03
4.442594751130217283e-03 5.751160915608438846e-03
5.508958014577053537e-03 9.021538636062864658e-04
-8.167649524101355113e-03 -4.112116395660381923e-03
-1.636458060448642109e-03 1.172392859238265139e-03
3.000362030467456590e-03 6.247621036315276818e-04
5.907419282692821100e-03 -1.439582376411231626e-03
4.231461597466769364e-03 -1.126575486814642216e-02
9.006386779904857615e-03 3.122453694634434035e-04
1.367925788293061773e-02 4.233249788551329829e-03
-2.804875403307803029e-03 -1.635595907281562700e-03
-4.720449530065824392e-03 -1.219572152070845213e-03
1.247293745212240020e-02 5.048596965044103470e-03
-7.802716693348277568e-03 -3.465720752415602304e-04
1.187116629359536747e-02 -6.127077849911307869e-04
-9.184550633278159605e-04 6.539605515369837502e-03
-2.191113810894637637e-03 -5.167351378386803376e-03
-1.330637401942205353e-02 -2.810766880277163794e-03
6.857422938040627983e-03 5.362438871336579899e-03
-8.192763909746240622e-03 -2.370890026794301216e-03
1.278870230224068202e-05 -1.882109574146983945e-03
2.458367212819826796e-03 3.759844497706919982e-03
-6.918380855846621019e-03 1.260103195510027356e-02
8.679692286557346564e-03 2.257308532453397749e-03
-3.178222285776754336e-03 -1.035086036129663012e-03
1.778602553106586903e-04 4.103239324992772122e-04
6.709977756881422770e-03 1.648847628543509067e-03
-2.549277185819743673e-04 1.548390085960106403e-03
-5.629564503757213990e-03 -3.092006387126362658e-03
7.858581402595903563e-04 4.636021822500999644e-04
7.414058533829322173e-03 -7.746724214592342131e-03
-6.862260607586810959e-03 -5.823390709334931407e-03
3.301942138169511407e-03 4.209253095083338378e-04
-4.179380750335674570e-03 -3.086689872925029669e-04
-8.153471764922040014e-04 -1.206320430808898846e-03
1.276265489544026535e-02 2.680884186213480097e-03
1.853019672121172974e-03 2.925545777240296311e-03
7.114410212410550785e-04 1.641295729993464412e-03
-6.854437344333268178e-03 3.190484084368317395e-03
-9.540302795291192781e-03 -1.087716059337968943e-02
-1.411780956428748679e-02 4.898500857655621946e-04
8.944630593684116046e-03 1.096476554890794819e-02
8.550671745659951459e-03 4.433510200502902357e-03
-1.061860843356373860e-03 -4.023984536419051954e-03
-1.301812534342923705e-03 -3.115731715894061102e-03
3.979519472592155452e-03 -1.164441826481418026e-03
2.641991175593359081e-03 5.851347093489922633e-04
1.914648088838038402e-03 3.629961803643235851e-03
7.462307459775164827e-04 8.219730371222660212e-04
2.806136690682936065e-03 6.923553774847846301e-03
-9.981169571445120195e-03 3.960903178072777003e-03
-1.365725686049639939e-02 -3.170462907275544383e-03
1.188694058961155091e-03 6.058105596569989416e-04
9.448307363478340715e-04 -2.992874016669634825e-03
7.061323616916154004e-03 -1.444912388417606691e-05
6.039584838182852737e-04 6.903277058746642297e-03
-7.571051284575656959e-03 -8.245706910043735030e-03
5.627712427919750841e-03 1.118397750483405076e-02
5.252769008622448256e-03 -2.837413918000109524e-03
2.210257009125373394e-03 -1.367972090188975323e-02
-5.761570638362539624e-03 -9.468727674781074466e-03
-1.136038481851393833e-02 -6.530057945782816349e-03
-1.313339949271392134e-03 4.054335725818064562e-03
1.687948119114115585e-03 6.331122705951773609e-04
-1.270493811035017066e-02 -6.483405556662166259e-03
4.038034526096426213e-03 2.343987450062925797e-03
4.036901008227098547e-03 -1.430090662335033874e-02
-2.386600438052929873e-03 -4.156517574735625609e-03
-8.060166986678586609e-03 -9.374097724413558291e-03
-1.791854274365264508e-03 -1.981369714106115789e-04
6.440074010704595689e-03 3.837374979938050143e-03
4.613430011602079502e-03 4.458560701396815061e-03
-2.587515523219735634e-03 9.773293376191170834e-03
1.107735712057835928e-02 1.266751444902963417e-03
8.073881726900239419e-03 3.446002591413301671e-03
2.879755541287295703e-03 -1.565090419888547860e-03
-5.590863147394552028e-03 5.956083168547447737e-04
1.008196236348367358e-02 -1.591865227115938503e-03
2.884561559446637349e-04 -7.655670646396446621e-03
4.285474230880007875e-03 1.115665996819805795e-03
-6.721377402306587950e-03 -5.835716392678147284e-03
2.091247056774134944e-03 -1.247672131424450766e-03
-4.514824544856139987e-03 -3.331495059152525182e-03
-6.524629487777596198e-04 -1.558592328763283553e-04
-1.265126072639208288e-02 -3.435928118116174379e-03
-7.353691404487589130e-03 3.163182373428997420e-03
8.329735483406277684e-04 -2.148373053397332642e-04
-5.518968603123780917e-03 -1.115800096602140475e-02
-3.761105785080801414e-03 -2.829590654746565875e-03
7.336065032639164929e-03 -1.742024637280365634e-03
3.243091835209519630e-03 -1.242144739345556539e-02
1.194326831781741469e-02 8.324562564400400308e-03
3.558594163083712326e-03 2.137500311686841778e-03
8.072955688980826966e-03 7.491988150266574997e-03
6.079978849502923940e-04 5.327824975196457976e-05
-1.690598463367114831e-03 1.479082001183393063e-04
7.682317684117373133e-04 1.884759918398051575e-03
1.832072457110238244e-03 -1.354016286873620592e-02
-2.094088473312202825e-04 -1.375195069561624579e-02
-4.398129687306395253e-04 -5.648579932482495876e-04
9.959966817425074462e-03 2.287260587644465801e-03
7.904307753801577754e-03 1.002656067319074827e-02
-2.104371008531526459e-03 -6.204161720848802228e-03
9.264763111154006650e-03 5.293785459782850318e-03
4.127299903206510523e-03 1.188309284273188909e-02
8.320523163269073416e-03 -5.093269508822165920e-03
7.265559545246830751e-03 3.942606307315303822e-03
-6.559546982014859487e-03 1.061766656995445993e-02
4.768826225519492285e-03 5.829090532047513998e-03
-3.824458508131254719e-03 -6.798971769289261641e-03
-2.619527134194098942e-04 -1.545340607496527123e-04
7.376155445880836284e-03 -4.123388271580419144e-03
-5.971235024700939295e-03 -5.068059587031146541e-04
8.108799221141363769e-03 -8.730256307303518176e-03
-3.154832206464096463e-03 -6.041277493134358280e-03
6.858476745463915059e-03 -1.004048289336413602e-02
1.783232742702551415e-04 -1.612668846928610403e-03
1.174340704007389644e-02 6.851451750626479965e-03
2.343524431103900015e-03 -2.015041746669218609e-03
-3.064177772482378479e-04 -2.571150438751583153e-04
-4.024319785874773403e-03 -8.272082583063182851e-03
1.287232475815564686e-02 -1.339124833827149384e-03
-7.074112319219755252e-03 1.896558698030018347e-03
6.101181603516955820e-03 -5.715381268201484739e-03
1.749576535830410506e-03 1.337528296998796804e-03
-3.663761605709423344e-03 -6.990482880069240693e-03
9.204349086695904486e-05 -2.598851283891996395e-03
-8.884519003350924149e-03 7.165565021621773424e-03
-7.589603694342130988e-03 -2.778563615040688904e-03
3.139520929414092373e-03 -2.652528667851443769e-03
1.480598827572204195e-03 -5.199299104617569056e-04
-9.988433697624317376e-04 -9.388546848297735226e-03
1.315192025109425573e-03 -1.214630684352643181e-02
-4.393499497716139065e-04 -2.587850772675456650e-03
-5.139059744776418998e-03 -8.032593911036337714e-03
8.378112178854502882e-04 2.461145326574769050e-04
-3.176833228898317835e-03 -7.104064374410142858e-03
-3.002549355760070031e-03 -1.866734412344076520e-03
6.551132930293980831e-04 -6.251612378383300311e-04
2.768361372237754074e-03 -8.100464879869952433e-04
3.098839727708161025e-03 1.310876395172212022e-02
-7.413467745365061312e-03 -5.633204770681167484e-03
9.755810599550095944e-04 3.037802099456127398e-03
3.706965382167419563e-04 1.805105995634390353e-04
5.089293992439660992e-04 9.492053869337404226e-04
-2.870543221155315121e-03 4.509986875311317034e-03
5.286632695440288132e-03 3.892489479837878477e-04
2.591427154846507024e-03 -5.266355979339545565e-03
3.015801077020546003e-04 -2.038367941231937356e-04
-8.234115610362474288e-03 -5.277484260061211102e-03
-4.307938272273253294e-03 -1.554600986683842868e-04
-8.760671381454861878e-03 -4.805531910846319414e-03
-3.026067204576602526e-03 1.449639325050806199e-02
3.745666738524990654e-03 5.492720699607746282e-03
3.923526993836220014e-03 5.903044632106343483e-03
1.028666131077394727e-02 3.421974246556533372e-04
-1.890922760070230021e-03 6.977901657723062541e-04
1.712727255305210826e-03 -1.044205752468999743e-02
5.198628605703975968e-03 -3.861898577120035248e-03
5.701794297483136695e-03 6.723405306704485600e-04
1.297576789444641193e-02 2.488926464143514233e-04
5.214402901714365428e-03 2.808914804439701079e-03
2.232593281013384168e-03 -3.282990594194873379e-03
4.445708114342812600e-03 2.947147665467034564e-03
6.904075327162069106e-03 6.706992163174635424e-03
6.549280854459591829e-03 1.840358739323487685e-03
9.329041872122511084e-03 5.217181015471130875e-03
-1.817894697929560736e-03 5.589074956308741696e-03
3.411484231379658272e-03 7.757852495314007668e-03
1.345814579211365367e-03 5.241305478445631993e-03
6.233187738121709863e-03 6.613400194539088145e-04
-7.449646526979959542e-03 1.255096260470510428e-03
-1.111572322748644211e-02 4.379577277536846752e-03
-3.143432561040863764e-03 -1.854408729000181066e-03
1.039679419244835500e-02 -5.700804374812182447e-03
1.576090931105548609e-03 3.411148981923937257e-03
8.336297459280035335e-03 1.577543872736888661e-03
3.465081904899079560e-04 -2.124248590424895628e-03
4.143329738226011853e-03 -4.159966187402120048e-03
2.469766858243059929e-03 7.946713261841095027e-03
7.109828081874268110e-03 -6.761866949755631837e-03
5.532220324386406644e-03 7.252898612448355729e-03
1.621482032852427421e-03 -5.322555938049720230e-04
-2.761336377400318547e-03 2.512970634696754576e-03
-4.826543010609586105e-03 -2.026569161598828703e-03
-3.741755106899579721e-03 -9.857833027572637623e-04
-7.221557500378959597e-03 -1.817032544763052919e-03
-3.687614703981106998e-03 3.870135636266217906e-05
-5.242965900027566836e-03 -7.597618611851772799e-03
-2.566520249155618098e-04 -1.716575002179649822e-03
1.644872112165085293e-03 -5.538447050809666532e-03
-2.143200134399995092e-03 1.465159781017073663e-03
-3.782308539100275556e-03 3.418573110969997352e-03
-2.548686397353198182e-03 2.103971874324833506e-03
3.429318083182869657e-04 2.702757439143716259e-03
3.057280547141442723e-03 -1.048870991381064925e-02
-6.646608626168805638e-05 -1.165367864400149167e-03
1.061461709149544817e-02 3.685092129233343266e-03
-2.754646632016101698e-03 -5.118048645013261594e-03
5.376153611559484312e-03 -1.278551807104099519e-02
7.875872524994182583e-03 -6.119079340068306339e-03
4.922290653149538099e-04 -1.675622435770900576e-03
-5.484306647891193376e-03 -6.203874530451595690e-04
-6.915937991544897877e-03 -8.870868147880923288e-03
9.552628478634410392e-03 1.101804379865991418e-02
-4.656633788055774582e-03 7.268161830439622863e-04
-2.997280318645916680e-04 -7.888134323584494040e-03
-1.474962889611274638e-03 8.291832395452457954e-03
6.739466793114037499e-03 2.391565877102308328e-03
-5.480395016264421985e-03 3.886549943806464832e-03
8.156585128131343260e-03 9.259191057945979561e-03
-4.875845743981876285e-03 -2.590101982720402485e-03
2.120736093006748806e-03 -5.049538828656520472e-04
7.898975413902368028e-04 -6.386396626745718605e-03
-9.712064093678518572e-04 -5.538574820305681773e-04
-3.868253073047850203e-03 1.176633410042616720e-02
-7.713451316237621234e-04 9.192533317426723706e-04
7.803179712307874508e-03 -1.676420704186327819e-03
4.564718066694051918e-03 -9.484901104998269203e-03
5.068219007928933227e-03 4.383281429211772183e-03
1.401344039008275456e-03 1.968117992850777634e-04
1.875946732474805499e-03 -5.765290033719070242e-05
5.967195623570292415e-03 7.356804767698933711e-03
9.345646087939281713e-04 9.465151292609453801e-03
4.007763629122560595e-04 -1.245670013715241206e-02
4.702823158217400192e-03 2.640729888219476781e-03
-2.647882652562828266e-03 1.435683521735337323e-02
-1.969251510715537123e-03 -2.631453683335954405e-03
-5.691783708938340930e-03 9.583506571744207850e-03
3.172586347817756176e-03 -6.736816448860576817e-03
2.380501481132974752e-03 -1.592392130827867836e-03
1.843344333031527935e-03 2.003642101245876189e-03
3.641297564314816600e-03 7.950688778219520969e-03
-5.195307762543833986e-04 2.174876495923970358e-03
4.659284132307984529e-03 -1.507836653759301497e-03
-5.906157995317688064e-03 6.727540243977515010e-03
3.780456463262812841e-03 4.673398006737690749e-03
-7.475096162081925656e-03 -6.337620797084106590e-03
-1.638102656338559678e-04 2.995524360920702456e-03
-3.025811665568062681e-03 -8.217479161185004335e-03
9.687077477540096543e-03 -4.077135016667712310e-03
2.578766222048140856e-03 -1.474118261104000530e-02
1.389157261352258824e-02 -5.509692398240829264e-03
-4.028359187009940105e-04 -1.422083774075794224e-04
-4.771939588730727579e-03 -3.025077281904967833e-03
-2.268309043669256616e-03 8.148298845919344988e-03
2.941383958002800458e-03 -8.606743934867504189e-04
-2.873528814862675359e-03 -4.042936080393580260e-03
-8.037367695830188730e-03 -1.000360196144743728e-03
-1.323725758890679366e-02 -2.426419486591211740e-03
4.555872647410297988e-04 7.235671374807985806e-03
8.152210477545544787e-03 6.775246440521562330e-03
-2.923677875714351254e-04 3.148733249544821353e-03
5.291135115529960360e-03 -8.483742640439238814e-03
7.953610487175228824e-03 1.059009349431346350e-02
-1.162730297098340734e-02 4.211392361316622888e-03
3.786555420182197672e-03 1.042230771230186551e-02
-3.430499660106519841e-03 -2.677164208848951694e-04
-4.957750876798804052e-03 -1.092339802260051040e-03
-1.318669356815994377e-02 3.425071202097326739e-03
-4.057049954823286481e-03 5.146148624366186919e-03
1.174979318739503148e-03 6.533905692657255779e-03
2.821112718277789429e-03 6.283416509413410761e-03
5.164637149381689878e-03 4.268374762744193453e-03
-6.380632919280914209e-03 -4.374931262246979646e-03
-8.636025491144627003e-03 -9.465678196321384436e-03
2.471283684625371919e-03 -9.479201282286828928e-03
1.227492825021634509e-02 -4.516484966437504106e-03
2.453529543273643820e-03 3.298892659708567605e-03
-4.383744448170797531e-03 7.091211787356140397e-03
-1.061634139782960742e-02 -6.950057217372419480e-03
-2.774460329157709196e-03 -4.938863217576498418e-03
-1.558592328770087192e-04 6.524629487771886789e-04
-2.789899375712949665e-03 -2.275733172715997590e-03
-1.110512185047681302e-02 1.255495394677313969e-03
-4.010732815156996083e-03 -2.843241510215995579e-03
6.426822289441969094e-03 7.742477333511100027e-03
-1.291610856773677853e-02 -5.483018208456060666e-03
1.230613244037794679e-02 -7.014993395250163077e-03
7.847168157818933121e-03 1.864854335913441585e-03
-2.304571163212952752e-03 6.716661061636887940e-03
-3.115369110541122907e-03 4.699087399867514329e-03
-5.673496987101626227e-03 5.190119112153135719e-03
2.258376224606682518e-03 1.935319622589671239e-03
-5.764132603650318903e-03 -1.278707635788900281e-02
1.226267276204122229e-02 6.278676100735765611e-03
8.448177133599703639e-03 1.482662216906261766e-04
5.550390764542407346e-03 7.875555394858861982e-03
-5.819404897976984681e-03 -1.143724201548921150e-04
9.968314951964587708e-03 7.560450267581885278e-03
-7.055661424129016160e-03 -1.596544706798921779e-03
3.254397233722942061e-03 9.251577229543702166e-03
9.971437215550755725e-03 -9.727801899291128873e-03
-2.906206699004258275e-03 1.320397815181206021e-03
7.562279007537738539e-03 -4.748237885094924206e-03
-5.824314932464619114e-04 -6.206495100030798989e-03
-3.160158111873962502e-03 -2.779928227916008635e-03
-1.410596753398321059e-02 9.408990564190657406e-04
-1.120546947731066757e-02 4.434794431009793977e-04
2.484309270904852887e-03 -1.733545580012486355e-03
5.851883369539351808e-03 -6.123687707291324521e-03
1.208663080303381404e-02 9.659496161791792041e-04
3.771944783344311890e-03 -1.277835292957610856e-02
-2.875950953642050258e-03 -7.633375295777049090e-03
1.243894232658666714e-02 -3.787856058643638592e-03
-3.190315001881212191e-03 7.859504603311097057e-03
1.477076248634219199e-02 1.388985809313734218e-03
7.832966639591475502e-03 -1.279221732085318239e-02
1.409591851742715736e-02 1.688717805575255977e-03
1.040023382633509762e-02 5.946627060984326432e-03
7.076942476951291958e-03 -5.098652193447753868e-03
-1.022865149557989663e-02 -2.489890279477509089e-03
1.347607810587476106e-02 5.537142830797577540e-03
-7.687412089493662502e-04 1.008370384207572817e-04
-1.203009632644262347e-02 -2.680072179387535999e-03
6.916394844287587079e-03 3.225145951674682644e-03
-2.068705881421860956e-03 -9.676278388570675598e-03
-8.964859326924453373e-04 1.470379003906147064e-02
-1.634118367937027793e-03 -9.323963714123344876e-03
9.132687129839925713e-03 -5.224707189636957488e-03
4.944823113150852503e-03 8.234864292040188632e-03
-7.188683144325201712e-04 9.905096222272789103e-03
1.247726877496576053e-03 -6.083438704311073912e-03
8.600431768054465909e-03 -5.965915196158604571e-03
-3.711457836072450025e-03 3.792786639153502507e-03
7.324984151324377170e-03 1.163519655565704511e-02
1.041325853276104871e-02 -7.975969506062071876e-03
1.083617366880113009e-02 -9.063008652752382530e-03
