-7.112941445086291836e-03 9.565880199896355240e-03
-1.636824961286200211e-04 -8.361411844925600856e-03
-7.797416004843068377e-03 -1.908613016670415892e-03
-1.196228374654427495e-02 -8.344264899712875924e-04
-4.939533716491125185e-04 -1.589342652368175421e-03
6.010399400024558220e-03 2.171427883257475051e-03
8.746621391778060944e-03 1.399683617426340180e-03
-2.841852453338809814e-03 -2.058245523123374693e-03
1.471721756895374555e-03 5.869117060535710209e-03
-7.246927425036818905e-04 2.263806623579585255e-03
-4.339279384343330305e-03 7.193792770480504986e-03
-6.525092506732757883e-03 4.644004506648468159e-04
3.171995559353494882e-03 6.643112536412933665e-03
-3.193198313373540181e-03 -3.949487706956893423e-04
-2.383950093800720794e-03 -4.937538045450964169e-03
-3.518503749842042706e-03 -4.518863945986895288e-03
-1.114276939942049089e-03 -1.783504107401043780e-03
3.135944547242471275e-03 2.174477361717167684e-03
6.223049380071678585e-03 1.762429122885554415e-03
5.855338435556853250e-04 1.013484147902244531e-03
-5.892108005640885396e-03 1.013338853739749468e-02
6.427876096850412195e-05 -7.660444431171926645e-05
1.387036985950390426e-02 7.384713674775571571e-04
3.320366778432110380e-03 6.310718220352730737e-03
-1.349390961382415524e-03 -4.142994488777008229e-04
2.346510024813410335e-04 6.537881209038643761e-04
-4.722764624862312889e-03 8.895391745064049407e-03
-1.259071776853697535e-04 -6.278115820912198806e-04
1.070712360132200329e-02 -9.367519340865403110e-04
-9.078616573630779452e-03 2.107420486992469828e-03
6.140218209335338365e-03 7.306176862199178536e-03
-2.586924734756835230e-03 -3.606635609083481096e-03
-6.457828152056894512e-03 8.940718962058025535e-03
2.099533338986703506e-03 5.743209882851591300e-03
-6.529467157318555488e-03 -2.019544166759571283e-03
3.647524290739436511e-03 2.342662277937391548e-03
-1.777341265728865118e-03 1.184718542581480365e-03
-6.729328435063435497e-03 -3.492654980534633073e-03
-5.886472067682809676e-04 1.790529102239159752e-03
-3.539243484902490633e-03 -2.936929596975398817e-04
-2.326233308710626974e-03 -8.740059415899649464e-03
-1.313209014628244353e-02 2.426563081790044860e-03
-3.837710229392520857e-03 -2.893869415715069875e-03
-5.146547758574240329e-03 -7.712525278320032408e-03
2.045855955027256565e-03 2.695732444304458405e-03
5.334674141439376023e-03 -4.335176098460460752e-03
2.354924076527703438e-03 2.171827017464277726e-03
-9.248892697023506498e-04 -8.543247616614572243e-03
2.830276979355799208e-04 5.263306500879852932e-03
-2.077532316552483001e-03 -4.680423001575806721e-03
-4.936085103820304562e-03 -9.363496347403821654e-03
3.697705002907454683e-05 4.226496158413505563e-04
-7.607437546147054978e-04 -2.204828551116180292e-03
1.610752886338134848e-03 1.394876249490018330e-02
1.057949211730963143e-03 -4.829528604314309997e-04
9.810669560427047811e-03 6.665640462557941189e-03
3.661574280416810771e-03 5.748510571356691204e-03
-2.444444992646327593e-03 1.100294000155982443e-02
3.802920504656058694e-03 3.713192108586268157e-03
-8.131726281493636271e-03 1.171345498488214794e-02
9.331229197415694815e-03 6.459153324182998618e-03
1.124116738621221481e-02 -1.728772916017739039e-03
9.928290455899848460e-03 3.025700303731183524e-04
1.032363836080302071e-02 7.648470404970041103e-04
1.562503960389132179e-03 -2.017692090922108133e-03
-3.276364733563669803e-03 -4.185144457801159845e-03
-7.753541729479862879e-03 1.157389695172745918e-02
6.778631168435724809e-03 4.056187801656207723e-03
-7.024681816342230427e-03 -8.896844686694709015e-03
-2.989297634498451419e-04 -5.771836765921451503e-04
4.502961880473310349e-03 1.167619074446236667e-03
2.576451127251653227e-03 -4.626218713905110892e-03
1.186069268609018547e-02 -8.845562107979721908e-03
1.127317899719180137e-02 9.589861067672022371e-03
6.846023292620116198e-04 1.175570107204686882e-04
-9.490329563007243729e-03 8.354259080583499239e-03
-4.544776600047779197e-03 -2.051220528284116839e-03
-5.921932291328649116e-03 5.672686241845956157e-05
1.215532750940198550e-03 2.129549278929994665e-03
-4.511248162684518455e-03 -8.158501088721136635e-03
-1.589725960876727743e-04 3.456476198919054832e-03
-8.046580015960808421e-03 -3.945256651566371453e-03
-2.635764449170099628e-03 -6.193161209632262049e-03
1.003438393644418176e-02 1.109567039900421180e-03
-7.506053965646744368e-04 -3.305917654547825459e-03
-1.408832052802233884e-04 1.232568334321514449e-05
-1.443957026998280400e-03 -8.391363900117129043e-03
-6.968817107089598888e-03 -4.607394939435708811e-03
3.474501704974960851e-03 2.393290183436466712e-03
1.005996134104945178e-02 -2.654652108391724382e-03
-5.774950129128470985e-03 5.793310884638737564e-03
5.023753944101466001e-03 4.280700446087407594e-03
1.015823155834024230e-02 -1.086152989256767079e-02
-1.559390597176536428e-03 -7.863211592192962578e-04
2.847743930306918109e-03 -1.288372440358013030e-02
-1.770619868951221060e-04 6.900626714494893787e-03
8.342396416199418865e-03 7.326453578301062551e-03
5.195307762585989122e-05 -2.174876495926230595e-04
1.807293320920504327e-03 -2.464993073449889358e-03
8.409245811011194542e-05 -2.557898717484826724e-04
-1.447306705594898768e-02 -2.353790558658377073e-03
-1.784366260566871802e-03 -5.182056041275984138e-04
-8.750070004444446964e-03 -7.929613793704031605e-03
-6.047711699508783248e-03 -1.192802092551906168e-02
5.426717632306335935e-03 -6.934027382352456713e-03
6.188259655333856399e-03 2.581751815755610815e-03
3.403788737631351438e-03 -1.261295850423554618e-02
6.374869211809743160e-04 7.959964983103018626e-04
-6.997507874906674918e-03 1.960837458999664662e-03
-5.726908683129952951e-03 1.068885838195170277e-03
4.037571507137399998e-03 4.366980229490132967e-03
-4.302174564809019622e-03 -3.740493819524447119e-03
6.643256131613783401e-04 2.319735217584439468e-03
1.337065278039771240e-03 2.734162435967970976e-04
1.008311228902162432e-03 -1.038042910797438295e-02
6.576710334902896582e-03 -1.001583152667702599e-02
-6.167519920274768495e-03 -6.806922802046108320e-03
8.408990271964983387e-03 -2.865114763146231307e-03
3.147807211626661369e-03 4.338353346424598730e-03
1.436213590585847140e-02 1.085841711132721869e-03
-1.507772769006397728e-03 -1.033775223523147532e-02
-4.657559825975186169e-03 4.772801741897234745e-03
1.723663881769417743e-03 -4.232195981128613477e-03
1.804052188204604244e-03 1.169595638253827924e-02
-2.956823004558040494e-03 3.523804438347251031e-03
-5.244354956906004638e-03 -1.528640273571292519e-03
-1.109311500891552822e-04 -1.267948847524512888e-03
-5.605839174990766283e-03 1.235745582288037998e-03
1.341775178080719354e-03 1.209130428744145148e-02
-3.380270888814818075e-03 -3.750169158616594497e-03
-4.084686915216505579e-03 -3.688540741899838139e-03
4.534638241997176328e-03 3.152309631716442451e-03
4.746026934665300429e-04 -2.544646996222684658e-04
1.069939645618456919e-03 -9.676013081570764701e-03
-2.896455875216307884e-03 -1.059737402816093247e-03
7.625654706453155462e-03 7.247198789736454018e-03
1.975015218179771229e-03 -9.535800375201085354e-04
4.738203671417551624e-03 -1.155852178992454980e-02
-1.984227538311751377e-03 -1.991316417902661180e-03
4.789565960579150912e-03 1.603919545756336048e-03
1.198070838680744682e-02 6.724219400815004480e-03
3.216923642139987889e-03 4.722700740110089349e-03
-2.894731568882149067e-03 2.205227685322982533e-03
4.707197808803197797e-03 5.124674505643894880e-03
8.982198432177453812e-03 -1.992513820524211086e-03
3.899466415612690400e-03 -7.758650763728754465e-03
4.261158113649297571e-03 1.016784301267891627e-02
-1.025001951019866193e-02 -9.253491235233397838e-03
3.240648970907796488e-03 9.050452709525631453e-03
7.755936534724322713e-03 1.035895498925209178e-02
-6.894399988071063176e-03 -5.785088487179072120e-03
2.432119309303684175e-03 -1.114382320684072745e-02
-4.857293334215400521e-03 -8.057245277723449478e-03
2.480831254213073517e-03 2.799638599555497823e-03
1.756266281213266466e-03 -6.293490982712360814e-03
6.238823676081278746e-03 8.433242504443468415e-03
1.085953422153126610e-02 -8.119145059142561863e-03
1.037857703213566907e-02 9.100282346609958953e-03
-5.985748033338128202e-03 -1.889661472697028817e-03
-2.985386002870671178e-03 -1.264899369065501135e-03
-7.311748915408456360e-03 -7.310152378578744191e-03
-3.177759266817729421e-03 -3.058078815556870399e-03
3.057152777637568101e-03 8.682262920367950741e-04
-4.455718702888968388e-03 -1.320299476788283285e-02
4.636820090914737374e-03 -5.476307556078795560e-04
-4.853844721547654478e-03 -1.527315101444616822e-03
6.988167785270819714e-03 6.451202291425010490e-03
-1.925249465847095245e-03 -5.058799207843831880e-04
-8.778760772262313161e-03 -1.361381395270480459e-03
-1.408301983954966460e-02 -3.294726071044942056e-04
5.700947970018062881e-04 3.676614192763887241e-03
-1.079294036576570331e-02 -2.072423282304732862e-03
-2.829654539499468994e-03 9.439573888004293076e-03
-2.931245599952198456e-03 -2.404147099455751935e-04
-4.923424171021938828e-03 1.113302842966385105e-04
-1.373116290149434173e-03 -4.742051418291420330e-03
1.598427202994919839e-03 1.380787928961995856e-02
-3.130771628242498463e-03 7.620417902700279099e-03
2.678968225623794275e-03 1.007784325191484701e-03
6.252203166848570998e-03 -6.828796054975203034e-03
-2.853252098762041646e-03 -6.245114287257551473e-03
-4.566314603522403197e-03 -5.137000188987789900e-03
1.343627253918181419e-03 3.999333169733763384e-03
9.588807260246367398e-04 4.129742767503447889e-04
7.080339045643015139e-03 -7.504585198313288782e-03
-4.496735154048690439e-03 -6.775645574728365005e-03
-5.320033363298312494e-03 -5.638904593393069195e-03
-4.683472480034818475e-03 -7.969225362290330034e-04
-3.893702708148456294e-03 4.173617042872691633e-03
-8.206478649974125426e-04 3.557205106199565984e-04
4.779427602529119634e-03 2.705008649187981215e-03
-1.233031353283386804e-03 -1.206532774862766402e-02
-2.886445286669580938e-03 9.196109699599025467e-03
1.296735384273053904e-02 4.614946837985071937e-03
-4.634968015077275960e-03 -7.544340362099808545e-03
-6.167647689778643118e-03 4.550013403801335572e-03
-9.246210701386172598e-03 -1.076092875478475500e-02
-1.898410773868051786e-03 1.017858798488612644e-03
-3.321420585855397456e-03 9.092203544347985181e-03
-1.403531364300888463e-03 -1.438784107997626710e-03
-9.284576808295044725e-03 -5.114600032346766287e-03
1.669060459891919456e-03 -3.233687860821332031e-03
-6.218083941021620986e-03 -1.265841349073464593e-02
-8.699042964737998401e-03 -4.101115884443380308e-03
3.694176679860088335e-03 3.687215569773623879e-03
5.900059038398302799e-03 -1.247644994954168890e-02
-3.382585983611305705e-03 6.364794738518300340e-03
4.119141390499177907e-03 -6.464725377390454983e-03
-1.921673083676045087e-03 -5.332885950352314955e-03
4.088263297388127111e-03 -1.138465287668773748e-03
-2.073157665966685829e-03 -2.196478384151388623e-03
1.375506405882759124e-02 -3.013422097472515278e-03
8.377649159894907244e-03 4.484138106002656665e-03
-8.100464879869952433e-04 -2.768361372237754074e-03
-5.873859193945086057e-04 7.078486969804301254e-03
8.959271371825181310e-03 9.906848570544186765e-04
-5.364961446086165958e-03 -3.718492797091367628e-03
-3.620685598759033029e-03 -8.189235586632539424e-04
-5.578872713506486877e-03 -8.597451904285268939e-03
-3.989657830642186730e-03 2.265530929913063193e-03
5.202077218369790396e-03 2.668031599158336188e-03
-9.782106562114416259e-03 -1.876936655145188589e-03
-9.954666128919867005e-03 -3.849301529073321463e-03
1.225822791628597072e-02 -7.141312789143286661e-03
4.427283474079642470e-03 -2.942645245376681890e-03
2.361023033447088269e-03 7.920736723028452483e-03
3.014412020142898802e-03 4.030610397050365251e-03
6.916273241000180875e-04 1.820481157429547575e-03
2.707020145923649118e-04 5.122423295599629924e-03
-6.814682180546748416e-03 -8.524822976351972836e-03
-2.391901126558139065e-03 -2.594476633306770381e-03
-1.205394392890167489e-03 -3.230638382361639832e-03
-4.162217397448208199e-03 2.931660559856109818e-04
-4.793477592205922302e-03 -6.110856942607961750e-03
-2.622640497412708112e-03 1.258672642640990078e-03
-5.503657326073205236e-03 -2.464194805036284009e-03
-1.205028783627979869e-02 -5.085574015073288795e-03
3.650637653950671371e-03 -4.613509722051544002e-04
9.280026329149468345e-04 5.739234366473167960e-03
1.039524571468363086e-03 -6.372745771275828766e-03
1.387166279826236841e-03 8.147899711711401732e-03
9.211548746153585057e-03 2.233152418085098193e-04
-5.763215234250657418e-04 1.931412307519383195e-03
-1.177166644032116155e-03 -7.775878001369805267e-03
-3.072128805232992622e-03 -2.280890266016797393e-04
8.126968322386338150e-04 1.987340901523095525e-03
6.473937697521645399e-03 7.064037845920125187e-03
-1.658922101841888395e-03 2.132598757389686864e-03
-4.688773168540026799e-03 7.651184051998220076e-04
-9.470388096362331032e-03 -3.181862552700027384e-03
1.099823010151830538e-02 -9.373443051197645481e-03
-1.267730114995695156e-02 2.351283809603859666e-03
-1.168880361819547593e-03 -7.849959870937623339e-04
-5.220038839673934311e-03 -1.058081728942926111e-02
-2.847153141842657248e-03 -4.962045816933775833e-04
6.809381492041539224e-03 1.008686391778082850e-02
-1.325537863110732087e-03 -7.443483685309603207e-03
-8.130209455111324715e-03 -5.712459559245776884e-03
8.415552247843393133e-03 8.608021629907345457e-04
-4.499513267806706405e-04 5.362311101833956879e-04
1.381530341867238465e-03 3.759972267211608189e-04
-3.006924006345866769e-03 -4.350679029768494618e-03
7.385830784971841347e-03 -3.201484595584857575e-03
4.127762922165535871e-03 9.860100063304682791e-03
1.109902289356252134e-03 -7.004405100233736681e-04
-4.038497545055451561e-03 -3.209946706357179758e-04
-5.565078262834580267e-04 1.752226880082619585e-03
8.380299504148477213e-03 3.703117635288459986e-03
6.283879528372436109e-03 -4.844105497704997466e-03
1.649118993247007409e-03 8.302433772462194592e-03
-1.238400732446746574e-02 -4.843434998795376895e-03
-6.203235682935076198e-04 -1.941614550321879682e-04
-4.735760807115828482e-03 -9.913378313056647045e-03
-4.391567711424340312e-03 -1.922663006347108839e-03
6.772995230476726650e-03 -3.715714683334032323e-03
1.405929451078321603e-02 -3.998279362309905584e-03
-2.491432631222129709e-03 3.244432833033547309e-04
-9.985081203072814458e-04 -5.460342187749839520e-05
1.635995041488255653e-03 8.505999201878002578e-04
-8.365914265015952228e-03 9.036674084551075958e-03
-3.359068134794906024e-04 -9.998332924328152613e-04
3.512404792922086717e-03 -1.230045759576597723e-03
2.360224765032912196e-03 6.097860760354226065e-04
2.538085020342210375e-03 1.020110008533557829e-03
-9.601595962552909869e-03 -2.247633193362392253e-03
-5.795562094684254123e-03 -1.338454334917527945e-03
-1.440045395371508576e-03 -3.884426503265504208e-03
4.396405380969163265e-03 2.383614844344319333e-03
1.213345425647014818e-03 8.875769702181261636e-04
8.351608736330038557e-03 1.027135003372268984e-02
-1.843344333031527935e-03 -2.003642101245876189e-03
7.186304756682112063e-03 4.659348017060316489e-03
-9.439046984292122182e-04 -1.053111542185460178e-03
-6.573596971692232879e-03 7.211818276535160270e-03
-5.086436168240258265e-03 1.041780529221151240e-02
1.672046053599279261e-03 5.319235094883565697e-03
-1.138457316624077315e-02 -8.834817135771151284e-03
-5.786366182215533713e-04 1.204637620465427716e-02
-6.112709018445424032e-03 1.288544870991361127e-02
-7.554350950645283454e-03 -5.620879087337952475e-03
-4.274872853870951249e-03 -4.239747879678658349e-03
-2.441203859930428377e-03 -3.158009454428344163e-03
7.942673860711020606e-03 4.380231950752079551e-03
-9.526539996013772861e-04 -6.021000777033614845e-03
4.732775213408468677e-03 1.360455357351748667e-03
-5.490198124856362615e-04 1.432158247366313412e-03
6.696726035618797042e-03 5.553949982116558950e-03
-4.226368388912837143e-03 -1.098716570555011499e-02
-3.363698324385160587e-04 1.023159486994392126e-03
2.946221627548983868e-03 -3.997225554883984764e-04
-3.658588686705587087e-04 2.804412384349129614e-04
9.936704507618882021e-04 -4.063484161190314371e-04
3.123491094394020319e-03 1.339053036228324625e-02
-4.221658488871889679e-03 8.307223382945402683e-04
1.288014802140782962e-02 7.674749959874958838e-03
3.490276000984561446e-03 9.064103564994379844e-03
-2.727807940037058673e-03 -3.594309925740266087e-03
4.671146796692174190e-03 6.560393309481293324e-04
-1.471099317040536203e-04 5.620352183627165890e-03
-1.052131231325392595e-02 -9.959855455583758316e-04
8.408862502461107030e-03 8.491821442701212586e-03
5.631416579595247864e-03 -4.999964730582006321e-03
-7.139780137065335729e-03 8.042141480623359734e-03
-1.683908717983469572e-03 -7.483111079590995876e-03
1.211330530987510083e-02 -2.789882968042530290e-04
-1.400881020047889218e-03 -2.219804578711143377e-03
1.072462220366519198e-02 8.999026535611128613e-03
5.728169970503154372e-03 4.219072029370651671e-03
1.095191296185337587e-02 -1.384052916614321969e-03
4.313989170141962863e-04 4.930912184819651739e-03
2.465136668655307488e-04 2.817664105611294989e-03
-2.819260642440327147e-03 -1.437538762712109799e-02
-1.010581546175535680e-02 8.621049463547841157e-03
-3.064640791435960590e-03 -5.481576593198084560e-04
2.528409681252565336e-03 9.820633253913770705e-05
-1.355617687806245919e-03 5.193727051406249462e-03
-5.265557710923898663e-04 4.719523492148915795e-04
-6.719317846517278842e-03 6.763192121881166086e-03
-5.198500836200100478e-03 -7.495037628727409078e-03
-8.053365879460471291e-04 9.049526671606900746e-03
5.886472067682809676e-04 -1.790529102239159752e-03
-5.115669665463189533e-03 -1.303878536804171234e-02
5.067085490059037439e-03 -1.226161264420081408e-02
4.944626925041412970e-03 -6.359494050013201304e-03
-6.229739125451460831e-04 5.868590156824704182e-04
-1.516777609186531484e-03 7.408230941612754805e-03
3.929753720259479902e-03 2.950181318230734803e-04
-7.822402620986010011e-03 -1.152432285365224095e-02
2.851400022924579364e-03 1.433708540496523784e-02
6.376130499191241113e-03 1.324792285067000717e-02
-2.609851795109106865e-03 -6.234369315048518762e-04
-8.180438226403026480e-03 -2.230006821514077774e-03
7.506900293111027148e-03 -3.034624851491988986e-03
-3.276827752522694717e-03 -2.162151678373952675e-03
4.685196786368975991e-03 4.061887624368109434e-03
-7.336991070557216492e-03 5.788010196134779975e-03
-6.132394946083156474e-03 1.707697931502929686e-03
-6.908290556852710734e-04 5.490469489562801314e-03
5.635328211228251682e-04 -4.930273337239914153e-05
-3.353432196834414160e-03 -2.226430439342456675e-03
2.098144282108267006e-03 1.181218822113207223e-02
-1.034690067061044307e-02 -7.115591789338611937e-03
5.190214553987531482e-03 5.041556144513665780e-04
4.837144387618643598e-03 -1.097512721260024285e-03
-5.884156972884037849e-03 7.790327125253981334e-03
1.603392642044978089e-03 2.911894921770867475e-03
-6.223512399030703933e-03 2.605636565416531887e-04
-1.313520350949504145e-02 5.230576331931448275e-03
1.067670852717133960e-02 2.366515376209074768e-03
8.651464537698504847e-03 6.802548151459740858e-03
2.670091154947535142e-03 7.396831296188271371e-03
2.388324744386517099e-03 7.421482662875382268e-03
-1.441897471208971292e-03 4.207544614442183459e-03
-1.140438686338238021e-02 -8.655631708334388108e-03
-8.635354992233754828e-03 9.202208656518408997e-03
4.151616020442091821e-04 2.830915826878028108e-04
6.947406873120428976e-04 -9.835320927111764790e-04
-3.074779149485991868e-03 5.529314441118369280e-04
-4.746026934665300429e-04 2.544646996222684658e-04
-5.151561256685863351e-04 4.658821113348387589e-03
4.414031752817586599e-03 9.624571081956868977e-04
-2.822501775156227230e-03 -2.144381711329306980e-04
4.147241369851422353e-03 3.469712094483626882e-04
6.014311031651329610e-03 6.678365280109100320e-03
6.043001799467835784e-03 1.101328816744085934e-04
-1.655345719666536774e-04 -2.694407272172316052e-04
-3.509754448670448362e-03 4.490252888619396081e-04
1.018805584402800515e-02 -7.848682175886356749e-04
-3.493054114741436181e-03 3.073853111566580282e-03
6.917550936046826596e-04 -9.536455048416074207e-03
3.556534607295763675e-03 -1.046140820287132928e-02
7.070663706552580150e-04 -8.426488874309531448e-04
3.000362030467456590e-03 6.247621036315276818e-04
1.064768250989832181e-02 -3.991956517776108077e-04
-1.609619368468237759e-03 2.696131578512402528e-03
1.322665621189773877e-02 5.550501369450063643e-03
4.631056383450503702e-03 3.037402965248183276e-03
1.100373826997400051e-02 9.755395639639357144e-03
-1.309995076579819305e-02 2.388260859634184705e-03
1.360000309436669094e-02 4.949991498298163956e-03
2.394551470809777420e-03 1.813456162592111832e-03
-8.802023082069733786e-03 -7.712126144112087418e-03
1.467650471586412833e-02 -1.000104657136314905e-03
-8.360485807006868414e-03 -3.882303062725223596e-03
-1.361253625766605403e-03 -2.578175433585131598e-03
1.510215633308121738e-03 -1.113414786774972152e-02
5.697419646897339957e-03 -1.811604086753969105e-03
-2.683342876210162171e-03 -3.491728942615221921e-03
-7.376618464839860764e-03 6.146381051007626314e-03
-3.322554103724724255e-03 -7.552690529065280226e-03
-1.128344512474706990e-02 2.868164241605923939e-03
-5.765737808996490403e-03 8.738207340061506304e-03
-7.059599310581995621e-03 3.279414212023252281e-03
1.452548315253330245e-02 1.133101296392274512e-04
2.926870949366401284e-03 -2.243529907478842254e-03
-1.711673447881923967e-03 -4.960864240010718490e-03
-2.385339150677796838e-03 1.131440292830657775e-03
1.705111472002943064e-03 1.234947313874433083e-03
2.636227468129124542e-03 4.170168430205054878e-03
-2.083759042975742454e-03 9.276034987074639315e-04
-5.236403924148587234e-03 -3.871701685715486525e-03
-5.100693637868336169e-03 -1.367892263347614962e-02
-5.788872349300607997e-03 -8.969473614626863670e-03
1.635995041488255653e-03 8.505999201878002578e-04
1.026200994408615549e-02 6.043101409406500396e-05
2.856030212519487538e-03 -5.892842389304089531e-03
-3.198626771382623128e-03 1.252402837658060999e-02
-6.378445593987730478e-03 -3.132958953535111904e-03
2.300655904105355226e-03 1.250427856419179633e-02
1.459396073552159112e-03 5.728233855255487200e-03
-1.060599555982601498e-03 1.263973331146089549e-03
-4.146985830838228896e-04 -2.306084362113868316e-03
-3.262314743879140026e-04 -7.792961643793344586e-05
-8.714817260748958586e-03 -1.077192926600243489e-02
-6.989556842149257515e-03 -3.822239531445295602e-04
-1.408832052802233884e-04 1.232568334321514449e-05
-2.841389434378423142e-03 -4.081238302549440415e-03
-3.229712344443589137e-03 -2.840591165964247503e-03
-1.084973111293638381e-02 -2.315887470709319593e-03
4.693483068581545854e-03 1.105276963864415193e-02
-4.451136572358482292e-04 9.971829481806057487e-04
4.237560554386155497e-03 -5.516845162582248267e-03
1.073211021746358490e-02 8.678957902894142429e-03
-1.005996134105103211e-03 2.654652108388079945e-04
-5.977797000581280655e-03 -4.232722884840542377e-03
-1.106629272461027817e-02 -6.413826107189024225e-03
1.152061870197674393e-02 8.361539614430044468e-03
-1.141810160360403302e-02 -2.727536575334131054e-03
-4.114175951449119441e-03 -4.431258990458636533e-03
3.810408518454452050e-03 3.393123475869281539e-03
6.277189782990150874e-03 2.786913782005480573e-03
-5.409889528872658532e-03 -1.798081000788523962e-03
-9.595512249373065218e-05 -1.908086112959628440e-03
-2.476919622586301693e-03 1.707298797296127012e-03
-9.985081203072814458e-04 -5.460342187749839520e-05
4.273148547536791998e-03 9.747827915395823519e-04
5.485567935266108053e-04 5.908345320608939747e-04
9.227323042164545241e-03 6.894128623367565267e-03
-2.386600438052929873e-03 -4.156517574735625609e-03
-1.275772110778056103e-03 -8.902943643614096014e-03
1.212689228059287902e-02 5.149852776042934677e-03
1.032132326600653308e-02 1.087981093763189938e-02
-3.903378047239461791e-03 3.251713366877129630e-03
-1.340153087350024613e-02 2.592097653757378765e-03
-8.604349129618828543e-03 -7.480987639050715697e-03
3.905102353569890519e-04 1.325172125533788338e-06
1.636458060448642109e-03 -1.172392859238265139e-03
-6.179382584658387433e-03 -8.970798786754219378e-03
3.187434605914530195e-04 3.979982491553817037e-04
-9.281304024188218905e-04 5.617701839374275932e-03
-3.452037663580354108e-03 -3.353496081586746121e-03
-8.100848188384517090e-03 6.387194895160003966e-03
5.980910363791945225e-03 1.428709634698676657e-03
-4.396277611465288643e-03 -1.374055105019176236e-02
-1.280865319331989625e-03 1.334997693008244113e-02
-2.049432337198877230e-03 2.131273585264153048e-03
1.019120085862494293e-03 7.186368641434444891e-03
-1.405479209069218291e-02 -4.874712226111979629e-03
-3.417982904489608176e-04 1.394213663426955088e-02
-1.652232356458242270e-03 -5.498420522319647993e-03
3.654549285577443195e-03 4.045586424646470218e-03
1.997942278533403320e-03 -3.936778715097595874e-03
-4.221865968822155956e-04 -1.986015729396881264e-03
-4.493158771877069774e-03 -1.160265160429697559e-02
2.261156279327946467e-03 1.505713213218340439e-03
-8.646163849194657414e-03 -8.364589092889737967e-03
-6.015237069569380306e-03 -2.632379721254685979e-03
4.251482774558293376e-03 9.245939336683352966e-03
6.470824334310410972e-03 9.868051096062670918e-03
1.271684650585710660e-04 5.915769449657042045e-03
5.903507651066048842e-03 -5.946519773262856461e-03
-4.997969059544348294e-03 1.264596003788744788e-02
1.212424193633987977e-02 5.930873246756450910e-03
-1.737713871446791569e-03 8.263476877093144709e-04
7.122616784177298634e-03 -8.643976523900793671e-03
1.059307908802082331e-02 5.993124685296702045e-04
1.627580989771812252e-03 5.216654111759201976e-03
-1.164042692274079756e-02 -3.240441490956630106e-03
1.188821828460025036e-04 -1.075112564619000672e-03
3.891850632310993579e-03 3.918354074834995600e-03
-7.346666409648221555e-03 4.866106520139218405e-03
6.635560637862888793e-03 2.826541176286874110e-03
4.813419058850835000e-03 -5.425264690675566173e-03
-3.388684940531261694e-03 6.158850329548071125e-04
-4.082499589923892572e-03 -2.446568433187289084e-03
-1.549252239126505367e-03 -1.887410262650941317e-03
-7.042898976653553730e-03 5.904242034728573833e-03
4.398129687306395253e-04 5.648579932482495876e-04
-1.854280959496305576e-03 -8.213503644806580128e-03
9.156147055861910480e-03 -6.089127284877239588e-03
-9.631548017742616596e-03 -9.673586624935216066e-04
6.098866508719896599e-03 4.399582628934090543e-03
6.105428484598877069e-03 8.125499555070376384e-03
-3.007850044263917465e-03 -3.046934709140794104e-04
-3.374634950854459026e-03 4.021733326374786997e-03
1.065900244487810473e-03 -2.826014272574945210e-03
-1.474707350603524959e-03 -1.442204001624242983e-02
-5.512071377782492686e-04 1.901859386537643846e-04
2.219341559752117596e-03 6.221117593793181692e-04
3.629099650476837104e-03 -3.547130632907005785e-03
-1.901396367575411590e-03 -7.535064157216286168e-03
5.533944630714332166e-04 1.051786370058104252e-03
2.910505864893110986e-03 4.465585696236073349e-03
3.769519836796674309e-03 -1.536463536824155072e-03
3.528642107892073550e-03 3.417774842555250554e-03
8.140347813161355126e-03 4.611370455814132151e-03
-1.207581718182780496e-03 -4.472610691074189321e-03
2.869952432691054260e-03 8.869942109962192581e-03
-1.619581897950323618e-04 -5.096446756785843329e-03
1.029149898031876849e-02 8.031492626528633980e-04
-3.412873288258095640e-03 -1.688874157033527171e-03
-8.468957685121951406e-04 -1.454794719392654700e-02
5.629564503757213990e-03 3.092006387126362658e-03
5.400677208740107225e-03 -1.146815454633564983e-03
1.378879997613668279e-03 1.157017697435357715e-03
6.832771571354197097e-03 5.080672460776133881e-03
1.110015641142675542e-02 9.640488973171778414e-03
2.587850772674885926e-03 -4.393499497709336780e-04
2.495009013393750807e-03 -5.151449312871966835e-03
-1.919485758382860922e-03 -4.090913641640445478e-03
-9.840621615618687021e-03 -5.385365931689532412e-03
7.854542001470262227e-03 1.148602063149638253e-02
-1.150455721556947536e-03 5.104796923750634999e-03
1.160466310103674698e-03 5.151050178664483281e-03
-1.343962503373332361e-03 -1.333327659615399924e-02
2.320006582283417338e-04 1.434808591617381043e-03
-1.408693147117643513e-02 -4.836410003956119474e-03
-8.996248421854254745e-03 -1.413334472895769450e-03
-3.212085972595165803e-03 -4.261748902112879288e-03
-5.473705270882136750e-03 -3.744469335904012340e-03
3.090681215004472521e-04 -5.239054268401804621e-04
-3.638311970607456362e-03 6.022341774853780597e-04
-6.766512965045934575e-04 -2.460618422864662910e-03
-6.401372654345445024e-04 -1.497602759610496687e-05
-7.733600262834950181e-03 3.777531844393082136e-05
1.455947460885773960e-03 -8.016963210222035740e-04
-9.842345921952273813e-03 -8.650331019829288204e-03
-1.561450152965844669e-03 -1.338522967377860778e-02
-1.070792186973617936e-02 -6.374198712906488373e-03
-3.240313721452645762e-03 2.834907168946052686e-04
-1.231144228128639231e-02 2.070842571168947030e-03
-4.586591319623036477e-03 -2.934821982123819555e-03
1.123952279031694129e-03 2.705407783395463901e-03
-7.490535208637166126e-03 -3.674490752223606195e-03
1.633472466734697294e-04 -9.725315814946369503e-04
5.486030954224781035e-03 3.885352541184916228e-03
6.653187009710741402e-03 1.405383440138921903e-03
6.878434619779121365e-04 -1.404339244526769948e-02
-2.992410997710038319e-03 -2.967823515775722121e-03
-9.236663131800401313e-03 1.517911127057109885e-03
-4.001855744479947108e-04 -9.232288481210959271e-04
-1.003577299332261870e-02 4.959411298380058883e-03
-7.763424548521353011e-03 -1.003888635653396241e-02
4.410583140151200579e-03 -5.567473068082003443e-03
-7.488810902305158366e-04 -4.095256640874946237e-05
3.189158912241532411e-03 7.244947579690366735e-03
-1.374585173869697155e-02 5.958318552894142570e-03
-7.930938965830705567e-03 9.140580239802794521e-03
6.203235682935076198e-04 1.941614550321879682e-04
7.466809879869357527e-03 -6.532612171919354761e-04
-9.199223062810369181e-03 -8.243203652828594297e-05
3.080207607495075682e-03 -1.347190859138813757e-02
7.909145423347758996e-03 1.048751251118909891e-02
2.742320948673457413e-03 4.977165439732357706e-03
-1.042708149709378404e-02 -2.352864520738504484e-03
-7.480859869546161063e-03 -2.752587076228044192e-03
6.485002093491088263e-03 1.916963183635207128e-03
2.120736093006748806e-03 -5.049538828656520472e-04
1.073260488780967449e-03 8.210853300554370182e-03
-1.470460469521601976e-03 -5.811591929705687068e-04
-9.729227446570506282e-03 -6.140409863592226694e-03
7.475559181040951004e-03 4.314628017656899420e-03
1.115202977860100218e-03 -2.262481451453370995e-03
-2.990558921871214713e-03 -1.105979463348226791e-02
-1.877543269303728370e-03 -1.456424839364818882e-02
-5.258404946581446415e-03 -4.934488566990130956e-03
1.178092681950167067e-03 3.729892442515390059e-03
-3.641888352779077461e-03 5.429240207053989513e-03
-7.459194096567089115e-03 -1.102374362137249417e-02
-2.770085678571912891e-03 -2.454918600152080754e-03
-8.644439542860498163e-03 -5.099624004750662187e-03
-1.004359625657616148e-02 -4.054463495323191655e-03
2.834827458499442239e-03 3.553213764131541406e-04
9.064646294397513517e-04 2.653454705770175344e-03
-3.348466757784355693e-03 -1.312241480719154862e-02
-1.549252239126505367e-03 -1.887410262650941317e-03
6.517939742390088144e-03 9.189611608471696946e-03
-8.278580674189940647e-03 -5.380065243185574823e-03
-3.095183635090499770e-03 1.411204585682325138e-02
-3.267950681845865294e-03 -8.551198649371418922e-03
9.373427225508019307e-04 -2.672805383951506325e-03
9.410020967020028132e-03 7.765404393864051673e-03
-1.532551905197493186e-03 7.374175600536994656e-04
2.899106219467946239e-03 2.787169321014346980e-04
4.250221487184520364e-03 3.957981469118211464e-03
1.437858070078324845e-03 2.642454194553635598e-03
7.265096526286444513e-03 5.965599086741369544e-03
1.005499590199939418e-02 8.241332259457367568e-03
7.305522188983264859e-03 1.291817887886155362e-02
-3.296306200208581200e-03 7.350977175482367211e-03
-1.103340313476481281e-03 4.426357436161482486e-03
-7.987601943497513179e-03 -2.459820154449235234e-03
-6.565981188388605311e-03 -4.465186562028129226e-03
7.733137243874563943e-03 1.985217460982134901e-03
1.118702698329374079e-02 -2.753257575137665197e-03
-3.006460987385480531e-03 -6.373671809194559473e-03
-1.238459811293831292e-03 8.536493986474925650e-04
-6.604139815351778905e-04 2.187202179267865813e-03
-8.939314661532068995e-05 1.817830813177337846e-03
-3.054502433384568855e-03 -1.649246762750311741e-03
2.939324402214851806e-03 -1.345958290804492169e-02
-7.032632849099648698e-03 -6.553783274550515660e-03
2.097809032653116280e-03 2.478244794711835508e-03
-7.639848873306053639e-04 1.195612090487198700e-02
6.305082282392481842e-03 -1.109226926342224070e-02
-1.954275483120683325e-03 -3.271590948770389078e-03
1.261819530798841994e-02 7.520215899125307427e-03
-3.071202767314941927e-03 -4.274074585456094297e-03
-8.962256965532539379e-03 -9.543607812759317272e-03
-3.566880445296280889e-03 -9.128382325962884278e-03
1.109902289356252134e-03 -7.004405100233736681e-04
-4.521386520732837019e-04 -7.057411985291533671e-04
4.345122802248597722e-04 2.126898934677785152e-03
5.833465182625013771e-04 -2.284881608096239974e-04
5.150251910249736484e-03 -8.471416957096022937e-03
-4.057720453732798632e-03 -1.352173822847246507e-02
1.279811511908702766e-03 2.052944834618275656e-03
-2.540735364595780345e-03 -2.390895378193611497e-04
5.073519696432782396e-03 2.821240487781774640e-03
-5.066031682635749496e-03 -3.141309120499903140e-03
-5.404125821407853268e-03 -5.383114721645267456e-03
1.219907401525995722e-03 4.613493896354412330e-03
7.816766683025650961e-03 3.752420368660859019e-03
-4.299524220556809675e-03 -4.521514290239786113e-03
-2.218878540791731357e-03 -2.645104538805383675e-03
-9.659057208634329404e-04 -2.115898423461245841e-03
-1.164261424803398302e-02 -4.482413799668499149e-03
8.627978340272504740e-05 9.861824369640664369e-04
4.952450188293594860e-03 2.654380743688906485e-03
-7.476820468415513316e-03 -9.602585885223863249e-03
7.462307459775164827e-04 8.219730371222660212e-04
-2.075808010218895341e-03 -1.415457913436049845e-03
2.619990153159138142e-03 -4.776521719267931825e-04
8.544445019236120847e-03 1.004153670078685237e-02
-1.756601530668416974e-03 -3.040452443707875475e-03
1.283723143535474807e-03 6.559882231469900057e-03
6.463001071056867324e-03 8.541763023594212481e-04
-9.574294251613478871e-03 -2.746887253515462035e-03
4.649273543755242754e-04 -1.176368375617830794e-03
-3.511941773963061370e-03 -7.929470198506094469e-04
4.032989376600195752e-04 -1.880784402019628019e-03
9.107642590903797242e-03 6.582905409942161820e-04
1.724462150184164974e-03 3.078754665863735196e-03
-4.931710453233936232e-03 -6.879551729980084435e-03
-9.707433904082554601e-04 -2.576850261458455901e-03
1.129934719026133398e-02 -7.554287065893632372e-03
1.755340243294644612e-03 -2.247505423857266028e-03
9.644336720046216976e-03 -9.147509116523202394e-04
-2.101848433783191569e-03 4.371754014283303104e-03
-3.632085244189201911e-04 -5.005792322797454792e-04
2.085946368268926186e-03 3.143688100044045699e-04
-3.064640791435960590e-03 -5.481576593198084560e-04
1.239368266355711165e-02 5.765338674789797883e-03
-1.255000491539314499e-02 -3.089882946585400733e-03
-1.138593057173329249e-03 7.268672908458746057e-03
1.728501551315601154e-03 -3.771244143130261968e-03
7.223281806712548124e-03 5.081997632902808711e-03
-4.923424171021938828e-03 1.113302842966385105e-04
-9.985081203072814458e-04 -5.460342187749839520e-05
-8.413876000570711701e-04 4.580891496911134765e-03
-1.673435110477716412e-03 7.497432433969147998e-04
1.019583104821519641e-03 5.163375862007236854e-03
1.303600725428483847e-02 7.022287011097770593e-03
1.082680405258275302e-02 5.299086148286807907e-03
3.199297270291563688e-03 6.143858476258721134e-03
3.137333604120908209e-03 -3.894500976563312379e-03
-8.078591626938112953e-04 -1.526389063525885464e-03
1.361371783458834202e-02 -9.781036347020930985e-04
-5.122950199310307220e-03 7.972162896942953589e-03
4.123180791629823920e-03 -1.331472418638627447e-02
-5.246542282198617645e-03 -2.770612582283841357e-03
-1.128596769949540349e-02 -7.707751493526180525e-03
2.117494960290278866e-03 1.365599557312319537e-02
1.571716280519751437e-03 9.272043644995195920e-04
-8.347697104703268034e-03 -5.764412636871066309e-03
-2.319799102336091851e-03 6.342793716084760280e-03
1.321698087280673284e-02 4.628597693454502074e-03
-1.303999859635536496e-03 -4.357704024606610591e-03
-4.145054044558810213e-03 8.950010992641863668e-04
-1.275424084372382173e-02 -7.046938377784880622e-03
-5.690266882554667616e-03 -7.842407972382574657e-03
6.243789115130766489e-03 -2.462741863404943957e-03
-1.339252603332384464e-03 -1.515388552309345936e-03
-8.454253604206624084e-03 -4.548416866971161099e-03
-3.282591459986928823e-03 1.422882042482110157e-03
-5.081007710231174451e-03 -2.501171855064787588e-03
-2.888504842458890047e-03 -3.402798814960287469e-03
-9.999452362437731556e-05 4.941912696036190183e-03
5.335807659311861753e-04 1.230971797496009310e-03
-3.037674329946676074e-04 -1.038135514589355211e-03
-1.327054689493044511e-03 9.982430858818320749e-03
1.613531000095009367e-03 1.810805818339222091e-03
-2.992874016669064101e-03 -9.448307363485144083e-04
7.011893114038629179e-03 1.077895426084055260e-02
-6.121330550113142886e-03 -3.439376730782668819e-03
-7.062681022410827007e-04 8.153599534423981721e-03
4.006358164571199344e-03 3.592968927915774803e-04
8.648351174487270421e-03 9.606561401602285721e-03
1.469534431602190390e-03 4.627144751823841599e-03
6.052341889103690989e-03 -8.301906868750265692e-03
1.253502888779829162e-02 3.730020212019835406e-03
-1.266224541190925446e-03 3.375896238228911616e-03
-1.220926043236883300e-02 -1.629097816155375411e-03
-1.154758516345909258e-02 1.471657872143722172e-03
1.153963413070224417e-02 8.714035399997911713e-04
6.062735786161340106e-04 -3.211686838387111526e-03
-8.938068617805706301e-03 -7.238848622770982337e-03
-3.766406473586010172e-03 -1.267549713317710431e-03
-3.911664329452030353e-03 -3.739168647398913303e-03
3.662963337293886814e-03 -3.204677669249313913e-04
-2.148373053399968338e-03 -8.329735483400373119e-03
-2.220267597670739449e-03 3.423873799475776834e-03
-5.367148771378778965e-03 -4.960465105803916683e-03
3.168913847520589064e-04 8.489969366862607988e-03
9.451037418181108471e-03 1.338055200710725270e-03
-3.937369503561747447e-03 1.138198670674135660e-02
2.353072000689669999e-03 1.026379813517264497e-02
5.137670687901491843e-04 1.410157224932092473e-03
-4.563664259270764842e-03 -5.918020659702448449e-03
-1.642221767912876215e-03 4.757426580094327971e-03
3.851424969614173233e-03 -3.034225717285186745e-03
-5.174775507431721155e-03 -3.167285659312547418e-03
1.383604315372646831e-02 -4.651987190784512977e-04
5.270267610965636076e-03 7.098364551697560268e-03
2.864316494732055667e-03 1.098039624971952968e-03
-7.268209889499039830e-03 -3.161585836599965695e-03
3.835985923059722930e-03 -3.710956724228640230e-04
-1.421956004564059028e-03 -7.328577018841343597e-03
5.972496312075501607e-03 5.794763826270078917e-03
2.700969248056654323e-03 2.070571206466128699e-03
-1.009647537211950073e-02 2.090097131231660049e-04
-2.447430586353688264e-03 2.450017045854925839e-03
-7.106123930198771088e-03 -9.422075285660424376e-03
-7.024994838006467721e-06 -1.702924146709078670e-03
1.205340119949239487e-02 2.281560764931883645e-03
-8.462667655924429461e-03 -1.823626754009020218e-04
-8.655966957789537966e-03 2.070443436962143922e-03
1.123952279031694129e-03 2.705407783395463901e-03
1.965339879088765299e-03 -1.875483713515670430e-03
3.501340396954005178e-03 3.917028902709462218e-03
-1.166693036526934369e-03 4.569763216187866127e-04
5.149198102826450275e-03 6.931504807604692980e-03
3.457338352085562866e-03 1.791455140157891326e-03
2.844167548140169631e-04 -8.056718374006272389e-04
-6.204624739809078311e-03 4.127363787958842484e-03
7.017656821500493653e-04 7.193920539979021915e-04
4.639470435167736620e-03 -1.328651226321396223e-03
6.181234660496420438e-03 8.788276690458516997e-04
3.518040730883016925e-03 6.541856725414103325e-03
4.898437554880357217e-03 -9.727040121277320817e-03
-1.404385546422740397e-02 1.335149317448724310e-03
-3.995884557066018208e-03 7.873557430197013207e-03
7.266357813661576681e-03 1.125355695430765163e-02
-2.641400387125938422e-04 -1.396506369461521322e-03
3.005534949467429402e-03 1.041965736804897381e-02
-2.848797737730424193e-04 2.828664616827834301e-03
5.077894347019940025e-03 5.305185105207333753e-03
-7.810204707147678366e-04 -2.650344252889795266e-06
3.047477438546562604e-03 -5.367738395876714592e-05
-2.265993948872768986e-03 -1.966665051215550283e-03
-8.887967616017310168e-03 6.356348453440824331e-04
-1.086378110261318822e-02 -5.721735764129299261e-03
-3.809945499494065378e-03 -5.416116255295346828e-03
3.745794508030226601e-03 -5.864215506238555295e-03
-4.711540807910568913e-05 6.784394875902946109e-04
-3.145492116828241258e-03 -1.445331724355903256e-02
2.017292956714625447e-03 -2.092971363108293327e-03
-8.724492599839964516e-03 -1.169383294199799819e-02
2.409527498405201942e-03 1.173318897156996497e-03
3.149531517960248595e-03 7.603318434564354522e-03
-4.885058064113856000e-03 -5.534998438143172092e-03
6.209143567589110128e-05 -1.318576753024268064e-03
-3.308631883551796209e-03 7.210093970202144202e-03
-3.278552058856853534e-03 -5.427116766513028455e-03
8.409788540379157726e-03 4.445835883846797378e-03
1.517112858642253367e-03 1.925712484806801038e-03
-4.255857425144089247e-03 -1.172988395410777193e-02
-1.221018647028688370e-02 2.416887742699038930e-03
-3.600951612063244944e-04 -3.304592482421149762e-03
-7.516910881657184670e-03 -7.221222250923808872e-03
7.076571591195192010e-04 -1.422257787270446092e-02
6.722175670720764024e-03 1.314666703967117684e-02
1.484510459198404861e-03 3.987007486390548375e-03
8.448362127234567559e-04 1.949038679366555792e-03
-1.208970775061217647e-03 1.596367647206291610e-03
5.347335074237742625e-03 5.139650533239998979e-03
4.477847494827064817e-03 2.908845443311174842e-03
2.065541882664989441e-03 1.387348322271514042e-02
-1.650715530076283296e-04 -2.292433506644439047e-03
-4.819054996811194050e-03 -2.346637794315814887e-03
-6.734629123567282931e-03 -1.930614039104635964e-03
5.541097395061876478e-03 8.638516414497467329e-04
1.380920446174606353e-02 -1.988937438352589120e-03
4.415756059151174258e-03 4.227422196335443340e-03
9.368206247444769985e-03 6.881802940024349391e-03
-1.530364579904880179e-03 1.979389868766248412e-03
-6.299526054878160780e-03 -1.318364408970035956e-02
5.186638171815910817e-03 5.331161644019978031e-03
-6.569557570560225976e-03 3.618194675404830946e-04
-1.447790472549381063e-02 -2.814742396655587134e-03
-4.550412538008137379e-03 -9.823123013275498333e-03
8.352071755289635496e-03 8.248357254294803528e-03
9.413821236814489193e-04 -9.522804192947325816e-03
3.960041024906269837e-03 8.348687027374901426e-03
-1.110810744418417456e-02 -7.297427561027585059e-03
9.715305226397578237e-03 -8.622374635675196866e-03
9.333033214187947020e-04 4.177193425043171718e-03
9.924091633873258905e-04 -5.694306283685995375e-03
3.788279726514995165e-03 1.368727280043979810e-02
2.527818892788303608e-03 1.347813531781264645e-02
-8.579362513477819391e-03 2.134722197930647922e-03
1.083521810429998594e-02 9.330319567172279741e-04
8.768957663667430874e-03 1.179641392512236278e-02
-2.141938847024862057e-03 6.753117648583357481e-03
4.790491998498562498e-03 -2.442066013096936411e-03
2.697759766729533257e-04 9.168408854452901949e-03
1.618033420186041835e-03 -7.062185770082662906e-03
8.716749047032897307e-04 3.472777398641373626e-03
-3.897486570271353062e-03 -1.169025655982637753e-02
-7.692583811673868975e-03 -6.389573874709396015e-03
2.453529543273643820e-03 3.298892659708567605e-03
-6.204959989264229037e-03 -5.206579638461393371e-03
8.660804627334360919e-03 -1.609491598964933861e-03
-1.045716132179008717e-02 1.028434621597552716e-02
8.673465560132726654e-03 7.865335032735527171e-03
-7.608491353563756610e-03 -6.645363746457878633e-03
-8.014440635476556204e-03 -3.983558873722231608e-03
-5.107814750814287062e-04 7.142765730773947136e-03
2.521384686413197761e-03 -1.604717814171083279e-03
3.256088017463606814e-03 6.387322664664451047e-03
1.744275847325201748e-03 2.899569238427652032e-03
-4.213244437154085170e-03 -3.535331853275719242e-03
7.700997863390311726e-03 2.023519683137994622e-03
-3.879524948967778136e-03 -3.777470869554772591e-03
1.404457402219510317e-03 -2.607201450857468510e-03
-1.480135808612607689e-03 -1.503062868966130927e-03
-4.956824838879391598e-03 -5.138325361113324150e-03
-2.477717891000477332e-03 -5.603651849696902540e-03
-4.492488272968129213e-03 7.065235248542354671e-03
2.628787513388216972e-04 -3.891451498103620180e-03
1.990454264735581555e-03 -3.616710082381289267e-03
2.151725547954548221e-04 1.016691697476018383e-02
1.973387029971154089e-04 -9.102804921357723553e-03
4.481759126453837075e-03 7.415782840162799677e-03
4.914674869849773760e-03 -5.079219519144792527e-03
5.502859057657669140e-03 -4.846755841957887424e-03
1.079512769105888705e-02 3.314395591016601039e-03
-1.136522248805876129e-02 -6.991009783780027277e-03
-3.316119897350189132e-03 7.530162602919130387e-03
4.588778644915649484e-03 4.176794290836368176e-03
7.855595808893549303e-03 -3.916901133204335125e-03
6.713889388508195027e-03 6.155785025395134336e-03
2.522773743292205852e-03 -7.673696152452244221e-03
8.135047124656145934e-03 6.173411397242987812e-03
4.690497474874186050e-03 2.499846682939253772e-03
3.170271253019907656e-03 3.378147448273177006e-03
7.727373536410330271e-03 5.570251181838197299e-03
-9.706763405177259996e-03 -7.100615761743648419e-03
-1.779065572063023935e-03 -2.080246545557595632e-03
3.262314743879140026e-04 7.792961643793344586e-05
1.565952573055517331e-03 4.512238085355581990e-03
5.710671368159966552e-03 -5.716706440327018121e-03
5.886472067682809676e-04 -1.790529102239159752e-03
4.035384181844786991e-03 3.125007920777583912e-03
3.278552058856853534e-03 5.427116766513028455e-03
1.259493299818099932e-02 1.169471150283698732e-03
4.983200511899410143e-03 8.685056859813527694e-03
-1.065309456024119902e-03 -1.055391471269788439e-02
1.280400659605649728e-02 5.587478419480390417e-03
-1.301148365710228308e-02 4.616415605310120185e-03
-9.771505185104788910e-03 -5.001018538004721806e-03
1.238850974455713710e-02 -4.029556589627649767e-03
-8.057644411930251285e-03 1.201818010718546607e-03
1.258618369700804235e-02 -3.798418084566277178e-03
1.832072457110238244e-03 -1.354016286873620592e-02
-1.098014071071085583e-02 5.929292535621806526e-03
3.458727408963999800e-03 -4.277523198122589604e-03
2.302507979942818375e-03 4.412307446484108227e-03
1.000257980541507941e-02 1.048181268847651719e-02
-1.252190493603953965e-02 3.721813640254558603e-03
-7.115336250330751670e-03 -1.236697174108319398e-02
-4.287485727606258831e-04 -5.711932655533847984e-03
2.078921373430919935e-03 -1.388555336704674209e-03
-9.405646316434229659e-03 -5.281459776439634442e-03
6.573006183227972019e-03 6.168110708738348477e-03
5.671842242292068209e-03 1.952615061538176674e-03
8.842113495311405141e-03 5.330762509812033909e-03
-1.572179299480137675e-03 1.095788414926546130e-03
6.553192486086364087e-03 6.347296136175112520e-03
4.388869308106571610e-04 4.610843552102202383e-03
6.752718514376093370e-03 -1.513536476470061110e-03
-2.900526927730150140e-04 -6.966230647589612482e-03
-3.108515066799166955e-03 -1.403066762771768179e-02
4.111988626156507301e-03 3.189286681746087912e-03
2.316222720164470318e-03 -1.515787686516148394e-03
7.593515325968903246e-03 7.285501011892313306e-03
-5.585562458888772980e-03 -9.664326245747908994e-04
4.694872125459981921e-03 4.983791300363671004e-03
-1.054596367994114700e-02 -1.277751956120645044e-03
5.481656303638985164e-03 1.401407923760498346e-03
7.528901315545248954e-03 -1.971837970216203974e-03
-2.312774107498084732e-03 8.045717862793838951e-03
-2.431991539799808685e-03 -2.131129990067164373e-04
7.765180506237347180e-04 8.875641932674774304e-03
-6.220862054778494854e-03 -5.204568141736858056e-04
1.047386165571909979e-02 -7.659518393270885184e-03
6.984256153645409214e-03 1.944264894574527103e-03
-1.935723073352847538e-03 -8.738734243772295490e-03
1.116973586090103804e-02 8.001843587430524166e-03
8.911357695329967174e-03 -5.641826302348777050e-03
5.886807317137037095e-03 -8.571347595967497568e-03
1.033297845043172018e-03 -7.647192709930196583e-04
-1.100870370902405811e-02 1.140588728209735239e-03
-1.346740617129416279e-03 -1.195319919591217436e-03
5.533609381264844446e-03 1.183920274167875666e-03
8.905130968906707287e-03 -3.379980206550704802e-05
-4.692684800166798190e-03 -3.741818991651802827e-03
-4.548688231673978996e-03 -6.558157925136421686e-03
-6.455177807804685433e-03 8.159698491342685239e-03
-6.677838376397171420e-03 -1.687149850699368788e-03
-5.454354592699554166e-03 -1.900661983913568345e-03
-3.031575373032296787e-03 -4.632445440328940636e-03
-2.070140420867604483e-04 8.180901245363301696e-03
-4.103239324980259345e-04 1.778602553105492130e-04
-1.245358677394039007e-02 -3.204789613052979463e-03
2.695205540592420651e-03 5.655604927322191097e-03
3.558131144124686979e-03 4.160493091114049816e-03
-1.818820735848972973e-03 9.635060515162014588e-03
4.746026934665300429e-04 -2.544646996222684658e-04
-9.237461400214577387e-03 -5.793039519935919666e-03
5.560448073244325705e-04 2.707658993445876392e-04
-2.799574714803955162e-03 -3.197636848711560027e-03
1.204498714777595125e-02 6.647614956503285037e-03
3.608232145912513254e-03 1.203497655922979373e-02
4.443520789049628869e-03 1.705175356755165954e-03
-7.565750596070447767e-03 -9.807747851472590692e-03
1.417460031145759830e-02 -2.463858973602954527e-04
1.200535975349330438e-02 7.005985811376132244e-03
5.626914159505575636e-03 3.873026857841020340e-03
-1.156889927932053599e-03 -9.978056208233096469e-03
-8.306680653544116708e-03 -1.219176183002485328e-02
-3.980908529470592386e-03 7.233420164761898523e-03
2.624364803744935314e-03 2.006292445497624265e-03
3.801659217281497249e-03 -1.574765758980695238e-03
2.552933278433759841e-03 1.173690894894588790e-02
1.722610074346131101e-03 1.117072578357210244e-02
8.414626209925340702e-03 4.906787721845149754e-03
-3.080207607495075682e-03 1.347190859138813757e-02
-7.110626350289804207e-03 -5.490836972385395968e-04
-1.812929258879502703e-03 -5.306909411540350688e-03
-8.316611531642301158e-03 9.600206905673791188e-03
-6.537881209036359997e-03 2.346510024810689096e-03
8.721379236628862362e-04 1.449784619213485793e-03
2.137771676390911278e-03 1.145381736625922589e-02
6.666773980427728556e-03 6.834224512984286848e-03
-2.166797693662567310e-03 -1.421952839424477089e-02
5.318564595975987328e-04 -2.033993290643746916e-03
1.429301947534514575e-02 7.014943174472312512e-04
2.067984746966712584e-03 -7.598416880266058160e-03
-1.029023769294499721e-02 4.484808604912277237e-03
-2.769622659612887110e-03 -4.477911379579288358e-03
6.745917407158553980e-04 -1.013829009169532960e-02
8.913880270078302498e-03 4.934089432783327414e-03
8.274669042563168389e-03 8.731278463339499883e-04
2.494881243889875751e-03 6.205486892975477925e-03
-1.551902583378143938e-03 -1.106389791936282984e-03
-1.036280273612527961e-02 -2.429468965050223493e-03
2.090911807318984218e-03 -1.058161555784468619e-02
-7.706746327074479042e-05 1.958714018458703170e-03
2.329266961477534283e-04 -2.611176967235891849e-03
1.423345061441135722e-03 1.259598680559721653e-03
6.437886685411982682e-03 2.595402671225501522e-03
1.346740617129416279e-03 1.195319919591217436e-03
1.791519024909543276e-03 -9.135806455008943505e-03
-1.073084893008981189e-02 -3.391000035329000926e-03
-1.141578650880117896e-03 -1.284250047246832333e-03
1.712727255305210826e-03 -1.044205752468999743e-02
-5.999335004054544632e-03 -7.318502545543073556e-03
5.500208713405459193e-03 -4.065735371242547996e-03
-1.495562078217293686e-02 2.437355531080855064e-04
1.251583763051222591e-03 6.598184453625760212e-03
1.133308310757450907e-02 7.029312005935887432e-03
-1.180596149470881234e-02 -3.509882218175003430e-03
-1.773972363502723977e-04 -2.433316711925342934e-03
-2.684268914128213300e-03 5.542566162391928536e-04
-3.166822640353522070e-03 3.151782728004513551e-03
-8.613226200295658400e-03 -1.091940668053249016e-03
4.417480365484761917e-03 7.492387284475199999e-03
7.612067735737310624e-04 1.818357716889727966e-04
-4.543259773664677040e-04 -1.947713507241021977e-03
-7.977208046437801259e-04 -2.627478166957531065e-03
-5.131236481522876217e-03 9.812808826669115227e-04
-5.543205009908448028e-04 2.994199188795168640e-03
-2.754311382560951406e-03 4.215894781406975128e-03
-2.716871313572851322e-03 2.615551617821118297e-03
-8.932560449350011172e-03 1.188999006806602116e-02
-1.291148913347790750e-02 -3.254970907260708660e-04
-1.154830372142744708e-03 2.620852306326217334e-03
-4.477847494827064817e-03 -2.908845443311174842e-03
3.904176315653638298e-03 4.059237280115899488e-03
-5.763707464234105876e-06 3.585033720856062832e-03
-1.404431848318643018e-02 3.358142096875933215e-03
9.178020308792255930e-03 6.330595802245990618e-03
2.710372640461538793e-04 1.445636672201872433e-02
-1.882508708353786402e-03 -3.668264025799095572e-03
1.103242903779186670e-02 3.187163241205807299e-03
-1.236293233995129637e-02 2.653374413348237593e-04
4.904073492839356244e-03 -1.955137636287082072e-03
-4.856367296295988935e-03 -1.210323083657672237e-02
-6.245050402505898657e-03 -2.825216004161339861e-03
-1.498352968923932077e-03 1.329802385245715257e-02
-2.078123105009369010e-04 8.699505983702732290e-04
-4.089061565802302317e-03 -6.172485359324255370e-03
7.144953056067240155e-03 1.752753783794548485e-03
-1.160828754225654708e-02 -3.278743713112489827e-03
-4.453068358635398419e-03 -1.398401523859702997e-02
-5.570586431293918749e-03 -1.606569890009225789e-03
-4.379242028081125303e-03 -1.781779801066885180e-03
2.823427813075638816e-03 -3.831547387720342195e-03
4.240546148093515301e-03 3.036077793122649460e-03
-2.416552493243998359e-03 -2.876243043867897278e-03
7.401317890589217095e-04 -4.926936668440085217e-03
2.595211016969404226e-03 1.059751762335952446e-02
6.987369516856644508e-03 -8.597483555680190612e-04
-4.651333099550566258e-03 -8.352247583848927247e-04
6.634634599942905615e-03 6.872526735140827014e-03
5.375227573640071858e-03 -8.739532512187722299e-03
-4.628996827662554617e-03 9.561505549309987778e-03
-1.083063597375848001e-03 2.224179229297511273e-03
9.414523387111059516e-03 -1.107587194557832673e-03
-8.831512118302348516e-03 -8.454844392670886680e-03
-8.661267646294747158e-03 3.632484378390999150e-03
1.161438649917593061e-02 9.027653418676662850e-03
7.941077323880737712e-03 -1.024166934323444099e-02
8.602752592786965750e-04 -7.140913654939449280e-04
-8.368851799660384852e-04 -4.292100091510750448e-03
-2.059570695248908508e-03 3.232362688695798215e-03
5.812262428613266738e-03 3.963282157622169052e-03
-4.044133483016381335e-03 -8.092897155626419675e-03
7.523137608080443690e-03 1.613195750640539303e-03
7.507235542566177873e-03 6.299318574928247302e-03
-9.488014468210183641e-03 -1.760704816552076044e-03
3.445447528073984633e-05 -1.015326611929075543e-02
-2.894731568882149067e-03 2.205227685322982533e-03
-1.018149386814766466e-02 4.510785143726063831e-03
7.258071531449009420e-03 4.262674940031610862e-03
2.384876131718771490e-03 8.915524865965497201e-04
-7.081265083561065835e-03 1.155057075716770312e-02
-2.242731639065347060e-03 4.384079697626056676e-03
-5.585897708344495297e-03 -1.030037605099434761e-02
-6.845097254697412974e-03 -5.221555666056356022e-03
2.029155621098243951e-03 7.090462159981751437e-05
-2.696594597470857151e-03 4.133734109582891825e-04
-3.810536287957756382e-03 7.963812729977481908e-03
4.528076266118766582e-03 -5.736072944205238347e-04
-1.255495394677993981e-03 -1.110512185047738548e-02
-2.143200134399995092e-03 1.465159781017073663e-03
1.678272780022538931e-03 -2.887914053997046307e-04
5.343423442610970367e-03 6.327131363883745779e-04
-9.669786355146823068e-03 -6.677966145901156197e-03
-1.104084308950830859e-02 1.178890950365594527e-03
-4.649273543755242754e-04 1.176368375617830794e-03
-6.544107935459619017e-03 7.954536525093959531e-03
5.676216892877864947e-03 4.436559678962594989e-03
-2.128224106803209680e-03 8.250225155831003186e-04
1.015154181295659618e-02 -3.230510612858335500e-03
1.659257351297038687e-03 7.201344669030549858e-03
-6.375795249736092123e-03 -3.913979424249769586e-03
1.158742003769516315e-03 1.886085090525407718e-03
-1.383339280947346733e-02 -3.158217516350649359e-04
-1.147342358344923159e-03 2.300783673609910727e-03
1.329139799182526768e-02 3.450904145711137030e-03
-2.120273074046362567e-03 -1.518038896560413567e-03
1.157257177960067246e-02 8.144051964836961435e-03
1.059135478168666405e-02 -2.665652619609406443e-03
-4.891157021029292166e-04 -1.128390814369823478e-03
-1.557203271883923421e-03 4.556511494932527972e-04
4.446043363797964193e-03 1.228109109188727129e-02
-1.640497461579288555e-03 8.022391668234084630e-03
1.108513232477814983e-03 5.368537828257106612e-03
-5.410687797282182077e-04 -9.109031647778808097e-04
4.973189923354614378e-03 -1.570790242601130017e-03
-4.895196422163887277e-03 -4.433909334711526491e-03
2.832177114247232726e-03 1.136341847128492918e-03
1.004061066286744165e-02 -4.498459460382848822e-03
5.107048133795470679e-03 -3.286040072654566012e-03
-1.942875837695519012e-03 9.152778153642488141e-04
8.175728326362078149e-03 -9.587881222330575312e-03
-2.022928894674984931e-03 -5.678931121883087733e-03
4.974786460182967392e-03 1.305111105138492822e-02
5.510682320911211921e-03 4.167118951745363113e-03
3.441564056075172538e-03 -4.879358241401845001e-03
6.128355544951149137e-04 5.142300877491747489e-04
8.739596396940054260e-03 -3.032405292827389243e-04
-2.986647290245804647e-03 -6.552857236631784085e-03
-1.388488286813973314e-02 -2.121326881470328787e-03
2.258968954033401845e-03 2.637409045053299480e-04
7.505048217272994142e-03 5.057346266216377825e-03
2.627015147998505284e-03 1.225271974783427153e-03
2.443854204182066732e-03 2.376988983713686047e-03
7.482121156919362484e-03 8.040544943793866139e-03
-1.001158464558920018e-03 7.264170488371600454e-04
-2.403300771981370897e-03 -6.781345397440947595e-03
8.393088206450145111e-03 1.821008061142156704e-03
3.048275706961309402e-03 7.257273263033580876e-03
1.685201656753745891e-04 8.822363682923271486e-03
4.292036206758988344e-03 4.841582922956092286e-03
-7.713451316237621234e-04 9.192533317426723706e-04
-1.459022493246140209e-02 1.986287094100380041e-03
1.553626889712302539e-03 4.371354880075358981e-03
-3.320829797391136162e-03 -4.287725440925523566e-03
-7.303286804626802665e-04 -5.508095861410653923e-03
1.784829279527258040e-03 -1.504787175298467200e-03
9.929088724314024533e-03 7.613520677366147904e-03
4.043798233560659885e-03 -1.241046270793137035e-03
8.285142650068922851e-03 9.105982169321860664e-03
-1.470553073313578263e-02 -1.765606370849230958e-03
-3.468274978550340941e-03 -8.001316683718595266e-03
-2.992410997710038319e-03 -2.967823515775722121e-03
-6.240340502464952060e-03 8.992672039683314092e-03
-1.395446231761265574e-02 -4.826814957279322235e-04
-7.933589310083704813e-03 9.921600710516311622e-03
-9.407035373312666593e-03 7.875185618408447538e-04
1.875946732474805499e-03 -5.765290033719070242e-05
-5.001289902706859691e-03 -5.240906344237687871e-03
2.701432267017040562e-03 4.757842704006297677e-05
6.857550707545863496e-03 -5.994497334509721678e-03
7.904435523306812400e-03 -1.330375532655555040e-03
1.027534137578937912e-03 2.820314449863043065e-03
-1.306595930947590696e-02 -5.742012480230042695e-03
2.101513184329402602e-03 -1.370569744070239925e-02
-1.467810125269963404e-03 -1.362179663685227039e-03
-1.069075851684814053e-02 -5.772363669629055304e-03
8.389974843238121385e-03 4.625021311282880541e-03
3.480265412437834934e-03 -1.191743537420738002e-03
3.329243849107580214e-03 -7.832875064587782599e-05
1.210144264549091117e-02 -2.442864281511684076e-03
-8.289645070159954235e-03 -2.329905808999763184e-04
5.658718290534677127e-03 -5.499218790735076537e-03
-6.578306871731820320e-03 -4.606069767308351368e-03
1.279433125696549135e-02 4.665574743484826245e-03
4.067523562329039208e-03 3.086705698621724191e-03
-9.204349086695904486e-05 2.598851283891996395e-03
6.980344522018637823e-03 -2.562672502277098165e-03
-2.335573398346481745e-03 -3.280196654749758297e-04
4.184218419882429138e-03 7.696208252901744640e-04
1.328794937915945412e-02 -3.079026030567233972e-03
1.153824507382380724e-02 6.940381878280271234e-03
-8.199788904585607330e-03 -4.073814173504521768e-03
-8.809048076909100494e-03 -9.415050290822308404e-03
-1.890459741111204673e-03 -1.325202613654901350e-03
2.934231193659558694e-03 8.793337665650474005e-03
7.152313300359825973e-03 1.278962135692454476e-02
-1.043642158672963838e-02 6.059175229686170235e-03
-4.728400562822671072e-03 1.123489260072668564e-03
9.311878519233112231e-03 4.615345972192555490e-03
7.789464972086221697e-03 4.251674428813929235e-03
9.493331564382955987e-04 -1.186586560509083829e-02
-6.560393309488097777e-04 4.671146796691603466e-03
-9.250170392075869217e-04 2.813688589231729768e-03
-6.380632919280914209e-03 -4.374931262246979646e-03
-2.086744636684463583e-03 -7.625319456998575461e-03
2.261747067790847304e-03 -1.187421577205631171e-02
-2.559160004858380185e-03 -6.128882448663758482e-03
-2.047580261360843791e-03 -5.960697532444214630e-03
-1.507437519551247437e-03 -1.003808808811238818e-03
-7.221557500378959597e-03 -1.817032544763052919e-03
-1.012558109984084331e-03 -3.460451715297478172e-03
-6.241937039293304207e-03 -5.629229254302744144e-03
-3.062453466141987126e-03 6.938146493938824808e-04
-2.551336741604836970e-03 2.884992345039491621e-03
-5.553295308901216865e-03 -1.236167105257741407e-02
-3.736454418394370963e-03 -2.547824244186118990e-03
-1.323725758890679366e-02 -2.426419486591211740e-03
-1.551439564419118374e-03 -3.129382571363490372e-03
2.179251146511018700e-03 3.003475393678691450e-03
1.693248807619324343e-03 -9.289286708336780838e-04
-9.465550426814215140e-04 -2.720910714701214005e-04
1.031908788166095541e-03 5.304259067288602178e-03
1.160782452329752086e-02 5.301736492539696997e-03
-1.462143827502624359e-02 -2.021396242597033564e-03
-4.919847788850317295e-03 -4.715675745271973376e-03
6.628663412528756731e-03 -1.023331917626964932e-02
1.098577664867178560e-02 1.842609949368894523e-03
-4.761801230680695433e-03 -4.126166385336613868e-03
-4.683137230581028640e-03 8.537020890190061620e-03
7.888437339669505943e-04 9.016525137954997313e-03
1.075550029677624191e-02 3.672766445889447378e-03
4.363467732070164251e-03 -4.889033580492170919e-03
-6.275928495615589429e-03 2.501044085561483256e-03
1.780326859436225789e-03 7.368204413123417146e-03
1.631620390902458698e-03 -1.633344697236617299e-03
-6.001059310388703015e-03 -1.058346763368214934e-02
-2.438090496717833060e-03 -5.962022704569748879e-03
-5.137798457401285962e-03 -2.744636043470055197e-03
1.969714529674562471e-03 6.084609039087470177e-04
-2.365525453538120521e-03 9.522548653934327298e-04
1.207709487686655335e-03 -6.884325514773255439e-03
7.404670385127113275e-04 4.407006757979009190e-03
-5.029645421069576031e-03 1.066126948061609826e-02
1.054158902935534853e-02 -1.206192661303772187e-03
7.966862208437855419e-03 6.684991140740413618e-03
2.802225059056164674e-03 2.416616377996221032e-03
5.365759714500342031e-03 1.102944344408439761e-02
-1.228069195768057703e-02 8.101518687293566071e-03
8.303232040870575821e-04 5.661831653744637399e-04
-9.874150052981374437e-03 7.219146287468078058e-04
1.077750131921046371e-02 4.735553327165233257e-03
5.344684729984171788e-03 5.920671003954196959e-03
1.300744425597163620e-02 2.233583203685699306e-03
7.743275601925956111e-03 8.841283575516311818e-04
-1.179270977344618575e-02 -7.414984571748053747e-03
-2.612629908866552324e-03 1.151451974505678967e-02
-4.123388271579739132e-03 -7.376155445880265560e-03
1.744275847325201748e-03 2.899569238427652032e-03
-1.279134566325813155e-02 3.887348212220070182e-03
2.529207949666740975e-03 7.409156979532167259e-03
6.455848306714195850e-03 1.050818836149596501e-02
-2.582677853674913114e-03 1.023424521418838176e-02
-7.096448591107766893e-03 -8.500171609664861072e-03
3.565187790347036124e-04 8.131598511989761649e-03
-8.316819011594148853e-03 -1.109067272659320855e-02
-3.009111331639050500e-03 -5.592651338480362361e-03
-9.264060960846630735e-04 8.882666927513351712e-03
-3.481989718771993318e-03 -2.073221550718337778e-03
5.075371772271605568e-03 -5.270730629924771579e-03
-6.609057195338994758e-03 -1.063674588343411533e-02
1.944935393484828121e-03 1.168363069919506336e-02
9.671303181530496382e-03 -1.074794839822562631e-02
-1.601668335710819705e-03 3.530701663682087391e-04
-6.599509625755813850e-04 1.642093998399780344e-04
-1.587155327074991473e-03 1.735925680360980803e-03
4.154968514993601786e-04 9.617035009108040183e-03
-2.690367871047597698e-03 -5.194653089324981037e-03
-1.392854966355302343e-02 5.087042782398336176e-03
-8.099922150464533913e-03 2.341209336306051495e-03
-1.027997156539323933e-03 -7.973216704369775597e-04
4.972726904393657416e-03 4.522025368256157168e-04
4.693020049626820669e-04 1.307576241807728752e-03
1.245021787172241471e-03 2.872267527489473938e-03
-1.635995041488255653e-03 -8.505999201878002578e-04
1.647522456416724082e-03 -6.319467521524325948e-03
9.568993563107700689e-03 4.308928194944997708e-03
4.622770101238858121e-04 -3.953479049031722453e-04
2.104626547545071415e-04 -1.650971069084470125e-03
5.632677866969809308e-03 2.879931369849575082e-04
-1.358603281513605940e-03 -3.359195904298647832e-03
-2.178228990476639010e-04 -9.385896504044845268e-03
8.504817624953477442e-03 1.039990755565969871e-02
2.697392865886965273e-03 6.897577236035201155e-03
-7.224031493298828550e-03 -8.709668934438157331e-03
6.144555553755082916e-03 -1.243000826874426576e-02
4.129672014105321108e-03 -6.412190142950277387e-03
-3.286574441093336775e-03 -1.349786130275964016e-02
-6.774669889476849470e-03 1.562508723199929625e-03
1.004456854777444064e-02 7.241586946841341819e-03
4.773651668253027849e-03 -2.984219214423661313e-03
7.701599913990855167e-03 -8.471320742321547179e-03
1.153159110812831782e-02 -3.672900233559735130e-03
-1.030411974595769366e-02 6.831128583393459956e-03
-2.742985725364520053e-03 -7.863997705817078352e-04
1.272273277598849443e-02 -2.289273150793806350e-03
1.758378061353020865e-03 1.093829089318010955e-02
-1.701999745648889468e-03 2.402431006967375472e-03
-5.129238661991734373e-03 -9.575406033920246668e-03
-1.872455638662370468e-03 1.013702004687132632e-02
-1.002785473934632993e-02 9.218993129167180403e-03
5.762047009182562005e-03 3.130517913227792194e-03
8.032791180312848917e-03 2.281109919871254603e-03
-9.122646053612057382e-03 3.381527973647872887e-03
-8.441652431245713845e-04 -1.430138861295550574e-03
1.231660731076537028e-02 6.648953621261010499e-03
7.987541718398110877e-03 -1.129611606882858013e-02
2.668617588749668239e-03 -7.849564972118366554e-03
1.243613618467166899e-02 -3.077731224150473573e-03
8.834376119258597476e-03 4.964626673116902256e-03
1.175256076778945571e-02 4.710838986853762081e-03
4.347967003844009637e-03 -6.668301441505047758e-04
1.341852533048190459e-02 -9.784190058721514097e-04
-3.798856236458459561e-04 6.349210258410515305e-03
5.134982135933369336e-03 8.156312518148595841e-03
-8.091130615230904613e-03 -3.925927029538226962e-03
3.111942091945273797e-03 -4.876489125291042642e-03
-1.160734533705582577e-02 -5.969457362385324067e-03
1.163853320648629459e-03 -7.304442834402007090e-03
1.118461030313746933e-02 6.043771857739813937e-03
-4.621745990941357636e-03 6.318748246044792079e-03
-1.212673794407903571e-02 7.271727598915650112e-03
-1.267986629073263342e-03 1.475365263694222717e-02
2.356137469745734833e-03 -1.466264291467811454e-02
1.282413677119669144e-02 -7.493302472650506703e-03
1.081427074713192703e-03 -4.205322328314917840e-03
5.297964154430945087e-03 -9.765900979037053786e-03
-8.090373341097124166e-03 -9.634776925282766483e-03
6.466944899945865737e-03 -1.205524467964757922e-02
7.689445190071769569e-03 -8.836594670239917085e-03
-9.109391547589135163e-03 -3.901854905583652944e-03
4.896586413053493399e-04 -5.984096141259241664e-03
7.630397991713894733e-03 4.979538509131787444e-03
5.493110744791885117e-03 -1.286070005734069044e-02
-2.257160607119930093e-03 -1.063249147339570544e-02
