-8.083094047031646676e-03 -6.390899046836752591e-03
1.627564582111400496e-04 1.240739740377933345e-02
1.350093460866093505e-02 5.845918635479259787e-03
8.952246376985814602e-03 -7.122392896558018757e-04
-8.144850233252388244e-03 4.261621132607753062e-03
8.910255828839404833e-04 5.316584750631356618e-03
-9.078536863181883940e-04 3.415523632510305153e-03
1.771705327767934910e-03 -8.956621027572182064e-03
-8.190513281749892474e-05 1.497762180461031673e-03
-1.823658405394366216e-03 9.174108677165483672e-03
1.367480352189864856e-03 -3.029851066698138404e-03
1.782178935273687854e-03 -7.237667045842701959e-04
-6.436497628533545748e-03 -8.664381009505981585e-03
-2.773917599752206541e-04 2.508595984111528128e-03
4.763653306518158582e-03 -3.965804732371075100e-03
-2.992874016669634825e-03 -9.448307363478340715e-04
-5.043567641242504077e-03 -4.101515018651324430e-03
-1.153441315264878281e-03 -3.448126031953582717e-03
5.238128230480813136e-03 7.136666773854100435e-03
9.065443398909305180e-05 3.470127054387803656e-03
-4.182366344044965989e-03 -8.861591942997862348e-03
2.439910921171960755e-04 -7.758251629520810343e-03
-5.993571296590310959e-03 -1.090353626639913726e-02
-6.943032222533842071e-03 1.231926554453800435e-02
-1.672972091518691064e-03 -1.273249536030292804e-03
2.514694941030912526e-03 6.026301465539394761e-03
-2.738281547542240242e-03 -1.182716424872885808e-02
8.632576878476308502e-03 2.935748020043231141e-03
-1.423808080401521743e-03 7.633940988663440695e-04
-1.245021787172241471e-03 -2.872267527489473938e-03
-2.127298068885729709e-03 -3.220963043270633902e-03
-1.165894768112758946e-03 7.767926968611815405e-03
4.443057770090603521e-03 3.728168136182373558e-03
-3.459653446882050495e-03 8.323508756977003945e-03
1.381530341866601952e-02 3.759972267210903892e-03
-9.272043645001999288e-04 1.571716280519180713e-03
9.421676151452940823e-03 -1.076159925369619789e-02
6.799498673000049093e-03 -1.152591939048059309e-02
-1.278604497475292409e-02 2.325307270791214520e-03
-1.713525523719957623e-03 3.131106877697649189e-03
-4.856958084759679939e-03 1.276698148696107015e-03
4.100461211227467498e-03 1.035935412345889359e-02
8.093695424041846484e-03 3.266817163976538929e-03
1.341558086317647808e-02 8.137506396632809141e-04
-7.114410212410550785e-04 -1.641295729993464412e-03
-8.462252696018936898e-04 4.119939658913924704e-03
1.220051113119644676e-02 -3.338791418695282245e-03
-3.541430810195104074e-03 -1.535665268410088720e-03
7.861933897153122394e-04 9.797545608669657596e-03
-9.467402502654400503e-03 5.371060403004189465e-03
6.453197962461987638e-03 1.128920883221130184e-02
-1.279664635176197898e-02 5.449389153650066424e-03
-1.334079684330480037e-03 8.279506712108562066e-03
-1.624467626559216501e-03 -8.020667361900605391e-03
1.001030695055044745e-03 1.063051915701028471e-02
4.555713226513918163e-03 8.261082071845962660e-03
9.294842935848949758e-03 -7.343425276932323206e-03
-8.629256035316959289e-04 1.495111836207461487e-03
-1.518166666065539142e-03 1.347720927989391748e-02
-8.083221816528366431e-04 4.966037159013218143e-04
2.427616889213440789e-03 -2.270831618417020782e-03
2.243657676982827032e-03 -8.430065256479791005e-03
-2.791288432591386599e-03 3.793245165564482473e-03
2.744508273966070853e-03 6.219137748444906327e-03
1.333153646412428691e-03 -4.233521153254147726e-03
-1.195929815283748587e-02 7.718496465734289713e-03
-3.909477004159417346e-03 -2.497196338686364248e-03
-2.138027215399450690e-03 1.126005504543384043e-02
-6.406673342845781161e-03 1.412280665473053965e-03
2.067393958502451289e-03 5.781512105007451455e-03
3.234086995028815151e-03 5.324535783389344745e-03
5.664354228494465453e-03 2.272683694256985836e-03
6.834623647192231838e-03 -3.011298656932234665e-03
-1.646596418499244111e-03 2.273481962670591185e-03
7.975739279112752794e-03 2.959441697424855001e-04
-7.408757845323542257e-03 6.184683273162805590e-03
9.637311725207420993e-03 -2.617675058363220803e-03
1.367627228922325966e-02 -4.319673167153568333e-03
1.049678871607330304e-02 -1.064271707084905351e-02
-3.490403770489226669e-03 2.292832640851241721e-03
3.926975606496020590e-04 1.243297480838082870e-03
-6.752622396261568488e-04 -8.529596761145143841e-03
-2.587978542180121438e-03 1.179628615561723569e-02
9.662889129813263464e-03 -6.381894206656047244e-03
3.583708548721660568e-04 3.962739428207381941e-05
-9.036674084551075958e-03 -8.365914265015952228e-03
-1.741753272576866858e-03 7.676346496704453300e-03
2.174876495924650370e-03 5.195307762549543395e-04
-9.386295638251647075e-03 -3.437652424449190881e-03
-4.069838657124956113e-03 7.028258198512491069e-03
-5.820341230875920521e-03 9.736715460368326747e-03
-1.333897641886476124e-02 -7.494718786947764805e-04
-4.772530377194416848e-03 1.035485170336786047e-02
-4.407805026393755987e-03 -6.570483608479637562e-03
3.746592776444972964e-03 1.446735140753793811e-03
-1.157269954910590884e-02 3.212884241009341009e-03
-2.396164415308281795e-04 1.024219624694454669e-02
4.519789983905626862e-03 -7.564489308695886323e-03
1.369204658524023240e-03 2.351140214409373763e-04
-1.257293197574620679e-02 -1.066842690085932979e-04
-5.205525831037536438e-03 -9.197961775437168627e-03
8.813215247543053008e-03 -8.791884724020274100e-03
5.267282017258276272e-03 -1.454558404007336592e-03
-2.048969318239851883e-03 1.082808058369459864e-04
6.511377766511105940e-03 5.463694682335410238e-03
8.560283781975644088e-04 -1.455497218876398297e-02
-5.117075130014114501e-04 1.118875128962790004e-02
1.040785858841564724e-03 -1.084787903710006385e-03
1.884360784191249118e-03 -4.423707091908592529e-03
1.003808808811919263e-03 -1.507437519550676496e-03
6.418999026188997037e-03 -1.271397460192830522e-03
-7.988064962455968671e-03 -4.368273750227085091e-04
1.070737914032632776e-03 -2.365062434577734716e-03
-7.106427528263082813e-04 5.669654916998884478e-03
6.630643257873871863e-04 -2.968222649983204807e-03
2.758558263643444679e-03 9.624986041864206851e-03
1.835058050819530530e-03 -4.987239913030846322e-03
1.091931056241066816e-02 6.772420849680644769e-04
-3.659386955122836873e-03 -4.506538262643000267e-03
1.341385655684346201e-02 -2.451214448477155756e-03
7.958240676769565841e-03 -9.639834299955185593e-03
3.260590437552707884e-03 -2.485668923757896037e-03
-1.823530635889920436e-03 -2.182827528682639798e-03
1.916164915219779885e-03 -1.379595274048400766e-02
-1.003186136169584644e-02 9.466348695231684152e-03
-1.574366624772750682e-03 -1.461838937860030331e-04
-1.851630615243306330e-03 -8.994524115520097229e-03
-5.893241523510211327e-03 -6.511505536015770729e-03
-7.217518099247742860e-03 -8.667031353759551554e-03
-1.159987349054010172e-02 -7.644797904683892087e-03
1.543616301166935833e-03 -5.884492222338617851e-03
4.346176609677460632e-03 5.866067582076017577e-03
-9.663687398226868813e-03 -9.290564403376623190e-04
-3.248136984706188543e-03 -8.730384076808643534e-03
-9.431223721039501406e-03 -1.517240628147488880e-03
2.127298068885729709e-03 3.220963043270633902e-03
3.388221921571665622e-03 1.407107746473080720e-03
5.452295036910245925e-03 -1.069824653064574416e-02
-1.434409457410578369e-03 3.887475981725196407e-03
5.515519990456034007e-03 4.628070789742573174e-03
-3.383719501481774385e-03 -1.028009933489360504e-02
6.357626148487475473e-04 -2.468968589828312698e-03
-4.391902960878919446e-03 -1.125660643276802514e-02
8.599974479033031804e-03 4.997043021626298466e-03
-8.646499098644935301e-04 -1.769853251930472628e-03
9.329169641626385706e-03 -6.139755190376313884e-03
-1.131213589256357607e-02 9.436396640040615666e-03
3.633139051608054709e-03 -1.039712944190350485e-02
1.001503325826159918e-02 -7.342403120900228147e-04
6.400446616421950549e-03 4.195745834810897350e-03
-5.281332006934508216e-03 -1.951289889413323087e-03
-5.335807659308702822e-03 -1.230971797495280552e-02
4.771604339275006129e-03 -6.308866144514588443e-03
5.970612584847243692e-04 -6.156583293810561144e-03
7.795228679550455370e-03 6.666407079578664033e-04
6.381095938239939556e-03 2.351938482819772476e-03
2.035717596977225288e-03 3.796821547736103572e-03
-9.373171686494827584e-03 4.014181427824742125e-03
-5.500671732365055265e-03 6.088728150670436046e-03
-5.296308034529933172e-03 -1.311152623978208186e-03
-3.714916414919746529e-03 5.379554165175542881e-04
2.927669217780577357e-03 5.067420739514187297e-03
4.734499519742055469e-03 4.625420445491505543e-03
1.393153525725981251e-02 3.465880173307241997e-03
3.289616454825725241e-03 2.800421042287908405e-04
4.073287269793273747e-03 -4.983280222343386412e-04
-1.225671108990229827e-03 -1.028460175498349498e-03
1.549715258084959774e-03 -1.355825167755856254e-04
3.900472163973926548e-04 2.024317951553421431e-03
-5.614125457201975256e-03 -5.755136431986862186e-03
6.655039085548203684e-03 -6.686587677568765764e-03
1.035357400832481560e-03 1.183418924356629404e-02
-3.213938048436624237e-04 3.830222215599571279e-04
2.268181274165953151e-03 3.208637359927419327e-03
1.365756045855706473e-03 -6.294816154837215051e-03
-5.457467955912721075e-03 9.033512662285163829e-04
7.440434206843325347e-04 -4.199992715896025885e-04
-1.655345719666536774e-04 -2.694407272172316052e-04
-7.753749209429778091e-03 -9.116982680539080855e-03
-4.177065655539186073e-03 -1.042363288442739802e-02
-3.777215330541775374e-04 -1.883434746273197988e-03
3.184784261655735672e-03 4.761002962265949504e-03
-1.895760429616413214e-03 2.368383277739542032e-04
-2.569872743707121016e-04 -1.105051842859988698e-02
1.124287528487415144e-03 1.203935120981501974e-02
7.833930035914479090e-03 4.354255411940115283e-03
-5.903044632107024361e-03 3.923526993835649290e-03
2.967296612063792353e-03 4.709049884640660079e-03
5.931942879875376495e-03 1.019912023999665872e-02
7.706170782392217887e-03 1.181841494755590111e-02
-8.983922738511038869e-03 -1.272451267615545573e-03
3.463900327963972611e-03 5.517372066294858046e-03
1.089373315780482743e-02 4.441461233260891352e-03
1.259071776849615080e-03 6.278115820908774028e-03
1.483584421278993058e-03 8.032993045243821267e-03
3.308041095089466962e-03 6.169835015071827716e-03
2.524498049626364669e-03 -4.408731064313167573e-03
6.653187009710741402e-03 1.405383440138921903e-03
9.020101520125937966e-03 -5.615849763536132772e-03
-4.602493385137873018e-03 1.751300842164568890e-03
0.000000000000000000e+00 0.000000000000000000e+00
6.198605493325505490e-04 2.217154234458933865e-03
5.404779912653182375e-04 1.429083215005253274e-02
1.139218894954246997e-02 -2.842187702792598782e-03
-7.264170488378403822e-04 -1.001158464559490958e-03
-3.617236986093218601e-03 5.711006617615116410e-03
-1.438911877501611487e-03 1.276046757014708162e-02
6.835549685111642557e-03 -7.057284215785507124e-03
-8.362943915051553479e-05 -1.767202907679404997e-03
5.763087464744852048e-03 -7.957186869346847755e-03
1.330199936883625852e-02 3.268222628527456958e-04
-4.546963925340962928e-03 -3.293192836995985449e-03
6.555379811379547818e-03 7.589268444886981130e-03
-6.026301465539394761e-03 2.514694941030912526e-03
-1.136038481851393833e-02 -6.530057945782816349e-03
-6.661138042468730397e-03 9.376779720059527645e-04
-3.639238008527439106e-03 4.648219736339330964e-03
-5.018916274554712301e-03 -3.819748608089736531e-03
-5.861692931490791562e-03 6.830121227102558742e-03
-7.352302347608581472e-03 -2.905795964852163089e-03
2.755907919391235167e-03 1.040600651257954368e-02
2.877568215994111538e-03 -2.807062728600416470e-03
-3.394448647995495800e-03 4.200918753810870161e-03
-1.074595272719047062e-02 8.606073435952417069e-03
9.207637114528174557e-03 -4.283622155041974001e-03
5.813986734947425121e-03 7.228247245761244832e-03
-4.491562235048717627e-03 3.019249689689082212e-03
-1.924786446888069463e-03 -2.528872700211590684e-03
-3.448612667174884988e-06 -6.529930176279513318e-03
7.968714284275316834e-03 -1.406979976967273616e-03
2.283157301760235791e-03 2.568500094493664666e-03
6.673463725810803958e-03 -7.967947667243684313e-04
-7.250248268195466639e-03 4.751199853671639675e-03
2.891745975174789696e-03 -1.075815064102788113e-02
-1.408704283301432866e-03 -1.123367937241439435e-02
-1.062786881275785446e-03 2.200102243422093901e-05
8.777834734342900708e-03 5.407366954123753351e-03
-9.050724074228449351e-03 -1.177176255843525102e-02
-6.987832535817030746e-03 2.882741134994084350e-03
8.390437862197936900e-03 2.602028531857495264e-03
-1.104706981593156848e-02 6.786917450648864529e-03
2.435567921971430218e-03 -4.613893030561895016e-03
4.355053680353720633e-03 -5.229793889207688760e-04
-1.077762908872570858e-03 6.621382878681943921e-04
-7.276496171711608826e-03 -1.015246785087600689e-02
1.139298721795721676e-02 4.468762944199749024e-03
-3.059004853475601540e-03 7.223744825671573472e-03
6.831845533436717993e-03 9.126658019629868210e-03
-2.527148393877431867e-03 5.189751535027146111e-03
7.634068758170169805e-03 2.881144598164371746e-03
-2.122923418299361813e-03 -7.370184258468971163e-04
1.571716280519180713e-03 9.272043645001999288e-04
1.892184047444792332e-03 4.590167701794658009e-03
-5.476818634093372044e-03 -9.404560857614657418e-04
-1.464482835433833161e-02 2.984795214406981041e-03
-1.304925897554746680e-02 -3.117184657524720709e-03
2.262082317245426872e-03 -2.540272345635394106e-03
2.265530929913743639e-03 3.989657830642758321e-03
-7.827958848498397723e-03 1.275159049947082249e-02
-4.229146502668921712e-03 1.150790971012668985e-03
-6.477051060733669992e-03 -4.260024595779400916e-03
-9.319494302535379776e-03 7.061658866371875454e-03
-5.467015525497919901e-03 -1.137548861561402808e-02
4.563664259270764842e-03 5.918020659702448449e-03
-6.864575702383298589e-03 4.291573187799962996e-03
-2.711235375612491838e-03 1.038745410281249892e-02
1.317609219115031469e-02 -3.009893192377930890e-04
-1.040070582407376550e-02 1.193866977961698626e-03
5.614923725618082076e-03 1.306608707898035404e-02
6.374070943402503596e-03 6.490143361100133602e-04
-6.780403533830307167e-04 3.608359915415817153e-03
-7.060062329542381859e-03 5.302406991449317569e-03
1.495910104622208501e-03 8.173876250524044276e-03
-3.639238008527439106e-03 4.648219736339330964e-03
1.176368375618511023e-03 4.649273543760952163e-04
6.603884276337661924e-03 8.418506190155257939e-04
-1.582317657530740111e-03 2.196877518358871743e-03
-7.753078710520836664e-03 9.550904172300251141e-03
-7.607437546141345569e-04 -2.204828551116860304e-03
-3.209435628342166558e-03 -5.042769372826395521e-03
-6.845097254697983698e-03 -5.221555666055676011e-03
4.634169746663099887e-03 2.333897151067785593e-04
-3.065103810394986372e-03 1.474835120107398931e-03
-1.560316635096519172e-03 3.259664399634657189e-03
4.691742354580169527e-04 1.266451244765335118e-02
9.477077841745406434e-03 -4.449156727008627896e-03
-5.652571274550519369e-04 -3.215662354766215311e-03
-3.583708548721660568e-04 -3.962739428207381941e-05
-9.290340515759276663e-03 -1.529566311490703889e-03
-7.484180712707006475e-04 -2.063945345834134523e-03
5.824715881461145668e-03 -7.252770842943229504e-03
-1.135814943427254956e-04 -4.869283768103161011e-04
-5.251507721247886812e-03 8.125371785567072486e-03
2.245126444307388690e-04 1.754877224336189988e-03
-6.957944947428369893e-05 1.638645385741254899e-03
4.161291359528796613e-03 3.752819502867661694e-03
-7.181467087137289977e-03 -4.198396179063106429e-03
-5.737510060139009577e-03 4.192967721054022615e-03
4.599044772470916274e-03 -8.281231018441579869e-03
-7.458986616615813879e-03 9.667136010895185580e-03
-1.006513426004942459e-02 -7.140243156025721967e-03
6.017424394861993313e-03 3.874352029967234601e-03
-1.014282416317672207e-03 -6.725416803437234831e-03
1.164320503649824215e-02 -8.897515185605010465e-03
6.278115820919003259e-04 -1.259071776847988126e-04
8.575323112346601787e-03 4.715276611065851581e-03
8.053141991840579925e-03 7.671173577704479621e-03
-4.473137594786117353e-03 8.909042600533479545e-03
4.084718566599921698e-04 7.914110862397818330e-03
-7.668523233452270542e-03 7.272121521125241364e-03
-5.242758420076293335e-03 1.309326102041590695e-02
-1.611471444307060498e-03 1.078810269621894961e-02
-4.007156432985947009e-03 -7.670247539783926587e-03
-4.088263297388697835e-03 1.138465287669454193e-03
5.894167561429623781e-03 2.465519977162497836e-03
3.210489435764881608e-03 -1.036015239187364038e-02
-5.777105803040738334e-04 8.000390645800544570e-03
4.111190357742330360e-03 -4.121663965246940772e-03
-1.017076472163530414e-02 -9.970232944979551953e-03
5.545599815152908729e-03 -8.009139946972138047e-03
-3.092405521333625902e-03 1.974089180262291257e-03
8.279506712108562066e-03 1.334079684330480037e-03
6.202437414516465304e-03 -5.369336096671391972e-03
3.514129099256245534e-03 2.034919328562478057e-03
3.358397635885042917e-03 -8.669553928507316154e-03
-5.397691615032747421e-03 9.699738410338464012e-03
2.321060389709292838e-03 -1.054835848518938333e-03
-1.102414275557859428e-03 3.803718773063869416e-04
-2.710372640467254707e-04 -1.445636672201804432e-02
1.114037459417423215e-02 -4.097810866975257552e-03
-4.221195469910932717e-03 -1.192270441132205466e-03
-1.329577264241949691e-03 -5.934848763131034873e-04
4.331232233464230551e-04 8.195877272958266083e-03
-1.191344403212793879e-03 1.752099110576593906e-04
-2.094025170531008812e-03 1.338562880798541133e-02
-1.189581766028258852e-02 3.309413744288615747e-04
1.029587363090399450e-02 3.287093880077961508e-03
-3.355619522127027167e-03 -3.468402748055005730e-03
-6.034252498296242308e-03 4.857756353174426736e-03
-3.486955157825210715e-04 8.822762817123464647e-04
1.011443699342364638e-02 7.703775977147758053e-03
-1.103196601883148047e-02 -5.210156020631873455e-03
1.466085818935805021e-03 -1.902785424453848958e-03
-1.290875907878145414e-03 3.094129827666642837e-03
4.587389588037783274e-03 1.024577262911616909e-02
6.066088280712845192e-04 6.122256588033125196e-03
-6.956954442705409226e-03 -2.443518954728277331e-03
4.251945793516747132e-03 7.222946557256826675e-03
-8.658952551496897770e-03 -6.482479518742753806e-03
-7.298656615036549188e-04 -7.531088640837861961e-03
9.675087043652032259e-03 5.115925204472300536e-03
2.122923418299361813e-03 7.370184258468971163e-04
-1.346277598170390714e-03 -3.218312699018424823e-03
-2.679431244582819623e-03 1.015208454235722686e-03
-6.223384629526828443e-03 -1.109637254930579200e-02
-6.794996252910375997e-03 2.652927802057565999e-03
-2.330735728800298334e-03 1.329321725233761128e-04
-5.426717632306906659e-03 6.934027382353137592e-03
4.799033819717388009e-04 -1.816505641051123802e-03
1.883338628144801824e-04 8.643178255486726885e-03
-2.070970340674072822e-03 -9.545060754388396762e-04
-5.565078262834580267e-04 1.752226880082619585e-03
1.440508414329963200e-03 1.861433723838977483e-03
1.037592668788402984e-02 9.881302817324617502e-03
4.640013164580443581e-04 2.869617183235903535e-03
9.967582600727342007e-03 -9.389744250919963842e-03
-4.175469118710834794e-03 4.198268409558660215e-03
-1.000615618758670181e-02 -5.654806658907905736e-03
1.268332156039917152e-04 -3.418173976763875556e-03
-9.644336720046216976e-03 9.147509116523202394e-04
-5.240778574734383972e-03 -6.355646303139904189e-03
-1.906234037122165291e-03 -7.996015995213956798e-03
1.023861986477542924e-02 5.066622471099221058e-03
6.472676410148444845e-03 1.776079978354302806e-03
7.264298257871697716e-03 -1.345351560250979562e-03
5.240906344237687871e-03 -5.001289902706859691e-03
-2.891618205670124474e-03 -5.987855648177410877e-04
1.205522162393471170e-03 -8.126297823485124916e-03
1.229116556518439901e-02 1.313356356938827352e-04
8.428340950146993513e-03 -1.021307411155106867e-03
3.915703730582106509e-03 -3.110830161596226176e-03
1.234497071864965219e-02 -8.178123131605966392e-03
5.167750512592925172e-03 1.464361512601646638e-03
-1.101964033548826459e-02 -5.069272815351649579e-03
1.717101905890437274e-03 -7.958112907264900185e-03
3.485901350398193984e-03 6.580158947570643492e-03
1.349390961382235590e-02 4.142994488770861128e-03
1.672046053599279261e-03 5.319235094883565697e-03
2.518143553697869269e-03 1.255623164181640487e-02
-1.404329632715064103e-03 -8.749734754990655394e-03
8.881868659099284927e-03 -6.384544550907114008e-03
-3.047477438547133329e-03 5.367738395944737437e-05
-7.557464313858450362e-03 -2.816865837195868180e-03
2.449617911646301271e-03 -1.208044737142376784e-03
1.174605738432610638e-02 6.070431279911140537e-03
9.206711076608762104e-03 -2.376365961887011088e-04
-3.213938048433198809e-03 3.830222215595488824e-03
-1.117297699361751058e-02 6.159105868558324010e-03
-1.370357400016211820e-02 4.818927227305958537e-03
9.720046777833882788e-04 7.864808129024739719e-03
9.200516001580997215e-04 8.082295778616681303e-03
7.273430867558911862e-04 -3.044827094294924250e-03
-2.625753860623372248e-03 4.062685892782856231e-03
-1.186043714708155845e-03 -1.386831030370515609e-03
-1.224968609506622320e-02 -8.581677608274877744e-03
1.021818489175612635e-04 -3.699940387324322007e-03
7.516112613241076983e-03 -8.972839606968124881e-05
5.128250887815515545e-03 -9.534203838371809250e-03
-1.565617323601156772e-03 4.821705341062831537e-03
-1.265828572123066202e-02 -5.138852264824573038e-03
-8.290108089118980450e-03 1.790002198527230852e-03
-8.537547793901990520e-03 3.018323651769670192e-03
-5.909271358530854973e-03 9.531553494119601039e-03
-8.594769908645211523e-04 8.025042012486972853e-03
2.306084362113868316e-03 -4.146985830838228896e-04
1.181669064121787949e-03 -1.097113587053221611e-03
1.305376139563713817e-02 -5.755806930898304218e-03
-6.483150017653054389e-03 -1.000893430134357567e-02
8.744434066484875478e-03 1.577113087144711365e-04
1.333951914827175705e-03 3.077429493738201381e-03
-4.740598476662582182e-03 -1.037433015105431941e-02
1.226836627433657359e-02 -8.242401892575614009e-03
3.382122964652280791e-03 -4.341801959091093170e-03
5.892571024601271634e-03 -1.215638131682356127e-02
4.908783392880304575e-03 9.862750407557572749e-03
1.201945780221850288e-03 -3.299291793916512162e-03
-6.537881209036359997e-03 2.346510024810689096e-03
1.746127923163235188e-03 -5.192401879280716080e-03
4.721375567983875088e-03 -2.826413406783570212e-03
6.805629281319358972e-04 6.967555819715608167e-03
-8.857217292411494886e-03 6.666310961468703208e-03
1.054963618022242665e-03 -9.035875816137470609e-03
8.000518415304989917e-03 -1.077922562554405050e-02
-2.347436062728739791e-03 -2.491895650181945223e-03
8.139549544747749776e-03 -2.699580191179578280e-03
2.543720958302568991e-03 8.792012493524939756e-03
-5.340437848903039839e-03 7.920209819315841837e-03
8.938196387310942681e-03 -4.118087583075320107e-03
3.421750358934135764e-03 -4.700172813965761837e-03
-7.152313300359825973e-03 -1.278962135692454476e-02
-1.182981459298106802e-02 3.519302018257578803e-03
1.104866635276128238e-02 7.834983843338335155e-03
4.112499704180085699e-04 -4.223845814164502686e-03
9.319494302535379776e-03 -7.061658866371875454e-03
5.025143000979903803e-03 -1.788277892193072469e-03
1.470460469522173134e-03 5.811591929698882615e-04
1.778602553112296040e-04 4.103239324985968753e-04
-3.366220899137444683e-03 -3.443208651972948404e-04
-2.436493959889480913e-03 8.659878589416310224e-03
1.623669358145611585e-03 7.097167149068965867e-04
6.860073282293627228e-03 4.581418400623063665e-03
2.625753860623372248e-03 -4.062685892782856231e-03
1.389455820723130980e-02 3.043230557465212080e-03
-4.023984536419051954e-03 1.061860843356373860e-03
-3.093203789748591274e-03 -5.336861466732560622e-03
7.966989977941159318e-03 -4.671945065106349396e-03
2.565849750241236144e-03 -1.502136831047399786e-03
3.625986287264812077e-03 -7.431173827662815139e-04
1.139218894954246997e-02 -2.842187702792598782e-03
-2.158176161994848456e-03 2.105297046451508770e-03
1.946883587441161634e-04 -8.321784450644206452e-03
-1.252972819930230249e-03 -5.292061153445992705e-04
-3.055428471303980875e-03 2.396738796102961151e-03
1.330375532655555040e-03 7.904435523306812400e-03
2.148373053397332642e-04 8.329735483406277684e-04
4.781950177277454958e-03 1.328092438432008568e-02
1.116409992294011000e-02 2.299411024398222494e-04
-6.064204553487309926e-03 6.138030884042154633e-03
-1.257558231999841500e-02 6.743362017067443953e-04
5.553550847909756276e-03 -1.035220135911565052e-02
5.168804320013841531e-04 -1.393856025210453691e-03
7.540891749433314105e-03 -1.116489819135621682e-02
4.799033819717388009e-04 -1.816505641051123802e-03
2.298133329357021203e-03 1.928362829059690779e-03
-1.382590479567507614e-02 -6.358903843520511204e-04
-6.861127089717485895e-03 1.082150336407833313e-02
2.179251146511018700e-03 3.003475393678691450e-03
-6.000724060933552290e-03 -1.249524207261913482e-03
-6.945167996847724512e-05 -9.718290820105727340e-03
-1.218381079726686515e-02 5.963619241399241606e-03
6.218211710525495609e-03 1.301477284887202039e-03
-1.397432407382075007e-03 4.310125597567227192e-03
2.804412384349348406e-03 3.658588686708089642e-03
2.714683988278306700e-03 -3.857523926534128355e-03
-2.894396319426998342e-03 1.153917111174321969e-02
6.076402467327221037e-03 5.359788527084832256e-03
8.570150193345268952e-03 -5.079618653352737517e-03
4.008082470905357728e-03 3.624261980930653694e-03
-1.514462514390614578e-03 -2.706732955521459587e-03
-9.696162028166841612e-03 -1.022469764460135801e-02
2.681155550916978440e-03 2.249756633903353311e-03
-4.495809116130639743e-03 -1.082163113358277848e-02
-3.408498637672869626e-03 7.950704603915707217e-04
5.237329962067208654e-03 -1.742838731396086950e-04
2.201379938455128276e-04 -7.290673930889080131e-04
2.033993290643066471e-03 5.318564595970277920e-04
9.376779720059527645e-04 6.661138042468730397e-03
1.276669429657091223e-02 -4.169114622782339394e-03
8.541922444488357982e-03 -5.343790343459329725e-04
-9.940280889787343754e-03 8.890490190766214482e-03
6.139882959879617783e-03 -2.027766564220377741e-03
8.542050213993023638e-03 -1.189131524019155541e-02
9.477077841745406434e-03 -4.449156727008627896e-03
-1.034610240219626699e-02 1.953588576544176142e-04
5.482917591012756442e-03 6.689365791325639632e-03
-3.407444830256738501e-04 -1.460785130431167204e-03
-1.430580817764681364e-02 1.180615256699072031e-03
-2.307680898943362778e-03 -1.420720271090087500e-02
4.953711475668157171e-03 7.942338611255870748e-03
7.583839986877897316e-03 6.363597335896751736e-03
5.862491199904396912e-03 4.808294198911503871e-04
-7.389279397638226499e-03 -3.328445580692833417e-03
-4.734499519742055469e-03 -4.625420445491505543e-03
4.584068744875272744e-03 -7.641093753008966656e-03
8.549745707748485990e-04 8.479495759360522900e-04
8.551597783579363912e-03 3.875246416496285970e-04
-1.160000126004591056e-02 3.712138301163091236e-03
-3.330968155441738597e-03 -3.186636337493198388e-03
2.499718913434127113e-03 6.666438730973368865e-03
-3.689339010313904925e-03 -3.226263731775272370e-03
-6.438477473874312795e-03 1.078452631404846866e-02
-5.772635034331192322e-03 -4.321653012494335380e-03
-1.443957026998280400e-03 -8.391363900117129043e-03
5.371188172508855121e-03 -1.889533703191222146e-03
-3.680461939637864367e-03 -9.615310702774560944e-03
6.606534620591231893e-03 6.083014830132911499e-05
-1.662370714508273548e-03 -4.397331418888003260e-03
4.058311242196487902e-03 1.418092431996350287e-04
-2.213577852288454648e-03 -4.207145480234699905e-03
-3.540504772275692054e-03 -5.581650827263362480e-03
-5.064068244956315343e-04 9.626710348198364367e-03
-4.132137572752694367e-03 -1.234404468073024147e-02
1.104429170217605463e-02 5.351039225913237912e-03
-7.626245494916627024e-03 6.132730195538877924e-03
-7.304723920569660377e-03 -5.607228231867843193e-03
1.201945780221850288e-03 -3.299291793916512162e-03
8.627978340272504740e-05 9.861824369640664369e-04
2.019017263048783831e-03 1.171993725030782453e-03
2.923677875708641846e-04 -3.148733249544141341e-03
3.256406859255839975e-04 1.345785860171190562e-02
8.157175916595604120e-03 -4.120737927327530054e-03
3.552032187205302581e-03 -1.588416614450124725e-03
-1.795845616428854048e-04 -3.675289020637891556e-03
-9.412543541762129727e-04 -1.834132012898976845e-03
3.078227762152947744e-03 5.976998732165172967e-03
1.008196236348367358e-02 -1.591865227115938503e-03
-8.219602601726645405e-03 -3.894628746068438604e-03
8.200251923544633545e-03 2.050821394077314598e-03
8.455547706856633879e-05 -2.278782651175009777e-03
-5.767462115330078062e-03 5.473242251921751379e-03
9.876672627729139037e-03 9.854001106385979272e-03
1.157943735354769518e-03 -5.424865556466941172e-03
-9.808817484582865211e-04 -1.475761158026810734e-03
5.841416215390729874e-03 -4.627943020239269276e-03
-3.543155116529262023e-03 -4.800630356549165367e-03
-4.148965676185580737e-03 -3.611936297587438685e-03
-1.203670086556008888e-03 3.432670577743605640e-05
-7.195198235037088622e-04 1.205870188799703160e-02
-3.364496592804427748e-03 2.920644222943141830e-03
1.445809102835742682e-03 2.993927824094414847e-04
7.055687678957155845e-03 -7.786351608874415679e-03
-8.813502437942958775e-04 -4.394681074636936496e-03
-1.964126650771335324e-04 5.056819362503769781e-03
8.372013221935337493e-03 -3.287764378986902068e-03
-1.046884815760949121e-03 -4.664121801854167505e-03
-3.033427448869759936e-03 3.459525677378747031e-03
2.603625068685847411e-03 6.231463431788122204e-03
6.541457591207980662e-03 -7.173516054379300982e-03
1.015141404345214909e-02 8.126425592989788838e-03
6.674389763726133089e-04 -4.842780325581066969e-04
-1.044655994477966879e-02 7.160264333117815835e-03
-5.374764554680474919e-03 6.716539732759833382e-03
5.839691909056570623e-03 -7.892908108378345056e-03
1.359609146273991868e-02 4.430541014465386868e-04
-3.283517497906340843e-03 5.468867601335383050e-03
-4.841982057164036408e-03 6.365608832634944529e-04
-7.992567382547000054e-03 8.436164213399176270e-03
5.538574820312485141e-04 -9.712064093672809163e-04
8.382742368439048035e-04 -1.776878246769050037e-03
-1.094846434918562983e-02 7.913983092893154409e-03
5.183652578107761713e-03 -3.221761311686741590e-03
6.772995230476155926e-03 -3.715714683333351444e-03
8.197729348795729232e-03 -8.525094341054110722e-03
-1.217720076233382498e-03 -3.371521587641863275e-03
-3.374171931895433244e-03 1.998740546947579827e-03
2.966146686525670748e-04 1.069214757372521918e-02
1.077657528129048053e-02 8.781538886019187029e-03
-3.372319856057971396e-03 -6.093230570760107406e-03
-7.576814992040462222e-03 -4.660673189186992187e-03
4.991614563617213784e-03 4.319002668243267749e-03
7.710673202481889248e-03 2.945423359132876180e-03
1.787479623779467553e-03 -2.285807646013805761e-03
3.548455805033681049e-03 3.238589415118486945e-03
-2.505019601939907463e-03 -5.104397789543832324e-03
-9.026998745460070028e-03 -7.444010589020389791e-03
-3.623463712515906897e-03 1.131903311789770640e-02
-8.632576878476308502e-03 -2.935748020043231141e-03
2.845093586055279754e-03 -1.210270393286547348e-02
6.248163765716563227e-03 2.120275401947370811e-05
9.368797035898448599e-04 -6.498126045247603743e-04
2.430650541977844893e-04 -3.712266070667537450e-03
-6.675986300559709138e-03 -9.779120968407056455e-03
-1.073614961859365932e-02 -1.828959093899003817e-03
-3.546603729196218767e-03 -1.133056053282617548e-02
1.179018719869785042e-02 -3.160931163384052452e-03
4.886526831433327112e-04 3.151383593797711311e-03
-7.277422209629659522e-03 -6.106482292021593421e-03
-2.760282569976462048e-03 -1.288995113000464265e-02
-2.750735000389901031e-03 -6.111112481609565304e-04
8.452992316838428858e-04 -7.395410005950982160e-05
8.306680653544116708e-03 1.219176183002485328e-02
-1.019583104822090799e-03 -5.163375862006556842e-03
8.196803310876316778e-03 -4.479108782200837829e-03
-7.289077394063933971e-03 1.242052135553751470e-02
1.522828507053877560e-04 4.174543080791423208e-03
-6.209462409353901265e-03 3.666411949961632857e-03
-1.942540588240368286e-03 1.024922124178448586e-02
-4.730252638660134221e-03 9.215460377780357315e-03
-5.142300877491747489e-04 6.128355544951149137e-04
-7.399082506232537194e-03 7.106586949158368027e-03
-1.073627738809946643e-02 9.527977111947978639e-03
2.901293544761130404e-03 1.520689240813303308e-03
-1.306650203888317166e-03 -3.576683553890590717e-03
7.415655070657673452e-03 6.875177079393716972e-03
3.937704753016326581e-03 -2.048043280320439863e-03
1.135163551734234486e-02 1.562168710933981020e-03
5.451081808596548207e-04 -5.939095644216116354e-03
5.649378200898821922e-03 2.912820959689598616e-03
6.373272674987757666e-03 -6.661936310882335746e-03
8.543646750821375785e-03 2.730586053794504132e-03
1.632418659317205929e-03 5.677605949755732025e-03
8.520847459973548629e-03 -5.643151474474991311e-03
1.109439270396436620e-03 1.322552269402011609e-03
9.649637408551996892e-03 -2.476791853081855479e-03
-7.827447770483554959e-04 -3.267615432392646183e-03
1.166680259576081610e-02 6.787172989656832349e-03
4.411509178068681418e-03 -9.613458626935737772e-03
8.697781677365366837e-03 -1.186841983123122085e-03
1.328778995827202460e-03 -6.717465770679244969e-03
-1.254470422688929755e-02 -4.651923888015398710e-03
-3.274768196733386042e-03 1.043675683618536069e-02
-1.154495122687594633e-03 1.195479573274645449e-02
1.230959020544699842e-02 6.021128546538278767e-03
8.005691334304962728e-03 -9.843303611266037215e-04
4.235373229092970898e-03 -6.758817471294116877e-03
3.515055137175657120e-03 -2.011066230290794836e-03
-6.609983233257047189e-03 -6.590760324579699250e-03
-1.156091659515946345e-03 -2.667105561239604614e-03
-9.089553200096918417e-03 -4.102441056569375993e-03
-6.465651415309866569e-03 -7.315583164590501453e-05
1.136038481851393833e-02 6.530057945782816349e-03
1.457524890486654873e-02 -1.346149828665945368e-03
2.335908647800272013e-03 9.661963091894071320e-03
-3.756268115535979328e-03 -2.368638816749355815e-03
-2.415291205868865324e-03 2.411714823698385673e-03
5.991176491347212016e-03 -1.102931567457927052e-02
-7.253696880862640223e-03 -1.778730322607873643e-03
-7.766458201289707730e-04 2.481294273171527707e-03
2.321858658125400526e-03 6.256114798474552222e-03
-1.311526204284876873e-02 -6.305545301350935598e-03
-1.261255937002806263e-02 2.516865858660745012e-04
-1.415058779229927399e-03 5.731283333715178965e-03
-8.255781383341544502e-03 2.993672285083239740e-03
7.108439024997191200e-03 -6.928886114740094582e-04
1.033735310102467178e-02 -5.163248092503252076e-03
2.773917599752206541e-04 -2.508595984111528128e-03
-6.416348681936787091e-03 4.903769894774910945e-04
5.721735764129980140e-03 -1.086378110261261749e-02
2.328085384548089255e-03 6.480882981919625562e-04
1.089983211472421096e-02 1.019037093882506524e-02
-5.250453913824029012e-03 -7.277549979134324311e-03
-5.554221346820056859e-03 -8.315685493724821187e-03
1.320246786417090569e-02 3.245742179461728709e-03
6.262213755393937487e-03 3.427051047438772931e-03
-5.568399106000734150e-03 -3.645975812973569624e-04
5.367739559841679803e-03 -8.419463879470734380e-03
6.427876096850412195e-05 -7.660444431171926645e-05
-6.303693225513473317e-03 5.023290925141080630e-03
3.149659287463552927e-03 -3.753617771282408925e-03
9.603783287846093600e-03 3.489605502074260863e-03
8.072620439527037131e-03 -1.841955276152519409e-03
-8.894194342442500803e-03 6.243661345626890999e-03
9.270191569162519740e-03 -7.625191687492770092e-03
-1.246279909407179906e-02 -6.149686068476429082e-03
-3.043901056375511796e-03 -4.773328645609164513e-03
-8.898441223523061161e-03 -7.597219477643828676e-03
-5.339511810983627385e-03 3.874224260462569812e-03
-2.565849750241236144e-03 1.502136831047399786e-03
-4.207975400032076124e-04 -8.054994067678043074e-03
-1.739901196739404576e-03 -4.156246210032345841e-04
-3.783569826473476977e-03 -1.869384756595824162e-03
-3.848742973974199517e-04 7.770577312864025352e-03
-5.645929588231865179e-03 3.617109216587411497e-03
1.390423354632095397e-02 3.965134233459632201e-03
-1.227181488700374891e-02 1.712471716296099823e-03
5.178224120098677032e-03 9.697215835589557964e-03
-1.132088519373652957e-02 4.468507405190639756e-03
-2.019017263048783831e-03 -1.171993725030782453e-03
-9.072980635671782160e-03 9.879322971982709006e-03
1.678272780023109872e-03 -2.887914054003848591e-04
9.193587124850801165e-03 -7.689470448461273658e-03
-5.126398811978053263e-03 1.442232720664121800e-03
4.136767762347030516e-03 -7.885883113538407624e-03
-1.125647866326221977e-02 -6.965033244968063010e-03
-8.011694173109557698e-04 -9.157408343237043516e-03
5.142300877491747489e-04 -6.128355544951149137e-04
3.415427514392790909e-04 8.771735777424877201e-03
3.486955157825210715e-04 -8.822762817123464647e-04
6.821371925930965266e-03 8.938036966419566666e-04
4.671146796691603466e-03 6.560393309488097777e-04
4.164995511205081200e-03 -1.243112273254657132e-02
1.069134930531161383e-02 -7.607565315646276638e-03
-1.095389280719063010e-03 2.083296024017287831e-03
5.836115526884949958e-03 -3.065902078809733602e-03
-9.235737093880418136e-03 -2.528074431796843453e-03
-9.646061026380376227e-03 -2.350214176486755974e-03
-3.535204083772415344e-03 -7.143691768692678710e-03
-4.391104692465314964e-03 -3.945655785774316443e-03
-7.273973596963845094e-03 4.234478842567780156e-04
-1.003265963011059324e-02 2.155398048239334612e-03
-3.371649357146528497e-03 1.257465628207900601e-02
-3.013022963265251600e-03 -1.009958873533266764e-02
-1.762956026596341867e-03 1.392451026242101653e-02
5.900394287853454392e-03 -3.142506523121452178e-03
2.255664518545962352e-04 -1.364804454036520551e-02
-5.424578366072262993e-04 5.158075173503280132e-03
1.410109747860301133e-04 -1.136926188919019920e-02
-1.535537498904281616e-03 -7.815505395651879683e-03
1.384308455622752093e-03 -1.176195944984094119e-02
-3.430499660107090565e-03 -2.677164208842149409e-04
1.206930326500723141e-02 -2.404562059356504800e-03
2.771937754409374739e-03 -5.637052517555606913e-03
5.459320031750184224e-03 -8.995322383936205785e-03
7.697549250723927441e-03 -4.506410493139696369e-03
1.056173797595074716e-02 7.948565337678559911e-03
-4.518065677572610794e-03 1.082945439683632299e-02
-4.342727997010504756e-03 6.638625942009923186e-04
-5.701331278524111347e-03 -2.695333310097655730e-03
3.812979152257986361e-04 -2.943571283295413465e-03
-7.146214343440442443e-03 -7.040711651360369999e-03
3.352043139955406068e-03 8.295408777623617183e-03
1.359529319433017743e-03 -6.867896545546248437e-04
-7.517836919575235366e-03 -3.175236692069394531e-03
2.016366918796574318e-03 1.953014195746121014e-03
7.923658431984158604e-03 1.187036802518119140e-02
-6.527407601530607270e-03 1.057936434779859977e-02
-3.932531834016353769e-03 1.184293854473788751e-02
-5.091146068281205729e-03 -1.400082751633142204e-03
1.365069488461741719e-02 -5.554540188607423254e-04
4.289848881465804613e-03 3.599610614244223242e-03
-3.923526993835649290e-03 -5.903044632107024361e-03
6.007749055772349141e-03 2.952448353972814046e-03
-1.126190712127130358e-02 5.953943902308237411e-03
5.927568229287647275e-03 7.715175622571780051e-03
-3.920876649584581659e-03 -6.684065102821002899e-03
-3.618194675404830946e-04 -6.569557570560225976e-03
-6.598711357337689112e-03 8.953044645401921423e-03
-5.823662074038431051e-03 -8.150150921756806402e-03
1.246746093505039180e-03 6.137232615627407836e-03
-2.430650541977844893e-04 3.712266070667537450e-03
-2.159900468329007273e-03 -1.159668041687567010e-03
2.496270300768313119e-03 1.365085546949972115e-04
5.507696727203852116e-03 -4.385804003959535048e-03
-5.093796412534775699e-03 -6.190622809189453082e-04
9.465550426819924548e-04 2.720910714694410094e-04
1.028540002339938322e-02 -4.945760442911310492e-03
4.563664259270764842e-03 5.918020659702448449e-03
2.194227174105301340e-03 2.363338128244936789e-03
-1.284237270296458011e-02 5.885030295942061951e-05
3.476226011307187620e-03 5.658255271575081055e-03
4.556767033936632780e-03 -7.141839692854074113e-03
-1.575835392098063475e-04 -2.612502139360745219e-03
-3.096780171920212807e-03 -5.098554371639487347e-04
1.685297774861906290e-03 1.414132741310516030e-03
8.181029014867287341e-03 -1.114992216375943271e-02
1.541764225328112661e-03 2.207478895367927935e-03
1.302818282711666002e-04 3.111756199515637762e-03
1.129438175121127638e-02 3.341697301955460445e-03
6.407599380765193614e-03 -5.458266224326326424e-03
7.160264333117815835e-03 1.044655994477966879e-02
-9.510606279109235298e-03 1.055643728744632900e-02
3.874352029967234601e-03 -6.017424394861993313e-03
-1.371855002775754229e-02 5.459064492741073221e-03
-9.738567536208511026e-04 2.271629886829483816e-04
-3.906826659907208267e-03 -3.278216809401702809e-03
-7.087236270976575610e-03 -5.555275154243914659e-03
8.656302207244689559e-03 7.263499989458092367e-03
-1.200754707878648984e-02 -8.247958120088001721e-03
2.564923712323185015e-03 2.543848727807015205e-03
-3.641090084364901822e-03 1.274019085404701906e-02
-1.197334814251235779e-02 4.312648172314772349e-03
4.662397495520009122e-03 -4.311849903900025552e-03
-3.613788373424900967e-03 1.224093679389326797e-02
-6.995783568573877426e-03 5.225802547137598127e-03
1.307125999798168688e-02 4.179971538800507022e-03
1.068885838195170277e-03 5.726908683129952951e-03
1.296176596382564439e-03 -4.656170769097319959e-03
-3.064177772475574785e-03 -2.571150438745873745e-03
5.722821222949900193e-04 4.918586501475755851e-03
-4.036310219762266963e-03 9.209776380761506339e-04
-1.078452631404846866e-02 -6.438477473874312795e-03
9.897077113335008697e-03 -3.705113306324295253e-03
1.180423718837522382e-02 2.449171300352472047e-04
-2.842315472297264004e-03 -3.525274369684775096e-05
9.022751864379507936e-03 -6.396870234250329884e-03
-3.437524654944526092e-03 -1.970640567593974057e-03
6.498126045247603743e-04 9.368797035898448599e-04
4.394777192749180217e-04 -8.769085433171307231e-03
1.381530341867238465e-03 3.759972267211608189e-04
1.145633994100767050e-02 8.438144058742444789e-03
8.278708443693815269e-03 -5.976870962661869069e-03
1.036995550046795021e-02 -7.224543094086320269e-03
7.741423526087703663e-03 8.976099475257497823e-03
8.013514597558507244e-03 8.029544432576645949e-03
3.972829727208509326e-03 6.466577453227918132e-03
6.021000777033614845e-03 -9.526539996013772861e-04
7.834728304329225887e-03 1.166520605893246396e-02
-2.841389434377852418e-03 -4.081238302550120427e-03
1.098039624972633414e-03 -2.864316494731484510e-03
1.149066664678510602e-03 9.641814145298453894e-04
6.448951081380064655e-03 -2.551671991060558854e-03
1.136223689435140148e-02 -1.561913171924870884e-03
-2.859015806226846909e-03 -2.660080566400808196e-03
-5.811591929698882615e-04 1.470460469522173134e-03
2.653055571563372669e-03 -4.561939952936606459e-03
-1.956590577917742112e-03 6.843372948365186205e-03
7.431684905677174782e-03 -9.167881950740294772e-03
-1.045345717011380259e-02 -5.899596019438707595e-03
-7.586490331130106395e-03 -5.582576865181412308e-03
2.888967861417914961e-03 1.379806035533080082e-03
-2.965700075234299626e-03 9.912851409344038134e-03
-2.778036711328760004e-03 -1.118571880085669767e-04
4.478310513786091032e-03 8.858526638839674550e-04
-4.123388271579739132e-03 -7.376155445880265560e-03
5.232029273561429605e-03 1.387757068289927412e-03
-4.511711181645476285e-03 -6.135508309294390901e-03
-9.940153120284038121e-03 -2.466446015080549399e-03
-1.080665510598735612e-02 3.855671850695523758e-03
2.051619662487274968e-04 -8.893012765493441094e-05
2.719856907279640402e-03 5.937371337884460309e-03
1.093256228367079329e-02 -3.227860268604765097e-03
1.207246468727629770e-03 -4.861332735346047401e-03
3.603186996415844341e-03 -9.116854911034416933e-03
8.083221816528366431e-04 -4.966037159013218143e-04
-3.932404064513049871e-03 4.860023388911231985e-04
2.948744202296747600e-03 1.017619317964438622e-02
3.927103376007270823e-03 1.076038602538412258e-03
2.085946368268355462e-03 3.143688100050850151e-04
-1.096861329578238675e-02 -1.240774906090319138e-03
-7.230769820509008565e-03 -4.761929000185360222e-03
-9.165359375993890195e-03 3.144230829454469113e-03
1.465159781016393218e-03 2.143200134399424368e-03
-1.646596418499244111e-03 2.273481962670591185e-03
-1.556740252924898073e-03 -1.567341629933954482e-03
-6.934027382353137592e-03 -5.426717632306906659e-03
1.369032227889949160e-02 -9.138248737329077859e-04
3.215662354766215311e-03 -5.652571274550519369e-04
-6.601233932085452845e-03 -1.622871089730864354e-03
3.569658559053155190e-03 -3.009574350598076282e-03
8.791214225110192959e-03 -9.854671605294917230e-03
7.796026947966563925e-03 7.977591354951357391e-03
-2.976684760752829929e-04 4.710774190974818462e-03
9.026200477045323231e-03 1.330599420280402512e-04
1.278697101267097479e-02 -6.371292829645630595e-03
-6.846151062120699182e-03 1.018136609864436076e-02
-6.427876096865255302e-03 7.660444431189616758e-03
3.088701369657558156e-03 1.420985305515444497e-02
-1.330902436367369102e-02 -2.029746409562505245e-03
9.888327812162757326e-04 -8.673002541180637164e-04
-4.540864968420436215e-03 2.455716868566827551e-03
5.689931633098947034e-03 -1.491535454036982053e-03
3.959833544956353757e-03 -1.234219260489163861e-02
-1.902785424453848958e-03 -1.466085818935805021e-03
-1.838506663485344741e-03 -1.542690263247524247e-03
-8.288256013281517301e-03 -6.301968919180456381e-03
-1.057498969721337376e-02 -4.043462984105509160e-03
-4.473808093696418804e-03 -9.758844252306993899e-03
1.423185407758866677e-02 -2.025914488381773577e-03
-2.538675808807041960e-03 1.235981897674063267e-02
-4.147947012067814548e-05 8.450341972581215319e-03
-2.766637065903595691e-03 4.075011576126071240e-03
1.858112880680767983e-04 -1.932737479644917010e-03
-7.659518393271566930e-03 -1.047386165571967051e-02
3.279941115734719310e-03 -6.418615717667713796e-04
2.928595255699988943e-03 1.021435180660913971e-03
-3.717694528676621264e-03 1.267591209307851463e-02
1.340050871746560103e-03 8.826339199302375704e-03
5.534200169727744416e-03 -1.219600871110677540e-02
5.393987463357822858e-03 6.484203825076913057e-03
-1.259071776847988126e-04 -6.278115820919003259e-04
4.541663236836543036e-03 4.855233778426663004e-03
-1.451109791339019826e-03 1.262648159019875288e-03
-9.986358898105849105e-04 1.130233278396926624e-02
1.097911855466826309e-03 8.492619711115497946e-03
1.032834826084717394e-03 1.258273508433507392e-03
-1.701998108790347530e-03 -4.038960564015836932e-03
-1.317251580898734249e-03 -4.526016710328800447e-04
6.543054128036332809e-03 7.448385239606758121e-03
7.959964983096215257e-04 -6.374869211815452569e-04
-3.586358892981596214e-03 3.847465278927549460e-04
-1.008541097615063033e-02 -4.938064949161070742e-03
4.834158793911854518e-03 -9.650435676965602241e-03
-9.718163050601063419e-03 -1.128748452587714432e-02
-1.137098619552299669e-02 -3.405976062923964012e-03
-1.429907037320906358e-03 -4.985515606697830254e-03
4.842780325581066969e-04 6.674389763726133089e-04
-2.967424381572320805e-04 6.647886321204039047e-04
-3.633809550518355292e-03 -8.270757410936968590e-03
8.170427637856868958e-03 -8.025840280901721385e-03
-1.021818489175612635e-04 3.699940387324322007e-03
6.553655505045389434e-03 4.324303356747905350e-03
1.674696397852849447e-03 4.538214624169368584e-03
-3.287764378986902068e-03 -8.372013221935337493e-03
4.372552282696907586e-03 9.412799080776902000e-03
-6.903404828251767655e-03 1.196089468966583802e-02
-4.692221781207772842e-03 -5.764811771079010431e-03
1.188084163268694413e-02 3.091958910037507710e-04
-3.631286975769449678e-03 2.305158324194456730e-03
-6.459552458390482171e-03 5.675753873918268876e-03
-5.731411103219624312e-03 9.941877426618197372e-03
6.150356567385370510e-03 6.205087758767532935e-03
9.570382619986706613e-03 -1.760050143336163234e-03
-1.244437445380919965e-02 -2.598931576320321832e-04
1.033032810618723756e-02 -6.866172239213010758e-03
1.260115972460425920e-02 -4.438555349999570403e-03
3.917428036916264025e-03 1.541349265428502546e-04
-2.065669652168293340e-03 -2.516547016868375241e-03
8.125690627347591927e-04 1.334427710737054115e-02
-3.183985993240988875e-03 2.549947684726400036e-03
4.871934112355104027e-03 -1.916835414131222567e-03
6.520254837187365940e-03 -9.253522886613768650e-04
-1.445901706627161429e-02 1.052057734760922583e-03
9.256812078396589247e-03 7.636846871927043673e-03
-7.170865710126871594e-03 -7.322478061920817752e-03
2.914417496517950762e-03 8.972523093087235446e-03
-2.075217221755995371e-03 -1.479538689871070026e-02
2.232928530469105617e-03 6.050952832224683331e-03
5.724098917982939176e-04 -6.438349704371007162e-03
-8.413364922550207667e-03 3.811701457211340641e-04
-1.382328610280139300e-04 -7.686947873721236600e-04
3.090553445495021305e-03 6.117881937446757734e-03
-4.337427308505867156e-03 -8.981783472271828977e-04
-3.732415017264295240e-03 -9.397823053181257602e-03
-2.493619956514742716e-03 -9.175290254091943241e-04
-2.375663811588152232e-03 2.053343968825077897e-03
5.805109664270023673e-03 1.361729421675939369e-02
-4.455766761943026361e-04 3.020175727607132907e-03
-6.963181169129239838e-03 3.164507545555673550e-03
3.452500682541311504e-03 1.330503302160000604e-03
-2.243529907479522700e-03 -2.926870949366972008e-03
8.802486101030692484e-03 5.689133364685341684e-03
6.674389763726133089e-04 -4.842780325581066969e-04
3.720217103424384129e-03 -2.099996357945729288e-03
-3.809945499494065378e-03 -5.416116255295346828e-03
-4.109338281902365740e-03 -3.970307152460965903e-03
6.133656233456928619e-03 3.580259936062211816e-03
-6.255188760556501526e-03 -1.724126900729014249e-03
6.824150039693986126e-04 -1.124415297992080150e-03
-1.259071776847988126e-04 -6.278115820919003259e-04
-1.710875179467748327e-03 2.350086406982310194e-03
-7.004660639249918851e-03 1.161484951813688757e-02
6.516646803635837634e-04 -7.155091414116700708e-03
1.294324520545101940e-03 3.435800348610367275e-03
-7.596165670221112325e-03 -6.504480541176974745e-03
-7.161190371037227421e-03 -6.400574385926396763e-03
-5.862363430401092146e-03 -1.183776562573791297e-02
-3.913053386331038878e-03 2.329809690882247639e-03
4.792679323791175505e-03 -1.200093704384388007e-03
4.639470435167736620e-03 -1.328651226321396223e-03
1.310293635950555285e-02 6.164662096070711722e-03
-4.849805320417580057e-03 -8.377313910439755651e-03
-9.153033692649314296e-03 3.285114034735834437e-03
-1.298232987032539240e-02 -3.974809572550638131e-03
-3.346455261062893441e-04 4.288124575133007120e-03
1.835856319233135229e-03 2.323710733962863241e-03
1.949565583079164704e-03 -8.546297095073583996e-03
8.779559040677059958e-03 8.672332042262828264e-03
4.444782076423401881e-03 6.993133224320307456e-03
3.979982491553817037e-04 -3.187434605914530195e-04
2.200326131025828053e-03 8.112247833807749789e-03
4.541663236836543036e-03 4.855233778426663004e-03
7.509406460184638379e-04 1.263986108096691943e-02
7.524989683918476696e-03 -6.478775367067828375e-03
-7.193920539979021915e-04 7.017656821500493653e-04
1.655345719666536774e-04 2.694407272172316052e-04
5.550644964648436194e-03 1.314269152329343437e-02
5.000491634292112894e-03 -2.070044302754660802e-03
-7.917687244569440730e-03 5.235477886228604057e-03
6.703415781003013024e-03 -2.077069297593457219e-03
-3.204262709341051431e-03 4.752125891589690371e-03
7.777730077207267549e-03 -9.269137761739803388e-03
-4.876308762941472356e-03 -5.671092032925144355e-04
-1.245021787172241471e-03 -2.872267527489473938e-03
-2.429341195546238716e-03 -9.941334697209135499e-04
-1.675750205275564932e-03 1.086470714053066819e-02
-1.507437519550676496e-03 -1.003808808811919263e-03
-6.598711357337689112e-03 8.953044645401921423e-03
-1.080745337440210119e-02 -3.455278796296824915e-03
4.024910574339604988e-03 -5.107846402211007643e-03
5.052316942414097553e-03 9.069404253500159760e-03
-5.979649076418742937e-03 3.859248232867144857e-03
9.120431293206037598e-03 -1.223819033152767112e-03
-2.522773743292205852e-03 7.673696152452244221e-03
1.232376796462903747e-02 -1.929959365888042275e-03
-5.276829586844617413e-03 -1.082428147783384698e-02
-2.453992562234029624e-03 -1.275899880282502317e-03
-8.205552612049270278e-03 -4.887804526491393818e-04
9.803644565589041127e-03 4.962716315848861651e-03
1.021435180660913971e-03 -2.928595255699988943e-03
-7.430631098254459298e-03 -6.235039813959742869e-03
2.530597006545749067e-03 1.340178641251006317e-03
6.604139815351778905e-04 -2.187202179267865813e-03
2.341337105810715850e-03 -3.257014055381087219e-03
-2.491640111171693206e-04 -2.036643634896636874e-03
8.235632436744785845e-03 -1.214843028406671459e-02
5.331688547730084604e-03 -1.288809905416581948e-02
-1.038055687747836860e-02 1.034862497694403159e-02
2.829862019449383773e-03 1.125130574426224522e-02
-1.379250412781705265e-02 4.613765261057229360e-03
6.095753145507872006e-03 7.203595879074814815e-03
-1.251248513596071865e-03 2.735758972794476510e-03
-6.527152062521496267e-03 -1.213450806389514483e-02
7.462435229282990065e-03 -3.137205834615672696e-03
-9.891776424829228781e-03 2.143072364894759579e-03
-7.441360244769322160e-03 8.245978274746091491e-03
-1.463435474683595508e-03 1.121764953738509964e-03
-4.662269726016705224e-03 -7.045086301946738329e-03
3.581185973981623836e-03 -1.017964179231020151e-02
1.227711557550952709e-02 -3.274512657725636364e-03
-1.353538908394303492e-02 4.307347483810353324e-03
-1.005558669046422576e-02 5.138596725816823793e-03
-1.811204952546704994e-03 -2.041944323402416356e-03
-9.157408343237043516e-03 8.011694173109557698e-04
-7.552961893767417244e-03 -1.168985742561775079e-02
-3.427849315853520595e-03 -1.048736891598411620e-03
6.551132930293980831e-04 -6.251612378383300311e-04
-6.746491787952044183e-03 -4.094490023811386999e-03
-7.871833123863535703e-03 -7.309194689275122850e-04
-1.601668335711390646e-03 3.530701663688889675e-04
5.421289174296462822e-03 5.984949764922020514e-03
-7.653547205855485563e-03 6.631984255691267260e-03
-2.046191204482977581e-03 -1.202967587072401381e-02
1.255495394677993981e-03 1.110512185047738548e-02
-6.742915405780423518e-03 -8.921496053379997584e-03
-3.721941409758542946e-03 -1.164968730193346709e-03
1.927564560644943765e-03 -9.609083976349370310e-03
4.374650586367895971e-06 2.483944617423737219e-03
2.497866837596665265e-03 1.475840984868105610e-02
-2.250554902316958227e-03 -4.629795096076731557e-03
8.339283052987395140e-03 1.013046682844178682e-02
1.497762180461031673e-03 8.190513281749892474e-05
-5.131762803264588307e-04 -1.479008621020492208e-02
-1.443158758582172496e-03 -1.080413253123638489e-03
-8.143796425829671892e-03 -1.114130063209228458e-02
-1.417581353977691132e-03 -4.844632401417607245e-03
-1.201204949887752296e-02 6.250334683338843594e-04
-1.230844027990203073e-03 -1.082335543991579802e-02
-5.902118594187611908e-03 -1.224585650176236024e-04
-5.432561050208311064e-04 -2.152875473490429431e-03
3.410222944005886127e-03 2.469894627748866166e-03
-3.399749336501275716e-03 5.762959695240404967e-03
-6.955389557262189708e-04 -6.327418554281852639e-03
-4.400204486844187801e-05 -2.125573762551570892e-03
1.568267667853366068e-03 -5.602725811778170098e-03
8.842113495311405141e-03 5.330762509812033909e-03
-1.050368594140629191e-02 -2.417143281708830378e-03
-4.288763422658613961e-04 5.645003550312454460e-03
2.240081294812347815e-03 -3.603059226912540443e-03
1.434409457410578369e-03 -3.887475981725196407e-03
9.420750113534890127e-03 -6.715613694841782687e-03
-8.695131333111796867e-03 4.058215124089249726e-04
-1.850034078413812953e-03 5.627377178464600983e-03
4.850859127840295541e-03 -7.025607854260280255e-03
-4.948794095671633225e-04 2.456642906486239571e-03
-9.724517546529557951e-03 5.677478180252427259e-03
9.245412432971424066e-03 3.449978107792405456e-03
-1.267150579110907973e-03 7.421881797082864954e-03
4.289050613051056948e-03 -3.711340032748125864e-03
7.243223273358030678e-03 -6.454124000381398357e-03
1.704648453042556825e-03 3.257940093300498805e-03
-4.149891714104992323e-03 4.340492612658344244e-04
-1.010038700374627299e-02 -4.297927683728458396e-03
-1.405306778435802539e-02 -1.609747137972902982e-03
-2.341879835215257902e-04 -2.676780900329249653e-03
2.109799466541180564e-03 -6.714815426428178205e-03
-1.427413181612294940e-02 3.165305813969278466e-03
4.438523698612859177e-04 -6.285140815747570012e-03
-2.039166209644400173e-03 -1.032675172401561689e-02
-1.280459738451996884e-02 7.792450565794942392e-03
5.295381996611882476e-03 5.357138182832623177e-03
1.340935413675379065e-02 6.421777139945870905e-03
2.914417496514524900e-04 8.972523093091318768e-04
-1.088750643137963506e-02 -1.004948773354369905e-02
-1.719624480639342454e-03 -2.617802827866525135e-03
3.593511657324838411e-03 -1.003875858702997850e-02
2.128224106803780404e-03 -8.250225155837805470e-04
-3.601334920578382059e-03 1.024883793326728182e-03
6.031602154041092005e-04 -4.076735882463874711e-04
2.254131284488579325e-03 -1.972109334918803296e-04
1.228679091459917300e-02 -2.352608981731215375e-03
-4.614691298976641813e-03 -9.746518568963778023e-03
2.200102243422093901e-05 1.062786881275785446e-03
-5.460342187749839520e-05 9.985081203072814458e-04
5.766408307907361711e-03 9.929679512778285394e-03
-1.275954153222766917e-02 -5.484897436354883513e-03
8.329735483401053131e-03 -2.148373053399397180e-03
4.547889963260374514e-03 -7.527927218572876607e-04
-4.576915980532030546e-03 -2.012918306128257118e-03
3.556406837790528595e-03 8.955280029749731682e-04
2.462741863405623968e-03 6.243789115131337213e-03
1.491663223541646842e-03 -5.667004572746674532e-03
-7.352941195127387329e-04 5.387888506438437593e-03
1.898283004364176296e-03 1.033907740735883103e-02
-9.086104587428599916e-03 2.427489119708776000e-03
-2.269107312085364737e-03 8.373481989258537827e-04
1.652823144921932840e-03 -7.881508462953179875e-03
-2.447893605319431437e-04 4.473009825284612363e-04
2.138825483814197920e-03 -3.949104398441491762e-03
-2.907520271184961015e-03 4.087337259470647140e-03
7.235272240600040816e-03 -4.111062588236524123e-03
-9.402995972182592171e-03 -6.062480247154292991e-03
-4.590167701794658009e-03 1.892184047444792332e-03
-1.303176037320291636e-02 6.818593812174091398e-03
-1.081090198706791648e-02 -9.985208972575194616e-03
6.396071965836724535e-03 1.711801217385798806e-03
-2.100922395865140874e-03 3.257684554288885464e-04
2.428415157628188020e-03 5.040119028575328758e-03
-2.817664105611975434e-03 2.465136668649598080e-04
-1.011178664917007641e-02 -8.484796447861955165e-03
-1.146971943177474244e-02 6.823894500678729866e-03
-2.593151461180094684e-03 2.001390891199788906e-03
-9.218908990447530899e-03 -1.126018281493964754e-02
-1.026499553779487532e-02 -8.613353969800105481e-03
4.205421173901903280e-03 -5.478542940426388980e-03
1.160795229280275551e-02 -6.055199713306604579e-03
-4.065208467530619964e-03 -1.320166959575615889e-02
2.439942572556656232e-03 -2.129948413136797340e-03
-2.345711756397084180e-03 7.730694379573496743e-04
4.110264319822918774e-03 -7.567840639366831337e-05
1.085713941629417971e-03 -3.005199700011708386e-03
-1.298948263466863373e-02 5.679202486586585642e-03
8.382486829441090220e-03 4.945089944001009041e-03
1.864882336504791478e-03 5.089421761948407369e-03
-3.856597888614935778e-03 -6.760669547134082365e-03
7.982684147467972169e-07 7.310950646992348673e-03
1.626319702398039673e-03 -7.130375580593963526e-05
1.664222790347097154e-03 -3.694639698818542525e-03
4.770550531852289777e-03 9.094055620185448330e-03
-1.442360490167425915e-03 6.230537393868710618e-03
-9.178483327750709686e-03 -4.307603022819463459e-03
1.184466285107204503e-02 7.197496922155430417e-03
1.966138147504302262e-03 5.435466933478501003e-03
1.917633682544828133e-03 1.218288475934881446e-02
-1.358814042998307201e-02 -2.786115513590052897e-03
-7.717825966823989997e-03 6.708588700002986703e-03
-8.946945688482536158e-03 -8.498016517735143549e-04
-2.340411067891304264e-03 -7.889715034721861073e-04
-8.385137173693298432e-03 -4.164069473285670481e-03
7.023085279512517390e-03 -5.725056607292489802e-03
-2.767435334319702945e-03 -3.235939070867419748e-03
-7.073186281300343665e-03 -2.149426860823254546e-03
-1.966265917008748042e-03 5.921469272369623768e-03
-3.566880445296280889e-03 -9.128382325962884278e-03
9.429371645202038257e-03 9.609211745855177414e-03
6.462075033139387352e-03 4.900161861213155577e-03
2.785987744086748999e-03 -2.231204224136307691e-03
1.038135514589355211e-03 -3.037674329946676074e-04
1.145075322607762725e-04 -3.559057182044098565e-03
3.218440468523089612e-03 -1.270321380401601315e-02
1.410502086198331395e-02 1.392259488380959663e-03
-2.227755611469132372e-03 3.743942432192763885e-03
-7.402658888404158727e-03 1.193359297872697948e-02
1.972364873928132874e-03 -1.725595668054500948e-04
1.497602759542457579e-05 -6.401372654351154433e-04
2.108873428621987987e-03 -2.668829867572402106e-03
-2.337632954134430396e-03 -1.292692818003314710e-02
-1.480135808613178630e-03 -1.503062868965450482e-03
5.889920680347701665e-03 -1.137536084610936415e-02
-4.665238912065117378e-05 -1.344553291836232331e-03
7.326852712507185214e-03 -4.686921092703135241e-03
1.582189888024933006e-03 9.160058687488110279e-03
1.148999614787480500e-02 -9.026072707542019333e-03
-1.089960822709979196e-03 -1.083568112325901042e-02
-2.021795376805657699e-03 1.096596295153017854e-02
-7.631418413917960726e-03 -3.662165068879711174e-03
-9.184550633272448028e-04 6.539605515369157490e-03
-5.072593658514160109e-03 -6.867226046636870293e-03
-7.663094775441825837e-03 -5.646855626149916742e-03
-4.375330396453783188e-03 2.725157595784059427e-03
-6.818721581677395296e-03 -1.674824167356154213e-03
-7.739699219754906170e-03 -5.711134387119562623e-03
-3.219238736937836409e-03 5.392263157023663607e-03
1.007257421478875790e-03 5.022492656726332966e-03
-2.902219582680541990e-03 2.525296318039969151e-03
-1.466085818935805021e-03 1.902785424453848958e-03
9.017547293988037796e-04 -9.164433338074477742e-03
8.057996069050724769e-04 -1.107251945103410705e-02
1.895888199119717329e-03 -1.159377453362071819e-02
2.873991833822490873e-03 2.019943300968195417e-03
1.152643046850131484e-03 -3.862824615038766389e-03
-6.537753439530552893e-03 -9.010426181036293794e-03
-6.744639712114095095e-04 -1.218646114152794301e-03
-1.186321526083794833e-02 -1.730353627153064303e-03
1.047545819254802266e-02 6.962382900714493041e-03
8.251278963250511383e-03 5.879319303338645039e-03
-1.086563317845122209e-02 2.370235353579068852e-03
2.168649769500601617e-03 6.127557276536401906e-03
-5.986577953144374062e-04 -8.465318000176639407e-03
6.750068170122523400e-03 -7.325160057558644314e-04
1.901188887625496378e-03 -1.315581547505025387e-02
3.267615432392646183e-03 -7.827447770483554959e-04
1.399156713715091508e-03 -1.045160509426790738e-03
-7.832875064587782599e-05 -3.329243849107580214e-03
7.280200323386533390e-03 -6.031474384539367573e-03
2.664455216987176092e-03 -3.750711888031099065e-04
4.022451302373034401e-04 1.352213736268040832e-02
5.353050722639841018e-04 4.495936885633943642e-03
-1.197057002875684395e-02 -7.825308504247329225e-03
-6.452399694047239974e-03 -3.978258185218954031e-03
-2.235706644225979485e-03 6.087003844336277662e-03
9.683038076408880673e-03 2.772863792328787193e-03
5.362311101833956879e-04 4.499513267806706405e-04
2.067585030782210370e-04 1.453297116632976463e-02
6.844298986283236901e-03 -2.089394980936672662e-03
-8.164999179847785143e-03 -4.893136866374578169e-03
-8.743508028565464760e-03 -4.203696867567744029e-03
1.813057028385309591e-03 -6.050026794306631768e-03
5.915370315450239370e-03 -3.782643788555425414e-03
1.461752664340083135e-02 -2.485541154253450256e-03
3.351117102037354939e-03 1.234139433647803152e-02
5.679330256089890408e-03 1.632546428821870501e-03
-6.247365497302958745e-03 7.289747892974235421e-03
-3.324996968027018121e-03 1.391920957391659663e-02
5.507568957699187327e-03 6.971132201886086517e-03
-7.106427528263082813e-04 5.669654916998884478e-03
8.880942621179874208e-03 -2.338558992053842416e-03
5.067292970009522508e-03 8.429266988065044208e-03
1.369389866107111227e-02 -5.740830903301520106e-03
4.324973855658206801e-03 1.211423134779508401e-02
1.158237488819691477e-02 -2.290980565013779439e-03
1.204995258682543813e-02 -4.248369411345126467e-03
-7.046810608279755264e-03 1.397304637876268553e-03
4.510912913230729487e-03 -1.175442337697957338e-03
5.793837788350666464e-03 -1.926510753222228714e-03
-3.038952025004740612e-04 1.031880069125762703e-02
-1.969714529674562471e-03 -6.084609039087470177e-04
-6.021799045448361642e-03 -6.358296647390971820e-03
-8.911820714288993389e-03 7.664819081775985088e-03
3.708689688495916351e-03 5.070071083766396376e-03
-3.768721568382498235e-03 8.847414183817185057e-03
-5.126271042473607049e-03 -9.914703485184002754e-03
-7.408186956395571010e-05 1.051163697416428178e-02
-3.143688100050850151e-04 2.085946368268355462e-03
-7.475686950545616660e-03 7.042308188188722146e-03
-1.097828863487339268e-02 -2.162678582085881575e-03
-1.086908179111703565e-02 -4.159694822699303018e-03
2.819388411943631479e-03 3.018451421274334981e-03
7.140115386521057178e-03 1.291801945796196976e-03
-3.899801665068411850e-03 -1.575292662690801811e-03
8.639601873316247668e-03 4.638672166752771248e-03
-2.108873428621987987e-03 2.668829867572402106e-03
2.404562059356504800e-03 1.206930326500723141e-02
4.100716750236578501e-03 -1.235451828823485101e-02
-3.097706209838263936e-03 3.536130121690466040e-03
7.669704810379651683e-04 -3.403197949167089710e-03
-2.636227468129124542e-03 -4.170168430205054878e-03
-1.158052281235945162e-02 -5.800990552693908661e-03
-5.095648488372237980e-03 7.472908836788741925e-03
1.138465287669454193e-03 4.088263297388697835e-03
-3.051053820717612546e-03 4.880683413526699238e-03
-1.412280665473053965e-03 -6.406673342845781161e-03
3.139057910454496302e-03 -6.295358884235561538e-04
9.429786605103717897e-04 5.099097101038053276e-03
-1.339265380282420731e-02 -3.796949317241910676e-03
1.021396849808763919e-02 4.784856060537632724e-03
-7.024994837435526857e-06 -1.702924146709759116e-03
1.140093825071406344e-02 2.125701532056235681e-03
-1.477613233864273883e-03 9.072852866165975055e-03
-5.879191533835341141e-03 -3.105657242596252497e-03
-3.925697911462983775e-04 -1.260023368668484675e-02
6.694944867396837064e-03 -1.226882082109703558e-02
5.346677892748198267e-04 -1.056699758726645753e-02
-8.219003607641384157e-03 7.509867929186233963e-03
8.475409040974225578e-05 -3.774403878426482555e-03
5.854392858130360970e-03 -3.021216835656299980e-03
-1.091168476872186009e-02 2.680197681754064275e-03
-1.436227020080264047e-03 -4.425389918307848225e-03
-2.986755930269604196e-03 -4.157363753188980660e-03
-2.370833689467895678e-03 3.985233883234627281e-03
-4.038933549233289684e-03 -1.950496109110452575e-04
7.074860413010501323e-03 5.556466804808628951e-03
-3.279976904989336493e-03 1.291706801627196498e-02
5.763766354093120305e-03 -6.548046910374720996e-03
7.470676689567667386e-04 -1.426791287043601211e-02
2.545162794267786317e-04 5.275728059937855388e-03
1.130670668083814598e-02 2.798295859778890567e-03
5.688145761117460210e-03 -1.250130755038635771e-02
2.134282857894337967e-03 1.470444144317632762e-02
-4.210139138162966206e-03 1.030007215826904063e-02
-1.859397802443788546e-03 8.024968396119288791e-03
1.267984866881817323e-02 -4.302759897181773069e-03
-2.841061367341268275e-03 -1.588878749707104939e-03
-2.094082811888595564e-03 1.385449164112833795e-02
2.872200696004859749e-03 1.008003383428831591e-02
1.107646022602518446e-02 7.290612755329316588e-03
-1.393616769832205227e-02 -6.352336281214382386e-04
2.972341978182305427e-03 -6.569374585899548716e-03
-5.690463660260473670e-03 -1.622746055249929520e-04
-1.214491600393738380e-02 1.144056803689056127e-03
-7.912031834658364918e-03 4.690902444042678761e-03
7.495836166299546695e-03 -1.092772268881140457e-02
-8.385835177962997974e-03 -5.863347357840397595e-03
9.646065664420670066e-03 6.208773442256791848e-03
1.116456553034753628e-02 7.308433156883933392e-03
1.358803833911867431e-02 -5.083768844307555955e-03
1.283985571995330255e-02 -3.367972716664148491e-03
3.506904041613575357e-03 -3.575078182282786067e-04
2.024629234835302691e-03 7.383917462916934210e-03
-6.465341605859990098e-03 9.807396276882906702e-04
2.455557136534272742e-03 1.330410873478832419e-02
-7.986884398579826780e-03 9.378023499813953334e-03
-8.167440230165899998e-03 8.788657568846145601e-03
-3.799004089213684973e-03 5.969327253868314358e-04
1.344839141860163477e-02 1.702493942096641819e-03
3.561494475320685707e-03 -3.535830244153551766e-03
-5.781975790692429028e-03 -1.814728454374455640e-03
-1.124594494723642375e-02 -4.163720819116487407e-03
6.062312657796708852e-03 -1.308758053435484306e-02
9.986432872804495292e-03 1.018741572686417303e-02
-3.373086218775095662e-03 1.227114430847718943e-02
7.226331327557098533e-03 -1.953581478923932437e-03
