-6.849599674787874501e-03 3.651435922364847445e-03
-1.102542045062305208e-03 1.173730808315451291e-02
-8.733992110374483309e-04 -6.737742486780449840e-03
2.262369507635367955e-04 5.019842312474124754e-03
3.832872559847697903e-03 2.432917577717859815e-03
7.878059850287366314e-03 -4.877107031356438596e-03
-9.912851409344038134e-03 -2.965700075234299626e-03
-1.231581693187219079e-02 -4.131020462554710684e-04
6.894399988068341395e-04 5.785088487176788573e-04
-9.272043645001999288e-04 1.571716280519180713e-03
8.658154283082152708e-03 -8.284711282495948667e-04
-7.931609464741007018e-03 -9.527306613037677188e-03
-8.329607713896389209e-03 -9.208563152446225253e-03
-1.581519389115993313e-03 9.507828165351221716e-03
-9.643091840331498299e-04 1.250600287052527383e-02
-6.226034973779038389e-03 -1.031535207859045171e-02
1.017076472163530414e-02 9.970232944979551953e-03
5.074317964848319359e-03 1.013219113477594607e-02
-6.882202074232294381e-03 5.712730923949275660e-03
2.512172366283149227e-03 -4.549614269593391450e-03
-1.163512623423695012e-02 -4.802482432386626782e-03
-3.106455511009857846e-03 -1.431759113158368856e-03
1.076357909903696494e-02 -1.002723117210151116e-02
1.544414569581682630e-03 1.426458424653731256e-03
3.204134939837746665e-03 6.604810314257074377e-03
2.986647290245804647e-03 6.552857236631784085e-03
6.630643257873871863e-04 -2.968222649983204807e-03
-5.180076195937501071e-03 -1.605244717883011962e-03
-1.166693036526548002e-02 4.569763216188788349e-03
2.279929084896773622e-05 8.373737528268134986e-03
5.158075173503280132e-03 5.424578366072262993e-04
-2.096547745279914859e-03 2.809713072853986873e-03
4.725750218569101102e-03 -3.424687893584716682e-04
8.091971117707687233e-03 1.852075837462281716e-06
7.165692791126899650e-03 -2.472417202496629898e-03
-2.027671610006233881e-05 2.202178206863290334e-03
5.344684729984743379e-03 5.920671003953516948e-03
8.421315955308197529e-03 -2.724231557866008731e-03
5.039192990655916304e-03 1.617570401225085306e-03
6.534432596368043231e-03 -8.876440201088841089e-03
-8.259485535018314594e-04 1.917761452050634153e-03
-7.057284215785507124e-03 -6.835549685111642557e-03
5.106122095877990708e-03 7.599454861991687508e-04
2.711107606108046492e-03 9.694821030356250884e-04
-1.381092876807965206e-02 -1.276027649787166672e-03
-1.036411208255196828e-03 3.568732521133743604e-03
1.135348759317980627e-02 -6.529802406773706214e-03
1.217320942025780853e-02 -2.839537358540389703e-03
-4.328678007334272812e-03 4.069710887621652215e-03
-7.605170510401816804e-03 1.124150263566793713e-02
3.704315037910689903e-03 2.586126466341298266e-03
-5.522544985294830858e-03 -6.330994936453474171e-03
3.451574644621899918e-03 5.376488861013273279e-03
-2.940920939036619484e-04 -1.162318385937930859e-04
3.138259642039530062e-03 -7.940486535418407599e-03
4.692349550712219056e-03 -5.592124434769114340e-03
-8.447691628327643615e-03 -8.224999408348748244e-04
-7.464159535617147581e-03 -1.277592535234035181e-04
-7.387427321799136179e-04 -1.142041669841075075e-03
4.499385498302260408e-03 5.994625104014167892e-03
-5.276031318429870616e-03 -3.513330830841498737e-03
-4.001057476066780319e-03 -1.921337834222255469e-03
1.274973842363309306e-03 1.591992996621745607e-03
3.443208651972948404e-04 -3.366220899137444683e-03
-5.259330984501429593e-03 -8.885030081361771845e-04
-5.034690570566244076e-03 -1.049056198964811067e-02
-2.412640861617797693e-03 1.630694352984408003e-03
-9.556332630309334955e-03 5.165898436755462023e-03
1.262753539762484674e-02 -8.918238513000486048e-04
8.339410822490699038e-03 -1.226469377404976625e-03
1.107842733566942808e-03 -1.329934902458268682e-02
5.932868917793427191e-03 6.153134681142244378e-03
1.495910104622208501e-03 8.173876250524044276e-03
-4.494212579300926706e-03 3.800270160404420339e-03
-1.873759407182192492e-03 1.299625209049739757e-03
2.108075160208382638e-03 -9.979780514566112537e-03
-4.288124575133007120e-03 -3.346455261062893441e-04
6.762393853465737542e-03 -5.916328004756409888e-04
-5.481193284678598059e-03 -3.424400703186563852e-03
-9.718163050601063419e-03 -1.128748452587714432e-02
-7.687873911632921511e-03 5.428314169135257938e-03
-8.743508028565464760e-03 -4.203696867567744029e-03
-4.256448213607780251e-03 1.650045031165058755e-03
4.612966992642483430e-03 6.481553480824702243e-03
-3.549381842953093068e-03 8.073961437347857307e-04
-6.409323687099351997e-03 2.193301136187250210e-03
3.839897554685133864e-03 4.135841724427618930e-03
-2.984124715498040915e-03 4.023058498501001258e-03
-1.095271123026755195e-02 -5.926897730378707582e-03
-5.452167267406942026e-03 -6.586896752010192903e-04
1.982040213019138370e-03 7.493441091901121252e-04
8.012588559639093055e-03 1.207552999142991884e-02
-4.163143435367619785e-03 4.339151614838884091e-03
6.805629281319358972e-04 6.967555819715608167e-03
-3.869051341462597000e-03 4.455383453433818530e-03
1.250865321477770409e-02 1.832887133203127406e-04
1.024922124178448586e-02 1.942540588240368286e-03
5.117521741300651815e-03 4.946814250334025977e-03
-8.984721006925785666e-03 -8.583401914607895547e-03
-1.938836436565443289e-03 -5.934720993630890340e-03
-1.507437519550676496e-03 -1.003808808811919263e-03
3.051852089132359343e-03 2.430267233465650302e-03
-3.022826071860702877e-03 3.354437945198942596e-04
-4.386730041878946634e-03 -1.461711168350579007e-03
1.222222496324415399e-03 -5.501470000780021505e-03
-3.776544831636041450e-03 -1.664606098860652635e-04
-8.579697762932969249e-03 -7.199221228489588800e-03
1.349390961382235590e-02 4.142994488770861128e-03
8.881868659099284927e-03 -6.384544550907114008e-03
4.146985830838228896e-04 2.306084362113868316e-03
7.055687678957155845e-03 -7.786351608874415679e-03
-2.409990517365587746e-03 8.496738822690691169e-04
-7.043234226108133732e-03 -3.429701391692343768e-03
-3.399621566995468178e-03 -5.593976510606576621e-03
5.073328624150431204e-04 -1.367269590705163726e-02
-1.222608853580114778e-02 7.103010566986746495e-03
2.489245305929516702e-03 -1.566415592015904003e-03
9.788668537994758487e-03 5.602853581282617179e-03
3.576555784387286819e-03 1.005028600195844585e-02
6.507801384339486142e-03 1.029070071190402169e-02
1.421285505653758878e-03 -1.133930983399912898e-02
1.363903970018243757e-03 1.797154962870473049e-03
-1.372902363526329501e-02 -2.773789830246837888e-03
-2.504221333525160232e-03 2.206552857448516782e-03
8.910766906866277037e-03 7.738102682924052553e-03
8.460815580085606288e-03 8.274333793107447807e-03
-5.481321054184405163e-03 7.932535502660419471e-03
-7.988991000375379389e-03 3.609158183830564384e-03
-9.334470330132165622e-03 7.701796131805848690e-03
-7.054633871533298045e-03 -7.616570155826981985e-03
-7.590864981715333276e-03 -8.066521482606510418e-03
-5.761107619401583529e-03 -1.149172045420782107e-02
4.977564573939841260e-03 9.131543748239680930e-04
-1.424762837359769448e-02 -4.644898893176821301e-03
2.247904558064749148e-03 5.410815566792070118e-03
-3.047477438547133329e-03 5.367738395944737437e-05
-4.575191674199233054e-03 1.252046782009676781e-03
-9.368797035898448599e-04 6.498126045247603743e-04
1.023252090785490252e-02 -6.822872344635919420e-04
-1.950363851493911718e-03 1.235346448081235757e-03
3.379472620398710821e-03 -3.560781488376896491e-03
1.125488212643386762e-02 -7.656868049017996961e-03
-1.134888905497832660e-03 -8.915269326957310156e-03
5.860766893572740867e-03 -2.784135668248144402e-03
9.326391527869511838e-03 5.998201486184647109e-03
-1.329590041191687153e-02 5.422087442711427327e-03
5.989324415509748867e-03 -2.937344556871583287e-03
6.370622330734186829e-03 -5.880915840168138634e-03
-2.057718619411445793e-03 -4.859608429011889018e-03
2.196877518358871743e-03 1.582317657530740111e-03
3.352969177875959102e-03 4.249423218768983400e-03
1.062786881275785446e-03 -2.200102243422093901e-05
9.025274439127272535e-03 4.179045500882456327e-03
-2.856365461974637830e-03 -3.441101037116147190e-03
6.738540755194055189e-03 6.437551435956261232e-03
2.750607230885455251e-03 1.196804745400908108e-02
3.510552717084623568e-03 6.861925358131090377e-03
1.108656944071033899e-02 4.211647900325733024e-03
1.046884815760949121e-03 4.664121801854167505e-03
-6.209462409353901265e-03 3.666411949961632857e-03
-8.893012765522846554e-04 -2.051619662492061395e-03
1.030312251335811780e-03 -9.317642226697918362e-03
-7.083787658309400291e-03 9.746550220355977914e-04
-2.682879857249776366e-03 -5.514721722041287209e-03
1.345428221954028322e-02 4.501365343643027456e-03
-4.207145480234699905e-03 2.213577852288454648e-03
1.109439270396436620e-03 1.322552269402011609e-03
-6.986906497897619160e-03 -1.163244423859188109e-03
-1.016201542046234890e-02 -5.002343710129575176e-03
-4.217235779226191986e-04 -4.009008508824769314e-03
-9.150064506614303747e-04 1.306953569164752763e-02
2.968350419486508705e-03 -1.069387188005937669e-02
3.706965382167419563e-04 1.805105995634390353e-04
-2.734034666460318126e-03 2.013716574543004349e-03
-4.204495135982491694e-03 1.432557381573115653e-03
7.322478061920817752e-03 -7.170865710126871594e-03
-2.634503161794966158e-03 -9.052033420659789898e-04
-1.529438541984897435e-03 -2.066595690087704926e-03
1.550513526501067461e-03 7.175368130217905580e-03
1.003623601228107245e-02 -6.982404077806586909e-03
-8.898441223523061161e-03 -7.597219477643828676e-03
6.223831240814558380e-04 1.279306996959035832e-02
2.798313427428822560e-03 -2.090321018854723358e-03
8.197218270780009565e-04 3.690265048233316511e-03
4.842780325581066969e-04 6.674389763726133089e-04
3.581984242396370199e-03 -2.868691145317852839e-03
3.066828116729145189e-03 1.790129968031677066e-03
8.468894382348260072e-03 -5.425663824883048859e-03
4.613509722058348455e-04 3.650637653951242529e-03
-7.810204707147241215e-03 -2.650344252389273333e-05
1.082137559457796872e-03 1.821806329556903501e-03
2.747158618218280366e-03 5.438117277729567767e-03
4.480162589623553314e-03 -7.206118453823720862e-03
-3.187434605914530195e-04 -3.979982491553817037e-04
7.062712673794591806e-03 -6.083427462164656997e-03
1.407235515976383751e-03 -1.474515812741842950e-02
-1.275899880282502317e-03 2.453992562234029624e-03
-1.066139725011940390e-02 6.327290784777187850e-03
-6.360946991644541790e-03 6.802819516162558755e-03
1.443078931741334330e-02 3.493181884244739646e-03
-1.156209817209685221e-02 8.880235815048910519e-05
1.041303150741834140e-02 -1.052983772680334169e-03
7.405053693648616826e-03 9.999258962252569743e-03
5.741341981324527347e-04 -3.173384616231932250e-03
7.277549979134324311e-03 -5.250453913824029012e-03
-2.103572740117349953e-03 1.106788926144227324e-03
2.982428568776458733e-05 1.007666167497903512e-02
8.832023196317583761e-04 -3.697290043070751604e-03
-2.229352148297484085e-03 -1.087795886179329478e-02
-4.026507111167957134e-03 -9.514054891775050593e-03
4.453659147099660147e-03 6.040862533235210035e-04
-7.193920539979021915e-04 7.017656821500493653e-04
1.805105995634390353e-04 -3.706965382167419563e-04
-7.296102388901369931e-03 1.071759720882775602e-02
2.604551106603898106e-03 2.185477872933707429e-03
-9.514054891775050593e-03 4.026507111167957134e-03
8.097909489808712176e-05 2.548223378392241653e-03
7.908235793096483890e-04 -1.043238218559899150e-02
-3.605101211159433133e-05 -4.468635174695085102e-03
2.446839797890787427e-03 1.092991193941972652e-02
1.525063891399671204e-03 -4.173489273373930759e-04
-1.017446887331022870e-02 6.213709290435824248e-03
4.463749446090494333e-04 4.290774919385216199e-03
6.247365497302958745e-03 -7.289747892974235421e-03
1.735526546154178562e-03 -2.068319996421863309e-03
1.186586560509152004e-02 9.493331564388663227e-04
-3.977332147299542445e-03 2.406414135193967081e-03
-1.306423500314289089e-02 -2.477047392089605157e-03
5.506770689284440530e-03 -3.398184451062621556e-04
-2.782411361915127467e-03 -2.595801805432304196e-03
-1.523339585065513037e-03 3.682314015476468964e-03
-2.658643450467522255e-04 -4.661471457600596668e-03
-2.665381254906587678e-03 4.421056747656382582e-03
-1.901859386544447756e-04 -5.512071377788202095e-04
2.947147665467034564e-03 -4.445708114342812600e-03
-1.259071776847988126e-04 -6.278115820919003259e-04
1.359657088936322075e-03 -1.204372586040138894e-02
-8.757558018242838152e-03 -7.609545160987043685e-03
-7.114665751419880363e-03 6.300915111756598581e-03
6.137104846124103938e-03 1.011019011234172427e-02
1.050646405516294721e-02 -9.720813394854633388e-03
-1.402841641767159364e-02 -1.327980727412455229e-03
-4.692221781207772842e-03 -5.764811771079010431e-03
1.982647409145962478e-04 -1.314879048021145788e-02
8.162732144108258547e-04 -2.839665128046196373e-03
5.944268563218591504e-03 1.034000344527688173e-02
-9.517279616819652663e-04 -1.006698633588688774e-02
1.455484441925387722e-03 1.221296458403861931e-03
5.994625104014167892e-03 -4.499385498302260408e-03
-4.219471163577915782e-03 2.072694647008231205e-03
-1.358603281513605940e-03 -3.359195904298647832e-03
6.769291078799869604e-03 1.246822755208088288e-02
-3.346455261062893441e-04 4.288124575133007120e-03
5.244354956906004638e-03 1.528640273571292519e-03
-3.987805754805295172e-03 -5.826440187793944028e-03
-7.017656821500493653e-04 -7.193920539979021915e-04
-7.884158807206749844e-03 -8.718026742077357276e-04
-1.782977203688434868e-03 -6.587183942408078585e-03
-8.523497804225758576e-03 6.424171945190331606e-03
-8.890617960270880138e-03 1.416655316058279546e-03
3.054917393288262076e-04 4.303100602728431208e-03
-1.302633191519383254e-02 -6.100383335102209023e-03
6.242668513104215194e-05 8.015366673395968658e-03
-3.427849315853520595e-03 -1.048736891598411620e-03
-7.933461540585540032e-04 -1.435335495324327926e-04
5.462640874912693886e-03 8.891543998188930834e-03
-1.828703554891035130e-03 -1.197772279309872526e-02
-2.522645973787760072e-03 -3.683240053395880551e-03
-1.162107624455957500e-02 -1.396634138967327993e-03
8.944741955522576837e-04 1.184651492690950818e-02
7.497687972978476709e-03 -5.979521306914078148e-03
-1.281864737419620079e-02 4.386602272374282713e-03
3.218184929515120491e-03 1.001065860767637317e-02
9.896151075415596243e-03 3.408722525289776401e-04
2.571150438745873745e-03 -3.064177772475574785e-03
1.297900902715581157e-03 -1.391205680956883505e-03
-8.173876250524044276e-03 1.495910104622208501e-03
-7.538465292811448101e-04 1.085503180144102228e-02
-1.010038700374627299e-02 -4.297927683728458396e-03
-1.567469399438619487e-03 1.291367645877052051e-02
7.187693813559978273e-03 -1.409630321219483562e-03
5.289283039692497211e-03 -3.917715227315511466e-04
-2.582550084171038058e-03 -1.122690991659063648e-03
2.231204224136307691e-03 2.785987744086748999e-03
1.235809467040647341e-02 -7.262892793320338200e-04
2.784135668248144402e-03 5.860766893572740867e-03
3.494778421075594999e-03 1.911119765724957151e-04
1.236400255505093124e-03 -1.345255791320748573e-02
-1.371497364558591989e-02 6.320584631724617680e-04
-1.964413841170143445e-03 -2.170501845339424789e-03
-1.364830007936294670e-03 2.248830595983941725e-03
-3.160132894969304787e-03 -4.479236551705501751e-03
1.264372465352892223e-03 4.716074879479456930e-03
2.414492937455259541e-03 -9.722665470692094802e-03
1.480506223780170619e-02 -1.153313545760433802e-03
3.758790690283742193e-03 1.294455455188214116e-02
3.794171203483894493e-03 -1.254697126261886076e-03
5.981373382752902187e-03 -5.942831447280690765e-04
1.037790653322479689e-02 -9.567604506229834480e-03
-1.302380934044492823e-02 4.475532400029217164e-03
-2.273609732175036965e-03 9.710339787348878926e-03
2.768489141743560311e-03 -1.216698269383397792e-02
-3.219238736937836409e-03 5.392263157023663607e-03
1.306078639047593415e-02 -4.052882784187404087e-03
2.781613093500381103e-03 -4.715148841560044476e-03
-1.188441801485856479e-02 4.517810138564860682e-03
6.189185693253838709e-03 -1.464233743098342522e-03
-2.808914804439020634e-03 5.214402901714937019e-03
8.487446792114165112e-03 -1.089280711988541497e-02
-3.363698324379451178e-04 1.023159486993711897e-03
3.994032481227984335e-03 2.184136875113542545e-04
-4.560215646602448075e-03 6.119095165757031107e-04
2.250554902316958227e-03 4.629795096076731557e-03
-7.185969507226962205e-03 4.674595409359920233e-03
3.970179382956300247e-03 7.247597923943256693e-03
-6.001650098852964743e-03 2.796461351591359844e-03
-1.778730322607873643e-03 7.253696880862640223e-03
2.244455945397573829e-03 -1.119114609487442550e-03
5.779787798673293071e-03 -5.332359046641527503e-03
-3.027200722445929325e-03 -2.148500822905203417e-03
-5.995760963310376064e-03 1.242394004731789403e-02
-1.094932722807901576e-02 -2.337045436440760536e-03
1.239604988870872219e-02 -3.060091927101674537e-03
9.019610897127730564e-03 4.796340900499725633e-03
1.088893720534999873e-02 -1.008080807109693706e-03
-5.968496239672640459e-03 1.259762301362906019e-02
-1.112298578880062914e-02 -7.807389266083601849e-03
-7.336680827449919284e-03 2.026233063297420804e-03
-4.991362138889432996e-03 -5.830670213808007360e-03
-2.768276307931976429e-03 8.126043277413352167e-03
1.160165186516828352e-02 -7.977343706561631706e-03
1.338400364830898029e-04 -7.237002403146378451e-03
-1.211813955325609024e-02 -4.774856347513243941e-03
7.900406962747762163e-03 -1.037722734061357482e-02
6.313245346016771974e-03 -5.607290476733776605e-03
7.131396655102192027e-03 -1.026982410990314072e-02
7.630971238422598786e-03 -2.908157339824832092e-03
-4.030205676723716372e-03 6.201180816866991297e-03
-8.332558536854817871e-03 6.918904612024408610e-03
-7.865044403851837677e-04 7.896178073556161386e-03
8.419048882445939394e-03 -2.640947154645610813e-03
1.322985806694529712e-02 -5.951303667317240113e-04
-5.780887968828213146e-03 1.289002007178092699e-02
9.848179564816338105e-03 -7.940937694630918232e-04
-2.543738491707245048e-03 -9.340180547785351811e-03
5.415787324650917292e-03 3.295630836874942956e-03
-3.673666870713646927e-03 5.486549158155506339e-03
-1.237036524440445796e-02 -7.848338301365713260e-04
-1.276972557274916667e-02 4.125374786566285423e-03
-1.426979546358816790e-02 3.206171651052672992e-03
1.215136021247388912e-02 -7.241124094069846355e-03
-9.946212490069753290e-03 8.383680965906435689e-03
1.488666386077236621e-03 1.233053305682728015e-02
8.106933687306880007e-03 3.494853114342684215e-03
6.158996582780565041e-03 -1.273247358233163887e-02
1.217892034182345949e-02 -8.362088859365054971e-03
9.644067211154855844e-04 -9.128783819993598753e-03
1.133222737876718282e-02 -4.212391499756116924e-03
2.165218793403910283e-03 -8.514360064099418812e-03
-1.197400723569283336e-02 -2.394106592644920130e-03
-8.924368307194801078e-03 1.060673104582245986e-02
-4.735217102788427841e-03 -1.410109592120278692e-02
-2.207006232447164453e-03 6.638651350913047505e-03
7.813558580055645839e-03 -1.268071358831347750e-02
-3.773267586554383476e-03 -8.565265201746136148e-03
-5.774092780364544018e-04 6.679147400348331605e-03
-1.168130145343252053e-02 4.485761136742162300e-03
-3.192558384101201979e-04 -8.951331861429748368e-05
1.347990288369729089e-02 4.429673723099052281e-03
2.344669779444309623e-03 -7.678932650737958603e-03
-5.353358307348054894e-03 -1.121972131137420094e-02
