-8.830250830929146227e-03 -3.166886525105064298e-03
4.476123188492907301e-03 -3.561196448279009379e-04
-2.480831254213073517e-03 -2.799638599555497823e-03
-1.917298433090248132e-03 -2.848941332927896856e-03
-5.239054268400796313e-03 -3.090681215000147530e-03
4.906260818132539975e-03 -7.131653275752138955e-04
-9.733937346604649727e-04 -1.795829790743117341e-03
-3.588083199315755031e-03 -2.880218560246321051e-03
2.672534019246185439e-04 -1.407506880679202516e-03
-2.898770970012795947e-03 9.055226494318800723e-03
-3.124880151273027977e-03 -7.321552024002085310e-03
7.763887567481740984e-03 8.015893577107897558e-03
-2.985386002870671178e-03 -1.264899369065501135e-03
5.540634376102851130e-03 2.886844420876953903e-03
1.121731428794053159e-02 5.300411320414163616e-03
2.693609003764068505e-03 -8.966296366663868006e-03
1.174963376649715632e-02 1.243425250343209096e-03
-6.107280560436339351e-03 -3.352843736268915076e-05
-1.131440292830086618e-03 -2.385339150678477283e-03
4.151616020442091821e-04 2.830915826878028108e-04
1.368406390108486709e-03 -7.075836625553234491e-03
2.689777082587771441e-04 1.857458207459873264e-03
-3.856725658121665321e-04 4.596266658716763537e-04
2.905205176387902228e-03 6.027626637664928143e-03
-5.666541553787649184e-03 -3.514656002968854446e-03
7.053420643210997400e-04 -4.107613975570028816e-03
-1.074777315163279005e-03 9.215061243573553773e-03
-8.998563516652674857e-03 8.701629424238663951e-03
3.616119875886362675e-04 -1.412132206170677376e-02
3.739567781606966713e-03 -2.561890059552852927e-04
-1.835856319233135229e-03 -2.323710733962863241e-03
4.947149499789747426e-03 4.216421685118903161e-03
1.015671473196108924e-03 6.564384651567541171e-04
-8.272018698311530902e-03 -1.654148317048608104e-03
-3.076503455818789794e-03 -2.712033644026097187e-03
5.474168289841162098e-03 1.721476556476804519e-03
-3.790594821312844552e-03 -3.572308903306045148e-03
-8.594453394757464726e-05 8.347760989456170719e-03
-2.788047299875487384e-03 -1.036770429042368526e-02
-5.125345004554767055e-03 -1.396068904403659564e-02
2.690032621592447406e-03 -4.139290337095255685e-03
3.744996239616050528e-03 -1.317516615323158398e-02
-1.026108390616810480e-02 -4.106416572948480212e-03
2.874790102237237670e-03 9.330893947960543222e-03
1.742088522032588524e-03 1.657596929715103194e-03
-2.730171093942956157e-05 4.992540601530697821e-04
-4.764451574933694679e-03 -3.345145914623096767e-03
-5.098171063120001713e-03 -3.103006898344043418e-03
5.160262498795893139e-03 1.784430145319775137e-03
-4.193893758973434201e-03 -1.691524501285736684e-03
1.176368375617940082e-03 4.649273543767756074e-04
-3.872962973088797667e-03 -5.155394341848631642e-05
7.998538569961719663e-03 8.669681698010620052e-03
-1.061860843356373860e-03 -4.023984536419051954e-03
6.440537029663621904e-03 1.814382200510842973e-03
4.848081014083420806e-03 5.112348822300679003e-03
3.086051025414217417e-04 1.499087352587026925e-03
-8.951448108571636794e-03 8.023189936648831427e-03
6.328344592199903335e-03 -4.741524514580633745e-03
-1.045623528387747917e-03 6.238360657116544424e-04
-5.499617924941768189e-03 -9.314193614030281607e-03
8.237691992534094954e-03 4.504782304925996489e-04
3.025061456214664032e-04 -4.249822352976466953e-03
-9.696162028166841612e-03 -1.022469764460135801e-02
1.318576753024189308e-02 6.209143567570884689e-04
1.777676515184586133e-03 8.149224883838075695e-03
-5.212550825871812166e-04 -1.090088592213963757e-03
-5.507441188192238124e-04 -1.832806840773442813e-03
5.960633647691882669e-03 3.630887841561967425e-03
-7.947974549214868040e-03 -2.818191009322082441e-03
-1.505250194258063706e-03 2.381634999006297920e-04
-6.083890481123682345e-03 -5.039719894367384635e-03
8.210853300553690171e-03 -1.073260488781538607e-03
5.321757669631900153e-03 8.903869681532824987e-03
5.488681298476990114e-03 3.104332070469577234e-03
1.147677607800073451e-03 7.033159752810325994e-03
-1.260679566256382722e-02 -3.333347134989988331e-03
-8.656765226203714039e-03 -5.240507210030885196e-03
3.910866061037854280e-03 -3.571781999594116248e-03
1.172578066822547137e-02 8.272609486775111751e-03
7.024761906083239714e-03 1.135650772783228755e-02
-9.152342840254014747e-03 1.124102584440459136e-02
1.303489034255193336e-02 -5.753970211178080843e-03
-1.097892597333045665e-02 1.629223665446680950e-04
8.109621350776660340e-03 -1.939252135412401811e-03
-6.620714825649893706e-03 -1.053534402104577827e-02
-5.223146314683094378e-03 -6.629423309120616864e-03
1.909863306158657162e-03 1.718813471394192369e-03
9.635255111936280245e-03 7.530519543665293615e-03
-7.577454657917929298e-03 -1.107694961239412412e-02
5.827779851894304176e-03 7.192567451229045852e-03
-4.138586019401036854e-03 4.571107316085961693e-03
1.284132194430183871e-03 3.980502568658598854e-03
-9.678856280459387923e-03 7.564502275042754922e-03
7.946295800859308478e-03 -1.150721553674156558e-02
1.422476210445109465e-03 -8.953517838865521564e-03
1.151430174611648566e-02 -2.272462225880101348e-03
-4.597187699329702629e-03 1.260637781754368747e-02
4.686440861901344616e-03 -2.245864813157456494e-03
5.751195523996130085e-03 -3.055508119248012688e-03
-8.559560915609580253e-03 -6.329998987942741379e-03
1.351918332695095128e-03 -1.338137647333943400e-02
1.206026738858992885e-02 7.791485416185170432e-03
7.429882467390448893e-03 2.659901278977639272e-03
2.053141972254169615e-03 -2.371375091104537328e-03
-1.725490971464968028e-03 5.967033044188808921e-03
-9.276794628333419682e-03 -1.954018797222894111e-03
-1.109011752978021452e-02 7.333044642775325521e-03
1.093279977743106396e-02 4.513597194213024404e-03
1.017079295071554763e-02 -8.142510618222393790e-03
-4.573842623355320325e-03 3.497014892718466102e-03
-4.161346818831803372e-03 -9.555637682777238032e-03
5.565767787593317931e-03 5.126211650051862474e-03
-4.044525375109903412e-03 -6.717763280344036907e-03
-1.412137831651124470e-02 -4.605138853195253970e-03
9.889041875424558689e-03 -6.385839271049131849e-03
-1.149215642544850792e-02 2.925309516215034329e-03
8.004714153311835029e-03 3.222579284249265340e-03
-7.396180239115424104e-03 5.543459529739316362e-03
1.284145868297521288e-02 -2.932190713498642430e-03
1.865178038264933861e-03 7.430553411707333487e-03
2.070163372059066688e-04 -4.813775043564671140e-03
7.040390722492976573e-03 -7.896944076406252344e-03
5.859005756221587549e-04 1.068199605958406774e-02
1.166467923517285673e-03 -6.258893384502481685e-03
1.286291070239888555e-02 -3.474172426185720593e-03
6.104423640713562381e-03 -7.462289143207534794e-03
3.438222853093917449e-03 -6.795361182597282543e-03
1.468591359984990422e-02 -6.979122537984232180e-04
-1.073851018405296530e-02 -1.002003407114917567e-02
1.288774258440175680e-02 -4.135489170827803297e-03
