6.927465406473366089e-03 1.700800706168798058e-03
7.598816014472750680e-03 5.723460070462317063e-03
3.617700005052243949e-03 -7.733999397042323580e-03
1.206064891801611038e-04 2.189852523520075325e-03
-8.307862230474437120e-04 1.456809614051601982e-03
-4.707197808803197797e-03 -5.124674505643894880e-03
-4.294223532051601351e-03 -6.083555231668640907e-03
4.261158113649297571e-03 1.016784301267891627e-02
2.972054571162574283e-04 -2.687781411547611292e-03
-3.286966110572725995e-03 -1.061062574942307291e-03
1.195618478962489142e-02 -4.914483215592886298e-03
-1.081674540497411068e-03 -3.844799108982968790e-03
-5.178224120098105440e-03 -9.697215835590237976e-03
3.082730182243410139e-03 -2.895992856256031367e-03
6.161883982313837854e-03 -9.649796829445922951e-04
2.758223014187722796e-03 2.910426154446501407e-04
6.076865486286246384e-03 3.336795747657624652e-03
-8.633502916396291679e-03 1.110237538810721764e-03
3.207711322009368198e-03 1.777804284688461623e-03
4.487985852877096095e-03 1.807756339879529892e-03
-3.128791782899800235e-03 -1.182848942085371058e-02
4.995526195242625152e-03 8.825940065093750703e-03
-3.182596936362551508e-03 -3.519030653554080460e-03
-2.261619298286971814e-03 5.172795662088671646e-04
1.259071776853697535e-04 6.278115820912198806e-04
-1.680923124276109334e-03 1.069811876113901418e-03
4.823764896852711370e-03 1.416452583815978883e-02
-1.195214538849424454e-02 -1.935515593402933193e-03
6.167647689778643118e-03 -4.550013403801335572e-03
-7.435804017253070785e-04 -1.602993507837604907e-03
-6.687050696529152002e-03 -4.632046306122137962e-03
-2.139623752228373560e-03 -3.361846248551538224e-03
3.755006828160845859e-03 -2.919319050816928003e-03
7.480061601131984990e-03 -4.558363570764984926e-03
-1.378535136347438031e-02 -5.040246798079312668e-03
-3.274177408271056362e-03 -2.943172149088610790e-03
3.049664763839746336e-03 1.188294924753101681e-03
8.394477263329154504e-03 -4.247970277139004672e-03
1.020046123781906096e-03 3.140383082581171999e-03
5.507441188192238124e-04 1.832806840773442813e-03
-7.145543844536507211e-04 1.162717520147939871e-03
-1.205394392890167489e-03 -3.230638382361639832e-03
-2.989297634498451419e-04 -5.771836765921451503e-04
-2.424742657335231949e-04 -9.667662914605971297e-03
-4.712961516267431469e-03 -1.539640784787832048e-03
-1.127065642244346778e-02 9.860546674600820932e-04
7.048790453620739586e-04 -2.084621196142821646e-03
-5.078357365978965372e-03 -3.282192325780126149e-03
9.146343947267029928e-03 4.345905244974643603e-03
1.154009714966263214e-02 -1.151589239426274551e-03
-9.001086091400437722e-03 -1.874286310894120958e-03
9.928418225405083106e-03 -1.105436617547318409e-02
5.495243274355971451e-03 6.830248996605862641e-03
6.879088711019127472e-03 -2.908717673807190065e-03
4.781614927821732641e-03 3.946980957900530704e-03
-2.958084291931241481e-03 -1.764153429218571134e-03
-2.141475828065836275e-03 4.730124869156149443e-03
1.562503960389132179e-03 -2.017692090922108133e-03
-1.472050676073257021e-02 -1.125469105415256854e-03
7.766074892774352256e-03 9.257865885820447047e-03
-9.058339857530146172e-03 -9.475771987150095194e-05
1.379250412781762164e-02 -4.613765261057911106e-03
-5.831740876299152353e-03 5.549846696234150834e-03
3.844112784383941703e-04 -5.747584533436818181e-03
-1.648320724831470879e-03 -9.914831254680238088e-04
8.674391598052137373e-03 3.819349473882253411e-03
8.945556631603528500e-03 6.918779990054675297e-03
8.098996112546483217e-03 1.704776222548363713e-03
1.452859651574453688e-02 -2.690703120503319147e-03
-7.999081299369637486e-04 -3.869450475669399675e-03
-3.224411655938379945e-03 -4.402632107393102297e-03
4.398129687306395253e-04 5.648579932482495876e-04
-5.779197010210963825e-03 -8.047569938632443548e-03
2.548686397353198182e-03 -2.103971874324833506e-03
5.067420739507820428e-04 -2.927669217781280787e-04
4.722636855358437399e-03 2.461544460783394051e-03
2.223253191381259161e-04 5.129049156236409335e-04
8.836812806807555973e-03 6.892803451242031018e-03
-1.356415956220421992e-03 -2.117223595586779656e-03
-7.277422209629659522e-03 -6.106482292021593421e-03
-2.378314155840361311e-03 2.834364439540416891e-03
-6.097142202386308940e-03 -1.134617540794334318e-03
-1.124415297992651091e-03 -6.824150039687182758e-04
-1.491200204581260820e-03 3.644011793320609677e-03
3.630233168346734193e-03 1.309776344050558004e-02
-5.114871397049013460e-03 -5.727834721048684526e-03
7.150174034126761773e-04 -3.185710299575147258e-03
2.918456897650528823e-03 2.122524284091878693e-03
-4.743041340962374577e-03 1.109756995192734061e-02
-1.004485754394936203e-02 -9.342421362889012301e-03
-1.336270174763314056e-02 -5.077223848109638574e-03
-9.424996994615452220e-03 -7.125267128428936989e-03
-1.235670561352803648e-02 -5.342689058948446243e-03
8.409245811011194542e-05 -2.557898717484826724e-04
-7.894760184215806470e-03 2.252279208651116610e-03
1.188694058961155091e-03 6.058105596569989416e-04
4.965111121091961462e-03 1.212920737538936665e-02
-2.781150074541355322e-03 2.692156062132837306e-03
6.511377766511105940e-03 5.463694682335410238e-03
-3.386497615238077963e-03 1.857857341666675722e-03
5.953736422357750607e-03 -9.428972510994556439e-03
-2.184551835014866567e-03 -1.441434452248694341e-03
4.671609815652559561e-03 -1.366953448477935956e-03
-1.141074135930951472e-02 8.309330997796324919e-03
1.323813556777144644e-03 4.178518597169846548e-03
-8.305084116713833814e-03 2.430139463961666392e-03
-7.290673930894789540e-04 -2.201379938448324637e-04
-5.024216963060491349e-03 -2.257707666660200424e-03
1.760640931800424094e-03 -3.809546365286801701e-03
2.171300113753600429e-03 5.346536805822885673e-03
-6.104965465639851721e-03 -1.014849233449758442e-02
3.349185315753852501e-03 -1.161445038392826257e-02
-7.417044127536681977e-03 -8.061987411125560304e-04
-4.811231733558221126e-03 6.667236999388114795e-03
8.408990271964983387e-03 -2.865114763146231307e-03
-8.531321067478730633e-03 -2.589702848513599810e-03
4.226033139457686418e-03 1.653222279129877180e-03
1.960837458999093504e-03 6.997507874907355797e-03
-6.046913431094607175e-03 -4.617070278526033862e-03
2.006691579704997664e-03 1.031110519751239239e-03
-9.972468329335088671e-04 5.233354445687642999e-03
-4.509523856352291686e-03 -4.893536000582523159e-03
-6.293890116919163488e-03 -5.411741604710121681e-03
-1.208044737141806060e-03 -2.449617911646981717e-03
-6.775645574728365005e-03 4.496735154048690439e-03
1.466213588439679860e-03 -1.325972163030129242e-02
6.275800726111713940e-03 8.855892120285960636e-03
-5.213939882753979189e-03 -4.831907583865766367e-03
9.918950366263992388e-03 8.714609780797792637e-03
-6.297131249635063571e-03 8.749207851278046483e-03
8.614487487669431412e-03 6.379898535618390085e-03
-1.238930801297131318e-02 -3.281394057365378918e-03
-1.125117797475758130e-02 -8.527074186396237793e-03
4.229609521629307950e-03 -3.173783750438734490e-03
2.980548333325849092e-03 8.039475310682908573e-04
5.328910433974570759e-03 -7.501423776037174744e-04
1.585095771286472097e-04 -1.433483419491847228e-03
-2.531986063424186435e-03 4.728799697029473746e-03
5.515519990456034007e-03 4.628070789742573174e-03
-1.136613211830059429e-03 -1.218023441509592450e-02
-1.276314840175966307e-04 -3.892776670229834007e-03
-2.537622001383184594e-03 -3.043102787960765433e-03
2.607201450857468510e-03 1.404457402219510317e-03
2.109671697036735218e-03 4.642120779419946566e-03
-5.791650463057482733e-03 3.168483061934096890e-03
2.232593281013384168e-03 -3.282990594194873379e-03
1.105926772977090800e-02 4.710901960478803240e-03
-1.032927429876337976e-02 -8.536749525488386905e-03
2.894268549923123719e-03 -1.822349058957753627e-04
1.685297774861906290e-03 1.414132741310516030e-03
1.754286435871928694e-03 1.315541634084277031e-02
-3.812979152263695770e-04 2.943571283296093910e-03
-3.719754084465359215e-03 7.700357851852190037e-05
-5.506307670325414315e-03 -1.683174334320945015e-03
-2.450543949566283582e-03 5.254030295996329689e-03
2.537622001383184594e-03 3.043102787960765433e-03
-1.153917111174321969e-02 -2.894396319426998342e-03
3.193996581787716255e-03 7.705899417688718243e-03
-6.193097324880039375e-03 -3.042703653753963192e-03
1.816968660011510040e-03 -1.543089397454326704e-03
-1.184685017636465804e-02 -8.439469230867979038e-03
2.163013831541031867e-03 -1.644345208453156610e-03
8.238155011493119434e-03 -1.572514548934607955e-03
-2.547425109978065580e-03 7.391929741891116457e-03
5.998536735640368558e-03 7.551898550044872094e-06
8.078591626938112953e-04 1.526389063525885464e-03
7.784755072044703510e-03 -7.566213615030044706e-03
5.209565232168182451e-03 2.347962966441349136e-03
-1.220846216395329517e-02 5.681852830838796456e-03
5.327521377096134693e-03 5.318835960676763022e-03
1.227523184827692543e-03 -7.063510942209337735e-03
3.166359621393135832e-03 -1.128789948578448046e-03
1.609619368468237759e-03 -2.696131578512402528e-03
3.402814640652875033e-04 3.483777909857232926e-03
-1.622743320226989732e-03 -4.755702273761991915e-03
-7.743738620884982327e-03 1.138864421875575988e-03
5.142300877491747489e-04 -6.128355544951149137e-04
-2.540016806619916235e-04 -2.497595472893846934e-03
-2.255855590822738142e-03 -3.067754154647195450e-03
1.583115925944344809e-03 5.114073128634837387e-03
-9.490776174297561874e-04 -1.084800680660222630e-02
-1.845196408868990650e-03 6.088329016461811044e-03
-2.079049142934795424e-03 1.274549154255211897e-02
4.980214918192050338e-03 1.321339041086295324e-04
2.588313791635272164e-03 -2.462342729196998967e-03
5.632772821165688698e-05 2.266456967831794334e-03
7.447922220647732773e-03 -4.520061348609124771e-03
1.640369692074052609e-03 3.334544537612217814e-03
-6.680153471195020808e-03 8.427814046434382866e-03
1.012861475260432367e-02 -2.473119352797061715e-04
9.736715460368897471e-03 5.820341230875240510e-03
-6.472900297772154338e-04 9.639036031540438795e-03
1.192968134709963823e-02 2.895721491553212602e-03
-2.872730546447928562e-03 3.268014566598768413e-03
-5.773433302746157694e-03 -1.163260365948918726e-02
-4.693020049626820669e-04 -1.307576241807728752e-03
-2.797850408470367502e-03 6.732823942819641562e-05
-4.825616972690174519e-03 -6.072554720452101595e-03
-5.364961446086165958e-03 -3.718492797091367628e-03
2.955433947679603126e-03 2.545173899933229466e-03
-9.245412432971996525e-03 -3.449978107791725444e-03
5.264631673006067193e-03 -6.735379332919980318e-04
8.372811490350084290e-03 4.023186268005446604e-03
1.282693365640876978e-02 2.604279741901760654e-03
-8.818515936048831189e-03 1.035392566544980977e-02
1.687948119114115585e-03 6.331122705951773609e-04
2.755700439439388340e-03 -1.028487311968745432e-02
-1.703722415128369251e-04 -7.303925652155836019e-04
5.899468249935403696e-03 9.034790357329625966e-04
-5.776339186007477776e-03 1.186228922291989764e-02
-4.001855744481527116e-03 -9.232288481214604575e-03
2.210927508034884678e-03 4.988165950948897885e-03
1.109902289356252134e-03 -7.004405100233736681e-04
-2.857754518853074764e-03 2.627877301164333306e-03
-4.729326600740721767e-03 5.169474818927083555e-03
-4.604680710430486025e-03 5.093285334520198347e-04
3.593383887820963789e-03 1.318177618817465606e-03
-9.610680513172497469e-04 -1.654946585462893681e-03
-9.136173937829938745e-04 7.000557353367048430e-03
-8.637238719464428345e-04 -5.815838810784887403e-03
4.360019119403778232e-03 -1.141896375676986104e-02
7.520950282787830683e-03 3.712234419279902484e-04
-1.188694058961155091e-03 -6.058105596569989416e-04
-1.296781686168956352e-02 -2.591954058557864767e-03
-6.285939084161745218e-03 -7.754803016854315036e-03
-3.332564692272812525e-04 -1.780853763148154039e-03
3.759253709242767541e-03 1.092156177245493312e-02
2.443854204182066732e-03 2.376988983713686047e-03
-1.786090566900459245e-03 -3.783170692267355181e-03
9.062251489156916695e-03 4.601695116723126221e-03
-1.594356150480587958e-04 5.479468978345119687e-03
-4.174415311287548586e-03 -1.120465335514205657e-02
3.965469482915352784e-03 -4.570290119901397261e-03
1.907623094000032151e-03 1.927037656934157180e-03
3.014875039103285040e-03 2.007617617624299963e-03
-1.681849162196529500e-04 5.115797434962850079e-04
1.053721437876819177e-02 -3.690137278729331300e-03
-7.093926016359431569e-03 2.075744125467243392e-03
3.197572963959336920e-03 2.878893388120106790e-03
-1.507900538511633675e-03 1.019183970614826688e-03
-7.087906769888455659e-04 -2.422316200708803623e-03
-1.333540003669370956e-02 -5.576477908262708789e-03
5.166824474674874476e-03 5.510347071456061195e-03
5.433151838680080892e-03 8.148825749630130705e-03
-5.130773462563850001e-03 -1.041711896760296081e-03
2.609851795109106865e-03 6.234369315048518762e-04
-3.856725658121665321e-04 4.596266658716763537e-04
-5.753954855056540472e-04 -2.114573251333889698e-03
-5.739234366473167960e-03 9.280026329149468345e-04
-5.229251159805915761e-03 -1.352571374485203072e-02
6.471622602725509701e-04 1.717900174305183637e-03
-2.558696985897993513e-03 -8.151875228089824205e-03
3.279478096774904230e-03 1.381131207658614114e-03
-1.724306333587442494e-06 -3.264965088139756659e-03
3.035614774162943667e-03 -2.217553368666878421e-03
3.683575302849670385e-03 6.811297452631335202e-03
-4.131802323297543642e-03 -3.010101254310004748e-03
-2.759612071066160164e-03 5.777935722835829922e-03
1.136522248805876129e-02 6.991009783780027277e-03
-4.287661556172620014e-03 -2.357638305532354633e-03
-3.557205106205275393e-04 -8.206478649967322058e-04
5.620687433081745892e-03 9.481053358124970354e-03
-2.424503526001416630e-03 -5.331816317237032723e-04
2.614896944603844380e-04 2.177526840176860316e-03
-2.542459670929367570e-03 -3.504054625959117375e-03
-3.929753720259479902e-03 -2.950181318230734803e-04
-8.117085503353934500e-03 1.739374293027476110e-03
-4.296075607890424523e-03 2.008415886037904878e-03
-5.106585114836445331e-03 1.263047293227357974e-03
2.588649041089632723e-03 6.871600697221414561e-03
6.137695634587004775e-03 -3.269738872932926796e-03
-1.850832346828559750e-03 -1.683573468527747689e-03
9.390670288830289163e-04 5.921597041871081270e-04
-3.990120849601212077e-03 4.288523709340270364e-03
5.004403265919455009e-03 2.436893094096283588e-03
4.494883078216450759e-04 1.486761669243811699e-03
4.414031752817586599e-03 9.624571081956868977e-04
-2.357239171325552392e-03 7.943136879669474362e-03
-1.107748489008359392e-02 1.009018476094333816e-02
4.547889963259802923e-03 -7.527927218566072155e-04
5.819415192955937344e-03 -5.690729901514373842e-03
9.962154142718258193e-03 3.529232896356334845e-03
1.285575219372936872e-03 -1.532088886237787393e-03
1.479209770693195886e-03 5.549048427819404036e-03
-1.892647066403817463e-03 -2.567174922367450405e-03
-1.566543361519207901e-03 8.867690899917245878e-03
-2.325435040296450900e-03 -1.429108768906621214e-03
-3.719754084465359215e-03 7.700357851852190037e-05
2.914417496518521920e-03 8.972523093086555435e-03
6.967555819715036576e-03 -6.805629281312554520e-04
5.203466275248798054e-03 -3.400946739122824754e-03
-1.251521519065668282e-02 -3.909205639456599449e-03
2.830788057368795792e-03 7.205320185408973198e-03
-7.816303664066626480e-03 -5.775413148088066190e-03
-3.793835954029314925e-03 1.058864055268280389e-02
2.528409681252565336e-03 9.820633253913770705e-05
-3.928827682341429206e-03 -4.341003690677488688e-03
7.911588287653700553e-04 -1.098438759179435871e-03
4.177656444003447801e-03 -2.956296100846111594e-03
-4.788767692164974839e-03 5.707031101236693070e-03
-1.131903311789112182e-03 -3.623463712512700044e-04
5.283519332227692815e-03 3.193262198125191697e-03
-7.628305050705364541e-03 -6.466178319021114590e-03
-7.192866732560523543e-03 -8.385264943197282342e-03
-3.282128441027903042e-03 -6.001107369450972302e-04
3.929753720259479902e-03 2.950181318230734803e-04
-1.950954639958172795e-03 1.461527543335474494e-02
1.371855002775754229e-02 -5.459064492741073221e-03
2.019017263048213107e-03 1.171993725031462898e-03
2.240879563225952296e-03 3.707891420081169120e-03
7.450444795395495638e-03 6.055854386523660572e-03
1.365288220991060092e-02 6.865182898511262843e-04
-5.388814544356050921e-04 3.310691439346681369e-04
4.070509156035827421e-03 1.163962865432730323e-02
1.312413911351980331e-03 -8.350166964791560890e-06
3.209307858840659182e-04 1.639970557867930596e-03
5.889665141339162253e-03 1.133851156558370217e-02
-4.270498203285153643e-03 -1.755803262254240684e-03
-2.203902513196877994e-03 -3.285241804239818781e-03
2.881479847619522472e-03 1.699874668250066700e-03
-9.192533317433527074e-04 -7.713451316243330642e-04
-6.529259677367849676e-04 1.867133546550879195e-03
-2.713167161895994710e-03 -1.356839061759379517e-02
8.131598511990198366e-04 -3.565187790296981763e-05
3.023161321315853169e-03 8.998499631900341161e-03
-1.289962646909371610e-02 1.838378893981360181e-03
2.199990881570106603e-03 -1.221695592611806054e-03
3.078690781111402801e-03 3.954005952738646676e-03
-5.620224414121358786e-03 -1.150404613755103694e-02
-8.629463515265644799e-03 -5.739761270185097727e-03
-7.239183872226813074e-03 -3.958748086151011453e-04
1.418865030113497169e-02 3.159462396059004204e-03
-2.550410703686785841e-03 -1.160993213814923153e-03
4.173154023912415550e-03 5.916695487575772752e-03
-8.463130674883453941e-03 1.840630104026305582e-03
2.463204882364649316e-03 4.220796335704130042e-03
-3.685092129227681671e-04 1.061461709150251630e-03
1.256889257461477061e-02 6.956683078002590462e-03
6.797183578203559728e-03 -1.410955493345697823e-03
-7.215458543459004476e-03 3.931877160800440960e-03
6.087802112750452868e-03 9.546657291219009037e-03
6.591526941600446381e-04 -7.475160046834149197e-03
-4.966037159007508734e-04 -8.083221816535170884e-04
-1.175043203491190139e-02 -8.554375897335557768e-03
5.687153519343433189e-03 1.064642122252511952e-02
-6.674389763726133089e-04 4.842780325581066969e-04
-8.790160417687476607e-03 -5.548250159405118676e-03
-6.134582271375769481e-03 4.657256227903806313e-04
-6.904538346121094454e-03 -4.683999383747427386e-03
1.875020694555394130e-03 3.988332658516082624e-03
-2.520123399039996773e-03 6.892675681736904793e-03
1.415869824594333075e-02 4.439736926927412980e-03
9.924714073728227795e-03 5.129576059941729806e-03
-1.623669358145040428e-03 -7.097167149075769236e-04
-3.012224694849714637e-03 -2.788638088338496641e-03
6.991469892943420750e-05 7.695298040678981606e-03
-2.433252827173010106e-03 -5.501070866572537951e-03
1.018010481127058775e-02 1.558193194555557680e-03
8.155786859717167187e-03 1.948240410952950443e-03
-4.505739994229394918e-03 1.097033760211654774e-02
-1.166693036526934369e-03 4.569763216187866127e-04
7.107848236532359615e-03 1.268704037380018017e-02
8.258766977048902572e-03 5.559250670621657987e-03
9.962281912222134550e-03 -7.827703309491109915e-03
-1.198878718906816812e-02 6.975778217175952756e-03
8.606536454912014009e-03 8.722959947762584307e-03
1.332690627452613611e-03 -2.210528373828762449e-03
1.601205316751794358e-03 1.669922613058998865e-03
3.628173612557425085e-03 4.988549259462673243e-04
-1.052144008275916059e-02 1.036095066028792575e-02
-2.001390891199788906e-03 -2.593151461180094684e-03
-9.222022353659337784e-03 -8.456169564796420929e-03
6.437423666451596443e-03 4.618395450651567244e-03
2.014642612462415935e-03 -1.311950892392954766e-03
2.654316858936574090e-03 7.260179146292157059e-04
9.816896286851667722e-03 1.057613962275812634e-03
1.704648453042556825e-03 3.257940093300498805e-03
-8.743252489554993517e-04 -2.691756927926034632e-03
7.883823557751029262e-03 -8.462140752211820549e-03
-7.728299574329742724e-03 -1.524265622984924840e-03
-7.906495079094761486e-03 -1.126853298190261601e-02
-1.768927214011631766e-03 -3.181335648988098917e-03
-9.535800375207887638e-04 -1.975015218180341953e-03
1.392669758771498956e-02 3.004928335310032804e-03
8.128022129818711708e-03 4.470487250533228263e-03
2.140422020642549633e-03 1.067279689554456734e-02
-9.857784968508084139e-03 -5.987200974968107797e-03
-3.749243120696611753e-03 -6.657146700391350456e-04
7.843605375004693986e-03 5.276159087933855393e-03
1.201019742304370534e-03 7.466937649372223842e-04
-3.412075019846993063e-04 5.622076489960400750e-04
1.075575583578026236e-03 -1.904110596581204884e-03
-9.910664084051425127e-03 -1.723727766521750138e-03
2.420001105910383945e-03 9.406173220145589570e-03
1.018633153769384764e-02 -4.049833305727712322e-03
-7.819752276732440041e-03 -1.230534332436643806e-02
2.580362758877064594e-03 -1.192813170546272884e-04
-3.106918529970244085e-03 5.912336662676966493e-04
-8.697318658404409875e-03 -8.361507963036245161e-04
-1.914185069879013271e-03 -5.652954583070442587e-03
-8.572209749134576326e-03 -7.519289861206574985e-03
-1.324037095211939158e-02 3.775937635501925432e-04
3.432670577743605640e-05 1.203670086556008888e-03
-8.832023196323291001e-04 3.697290043071432483e-03
2.424040507042391282e-03 2.556174411150910659e-03
9.606433632097731087e-03 2.708585031359602314e-03
1.106788926144227324e-03 2.103572740117349953e-03
5.525786118011301665e-03 -7.829954519535374871e-03
1.406055579815641832e-02 1.289678505255915930e-03
-4.395942362010137050e-03 -4.406607623771526504e-03
8.208665975260506439e-03 -2.315232797493406783e-03
8.083094047032219134e-03 6.390899046836071712e-03
-1.181841494755533212e-02 7.706170782391536141e-03
-5.952091826466910382e-04 -1.935387823897806968e-03
8.474865569764560014e-04 1.168018208653039125e-03
-3.683575302849670385e-03 -6.811297452631335202e-03
-6.545704472288542755e-03 -6.667364768891418693e-03
-8.157048147090367740e-03 -7.236198278518772391e-03
1.445371637776640683e-02 5.099832066679330783e-04
1.464233743098342522e-03 6.189185693253838709e-03
-5.399751170822056530e-03 -2.899170104220849357e-03
2.699037461768279481e-04 -2.188527351394541510e-03
1.501673812086442390e-03 4.588842529667982312e-03
1.174181050325327075e-03 -7.770449543357733392e-04
-8.306808423047420606e-03 -8.348256241780907007e-04
3.905102353569890519e-04 1.325172125533788338e-06
7.061323616916154004e-03 -1.444912388417606691e-05
1.786553585859484809e-03 1.760177912840147360e-03
6.207147314557412768e-03 6.448551947173261981e-03
-5.648915181939797442e-03 -4.935813739116805786e-03
-5.001880691171120552e-03 8.139022641035820876e-03
-9.563820644107726143e-03 5.485967069472449942e-03
4.756500542176848000e-03 5.688207326766610977e-03
-3.618498273466419154e-03 4.230487500492946789e-04
-8.911820714288993389e-03 7.664819081775985088e-03
-5.652571274550519369e-04 -3.215662354766215311e-03
-9.220761066285564772e-03 -3.168211697231278559e-03
-2.540272345635394106e-03 -2.262082317245426872e-03
3.746592776444402240e-03 1.446735140754474040e-03
1.233344330372061412e-02 -1.008055689893160717e-03
1.821343310597306996e-03 9.408552199700907434e-04
7.739954758759715276e-04 -1.700273802458011040e-03
-1.018784836407344001e-03 2.147574784985791831e-03
-3.388094152066999966e-03 -1.276404395231870229e-02
6.079978849502923940e-04 5.327824975196457976e-05
6.636821925237450237e-03 8.114499043853837940e-03
1.923732639470577014e-04 1.793179446491369265e-03
-1.051554860578969228e-02 -4.581019266414438663e-03
-5.396302558154310487e-03 3.630760072057983082e-03
-4.690960493833210530e-03 -4.768539035120466021e-04
-1.859709417505389824e-03 4.705473502469719425e-03
-1.274330421725961351e-02 -8.370768342234975387e-04
-7.464031766112483660e-03 -1.148469545936902508e-02
-3.177759266817729421e-03 -3.058078815556870399e-03
6.342266812373402972e-03 1.002125998468610980e-02
7.933461540579830624e-04 1.435335495331131837e-04
8.070768363687641500e-03 6.250015841554706388e-03
2.421390162797337395e-04 3.337194881868775953e-04
-3.501803415913030092e-03 -1.894036123282254831e-03
-5.149198102826450275e-03 -6.931504807604692980e-03
1.059307908802082331e-02 5.993124685296702045e-04
1.083063597375848001e-03 -2.224179229297511273e-03
3.830222215599571279e-04 3.213938048436624237e-04
-5.393987463357822858e-03 -6.484203825076913057e-03
1.177335909526553565e-02 5.571177219758071189e-03
-5.081007710231174451e-03 -2.501171855064787588e-03
-7.523137608080443690e-03 -1.613195750640539303e-03
6.287328141040183019e-03 1.685824678573834973e-03
3.984357142136978405e-03 -7.034899884842077487e-04
-4.966037159007508734e-04 -8.083221816535170884e-04
-6.230202144414350059e-03 7.891582936250987612e-03
9.779583987366082670e-03 -8.698979079986917176e-03
-1.587953595489167546e-03 -5.575024966632048315e-03
-5.864598814750970196e-04 3.032501410951028362e-03
-4.757298810591024073e-03 -1.299915797375963966e-02
-3.524395226811512325e-03 1.042310598071546912e-02
1.960039190584917431e-03 -3.134427720856734290e-04
6.925533620194298905e-04 -2.225504401423725534e-03
1.016466576471534815e-02 4.221323239416058942e-03
7.931274215285857160e-03 1.933631866174413336e-04
-7.562637232857851582e-03 -1.261176110161399584e-02
-1.302738572262335292e-03 9.302538429592117908e-04
1.236246932099227015e-02 1.757655338092383411e-03
-5.656403195737618773e-03 -4.615745106400499613e-03
-6.982068828352225483e-03 -7.022925858626584937e-04
2.927333968325997789e-03 -4.266522686906730304e-03
9.688003515459508996e-03 -8.123120575520984335e-03
-9.395507958384199249e-03 -6.382548879871280043e-03
5.537521012890254946e-03 5.690857671018358620e-03
-6.210723696728462709e-03 -1.621545917605330973e-03
-4.033787645014504097e-03 1.149689337320893706e-02
-5.261518309794042600e-03 -2.130475316848725806e-03
-7.170067441712125664e-03 -1.152741492846821175e-05
-7.135868505439924361e-03 1.254907887747384355e-02
-5.248857376995676866e-03 7.344351314851733925e-03
7.209104047530508208e-03 1.303308554532913235e-02
5.642943994523716075e-03 -1.217003217229413285e-02
-8.158101954513654816e-03 8.166723486181944394e-03
7.887272170417415282e-03 -1.932210575934130425e-03
4.649018004754076894e-03 1.095018865551978735e-02
-1.592791265035921680e-03 -6.035976804629719812e-03
7.217645868752188207e-03 -2.689904852088571916e-03
-2.015855840776775015e-04 -4.738075901912996990e-03
8.514157714589333514e-03 1.987867805235024425e-03
3.487625656732352367e-03 9.845124035709718405e-03
1.730225857644754426e-04 -5.062790549907478449e-05
9.175290254097652649e-04 -2.493619956515423161e-03
3.945064997311415605e-03 8.988824292809336966e-03
1.300551246968361611e-03 -2.172226151672902728e-03
-4.711572459388994535e-03 -7.608619123068312978e-03
-7.303925652154912712e-03 1.703722415124506347e-03
-7.793967392176684092e-03 4.621317159607275099e-03
-3.706965382167419563e-04 -1.805105995634390353e-04
3.357471597965060606e-03 -4.623568369653362382e-03
-6.962255131211188275e-03 -8.814780132987416576e-04
3.462176021630385386e-03 2.252406978155100954e-03
3.685092129227681671e-04 -1.061461709150251630e-03
1.411019378097920279e-03 1.118715475279497993e-03
-6.379499401419314953e-04 1.226996281116444088e-03
1.865808374424774221e-03 1.043436203094454465e-03
-3.549381842953093068e-03 8.073961437347857307e-04
8.964572060330390502e-03 -5.713560843744365514e-04
-6.582266562419937257e-04 3.429174487979734856e-03
2.916269572357344658e-03 8.805519753800101915e-04
-3.001623317840658445e-03 -5.912719971197349413e-03
-3.082698530857005091e-04 7.834856073832528051e-03
-8.995322383936205785e-03 -5.459320031750184224e-03
1.332353737231009062e-02 3.412601923554597731e-03
-3.936778715098846609e-03 -1.997942278533294466e-03
-6.271553845029791824e-03 4.984988702985901354e-03
-1.313356356944534592e-04 1.229116556518507902e-02
-7.460583153446097640e-03 -4.954765283091334960e-03
4.769752263437542980e-03 1.783104973193099440e-03
1.285204804205558604e-02 8.630533730361418174e-04
-7.817229701984675441e-03 -1.729427589233651849e-03
-1.242371442919242225e-03 -3.653287998202990605e-03
-5.780123048129014521e-03 -4.001584379778028340e-03
-1.421515374365829240e-02 4.650742311087556133e-03
-5.036287107401181233e-04 -2.511246328363737641e-03
-3.923191744381070156e-03 3.430898794313892806e-03
5.827238456209480125e-03 3.323144892188875828e-03
-9.975820823872987020e-04 -4.100588980731451408e-03
-7.326437752605290035e-04 4.606868035723099032e-03
8.871139512591005990e-04 8.096473537801926771e-04
6.489376744076885001e-03 4.400907801059624792e-03
-3.427386296894494814e-03 -3.071729671025619224e-03
5.200352912037563627e-03 -5.969334889802785891e-04
-5.632772821165688698e-05 -2.266456967831794334e-03
-2.233627188937079705e-05 -1.039673030769602304e-02
-1.363903970018814915e-03 -1.797154962869792821e-03
-1.888735434777046073e-03 1.939762474484174647e-03
-1.045173286378100336e-02 -2.634630931300772829e-03
-9.504714802139196256e-03 -4.385532639256717151e-03
-1.000409663179739270e-02 6.944101855651406766e-03
5.143562164865519634e-03 -8.403976773860076348e-04
3.702127712617506172e-03 1.344154157629429656e-03
1.725388188103576343e-03 -9.672308929895378051e-04
1.764089544466809246e-03 2.720383810990888857e-03
3.244560602534567011e-03 1.355739010637725672e-02
5.221763146007522838e-03 1.384578237756901517e-02
-1.360622982078995083e-02 6.580350019851060467e-04
-1.781125127850400995e-03 -1.467915506011644583e-02
-6.203235682935076198e-04 -1.941614550321879682e-04
1.584169733367632102e-03 -1.028884863606587853e-02
-9.221224085244590987e-03 -1.145218917804071389e-03
1.039666642294311862e-02 5.656131831034119997e-03
4.985052587738233315e-03 5.930857421069814749e-04
6.030085327660359047e-03 1.334917866166769607e-02
1.060885338403121277e-02 7.270125850089405664e-03
-5.455280630619537344e-03 2.145323574940384993e-03
-7.646553862401166482e-04 -6.711765947966663245e-03
2.963384980437021397e-03 2.021124877890350269e-04
4.263936227406173174e-03 -1.970113663882045157e-03
8.146574539585185737e-03 -9.966560444698191641e-04
-4.869283768102894948e-03 1.135814943415884007e-03
-2.893805530962737481e-03 -1.840757873530290360e-03
8.236302935655658020e-03 6.519456568773079712e-03
1.378535136347438031e-02 5.040246798079312668e-03
8.958632524306950513e-04 5.777536588629027248e-03
-1.135024646046390792e-02 -7.631147049214461950e-03
1.164042692273364182e-03 3.240441490954103373e-04
-1.016904041530114489e-02 -6.705267856840476173e-03
8.705141921657952656e-03 9.850025590006873319e-03
-5.088495724028995783e-03 -2.181103222348480981e-03
-1.721476556476804519e-03 5.474168289841162098e-03
5.978387789043610769e-03 -9.147206100433428674e-03
-1.094000223840625860e-03 -3.985682314263192666e-03
6.726215071851410904e-03 6.296668230675357344e-03
-7.937373172205240690e-03 -5.942272892181615224e-03
1.087438247959713342e-04 2.597653881264448873e-05
-6.456311325674582956e-03 -8.485195582069898421e-03
1.032536266713660750e-02 4.029812128636760769e-03
1.784510437735590399e-04 -1.296960505277537298e-02
1.783903241607846454e-03 2.541198383554805693e-03
2.962123693063248818e-03 -5.085845379776106692e-03
-7.542025267302640036e-03 -5.479995882057048587e-03
-2.468505570869858074e-03 -2.658755394275274381e-03
4.952913207253981098e-03 6.313879642628411962e-04
3.860637289746153382e-03 -8.932926186241735463e-05
-8.091635868251966651e-03 9.332091350582093561e-03
2.432454558758834467e-03 -1.809879780420490733e-03
5.265557710923898663e-04 -4.719523492148915795e-04
-1.318640637777171616e-03 5.616376667247600235e-03
-1.330603876996690194e-02 6.523176546143072060e-03
-6.749269901710060150e-04 8.043466652750934235e-04
4.881944700901260682e-03 8.339011688284575508e-03
1.417632461779175582e-02 3.018579190778780327e-03
-4.901423148587717889e-03 1.174117165572423739e-03
1.367480352189864856e-03 -3.029851066698138404e-03
-1.513999495431018289e-03 -4.729725734949346769e-03
-9.139526432381441662e-04 -2.333386073053188292e-03
-1.068087569780994421e-03 1.584041963863076167e-03
6.988295554776056094e-03 -4.905733914421291954e-03
-7.032632849099648698e-03 -6.553783274550515660e-03
6.305082282392481842e-03 -1.109226926342224070e-02
-9.831409295488067329e-03 -2.440469476267904687e-03
9.526252805614390112e-03 7.471312299959709767e-03
1.009210072153370399e-02 -2.692954330547584537e-03
-4.450210534431914104e-03 5.925843922955311219e-03
3.527843839477897477e-03 -3.893175804437778564e-03
-1.409295071765693510e-03 2.146249612859116567e-03
-2.988036347122881124e-03 -4.838788983501623574e-04
-3.909013985200391998e-03 -4.520189118113571852e-03
1.170874508484130889e-02 -3.686161762349766946e-03
-3.983894123177953057e-03 -1.319502790942999639e-03
-1.724306333587442494e-06 -3.264965088139756659e-03
-8.673002541174927756e-04 -9.888327812169561779e-04
8.576249150265223206e-03 6.692910522107559275e-04
-3.217051411645223402e-03 6.634235465736212228e-03
5.388686774852613666e-03 8.046244766505767851e-03
4.170168430205054878e-03 -2.636227468129124542e-03
1.551902583378143938e-03 1.106389791936282984e-03
1.923732639470577014e-04 1.793179446491369265e-03
1.018586851873482316e-02 -2.026840526300505152e-03
-5.591581705356675393e-04 2.533247350797958580e-03
-3.561835295795529955e-04 1.202344914430475073e-03
-5.029389882060465028e-03 -1.205260293107764807e-02
5.562172379577475130e-03 5.972624081580626965e-03
2.334184341468044811e-03 6.396998003755456109e-03
-7.061403327358465373e-04 -3.203336671422319856e-03
2.636690487088150323e-03 2.147175650777847708e-03
-5.810075103320082139e-03 -2.721309848910300443e-03
-7.746724214592342131e-03 -7.414058533829322173e-03
-2.707531223936995683e-03 -5.796488132603556422e-03
-3.118781194353072855e-03 -1.572642318438592516e-03
-2.597526111765891856e-03 -4.825537262246285420e-04
-7.267746870540014482e-03 -5.184578616027172432e-03
-6.359094915805718617e-03 -1.289151601543987464e-03
5.566211780708122010e-03 -8.773747274151916589e-04
-5.657201464160091162e-04 -1.192669575339469360e-03
-3.167636152522654378e-05 -1.984690557271347883e-03
4.169705411246029531e-03 -6.132346887019173715e-04
5.173977239017545082e-03 -4.143664987680481700e-03
4.512972469018676838e-03 1.142346617686021415e-02
3.359068134794906024e-04 9.998332924328152613e-04
2.148373053403042051e-04 8.329735483399473232e-04
1.444311500075734847e-02 3.634065089526786717e-03
-1.621482032852427421e-03 5.322555938049720230e-04
5.212550825871812166e-04 1.090088592213963757e-03
-1.496529612126394106e-02 -6.781681228874769304e-04
1.024404832278394233e-02 -7.852354676176396750e-03
2.359426496618164965e-03 -6.701164570956925741e-03
2.841054184922702126e-03 -5.252705123870115428e-03
3.803718773070235201e-03 1.102414275557929771e-02
2.752044346820364893e-04 -3.750568292823396738e-03
-2.115898423460565395e-03 9.659057208640038812e-04
-2.614226445694904036e-03 -3.107381548929269433e-03
-9.699275391378867073e-03 -7.420684394460634603e-03
-6.388919201493483205e-03 -1.136581327652302215e-02
-1.164505711233750421e-03 1.698948630330655114e-03
2.742783967639857937e-04 2.954172660310179282e-04
7.024809585846104182e-03 -2.460091519152733577e-03
8.179049169524589546e-03 8.298985159794557837e-03
-2.338686761557716605e-03 2.475993584667570118e-03
1.366567091221363231e-02 -1.195591284294035550e-03
-4.347230417100747708e-03 9.536854182624699208e-03
-6.189520942708989434e-03 -7.869709683321894633e-03
3.281202403108491889e-03 4.646096295798369906e-03
-5.817100098159449714e-03 -4.424233995620521429e-03
1.325223361650358124e-02 1.786282221157237636e-03
-3.383384252026052936e-03 -9.461559084740481154e-04
1.146879339385326654e-03 -2.777908941820232203e-04
4.972263885434632068e-03 2.475195316252823755e-03
-9.139526432381441662e-04 -2.333386073053188292e-03
-4.622770101238858121e-04 3.953479049031722453e-04
-6.093230570759536682e-03 3.372319856057290517e-03
3.010963407476513216e-03 -2.499319779227324873e-03
2.717334332531876669e-03 -4.638544397248325034e-03
-4.260822864194147713e-03 -8.338995862586788977e-04
7.263372219954217744e-03 2.700633998602755201e-03
3.536130121690466040e-03 3.097706209838263936e-03
8.935083024098346496e-03 -1.314074332933916258e-03
-5.758585044655179820e-03 -9.158047190761776056e-04
7.928623871033647214e-03 9.743836573327803278e-04
-5.823662074037859460e-03 -8.150150921757488148e-03
3.937576983513022683e-03 9.308892925526323150e-03
-2.261156279327946467e-03 -1.505713213218340439e-03
-6.891877413322728720e-03 4.790827247953033212e-03
-7.162451658410428842e-03 -1.168853225349221828e-02
5.302870010410274532e-03 5.037069550115636125e-03
-4.127427672711746903e-03 -5.261566368855875170e-04
5.096111507331264195e-03 -9.495901616215950830e-03
-8.356909424835818473e-03 -8.709309092293154170e-03
-6.180771641537395091e-03 -2.901820448473059304e-03
-4.608927591512407274e-03 -1.333155228981984172e-02
1.668134421972507653e-03 8.122976980319406449e-04
-4.511711181644905561e-03 -6.135508309295071780e-03
1.226028747207527983e-02 5.457595725416024973e-03
-3.642558851689950070e-03 -1.323864664578580305e-02
-5.565748761749096662e-03 -1.145618052012015945e-03
-7.875281736529921722e-03 -7.260849645205202409e-03
-1.257810489474481827e-03 -9.901579533424897765e-04
7.446197914313574390e-03 -7.785026436748200551e-03
-7.182265355551466050e-03 -1.150934682605613511e-02
-1.168880361819547593e-03 -7.849959870937623339e-04
5.526584386425477738e-03 -5.190038725423453195e-04
-6.374869211809743160e-04 -7.959964983103018626e-04
5.743609017058965566e-03 1.555941984509470830e-03
8.070433114233853400e-03 -3.083927584864388453e-03
4.489374909755533896e-03 -4.261221998400950388e-03
1.833668993940522221e-03 1.081738425250314186e-03
8.894529591897650661e-03 3.090282080793345289e-03
-5.667004572747245256e-03 -1.491663223540966397e-03
-7.037933537603496131e-03 -4.991742333120517683e-03
-1.411482397058306734e-03 9.042773041465674037e-04
7.128380491642103897e-03 -1.222901024475753565e-02
-2.479106947878914700e-03 4.653264885835781735e-04
3.721478390798156708e-03 3.187961509619412648e-03
-5.440639852477903091e-03 -7.828757116913824532e-03
-5.384775143225842275e-03 -3.539307369654142582e-03
1.134090637082296130e-03 1.604318679963138723e-03
-3.508828410757050737e-04 -3.596960269995220366e-04
-1.091043349173326932e-02 -7.066289055966212471e-03
5.484178878387318753e-03 1.197732365889260520e-02
5.726780913624717438e-03 1.028805036765113173e-02
1.184191638869771016e-04 9.478802148082066071e-04
-2.599250418100050239e-03 -3.747518814363704539e-03
8.871139512591005990e-04 8.096473537801926771e-04
8.289182051198997273e-03 2.255983360326722486e-03
-7.403329387315029167e-03 -6.734293874112813084e-03
-2.249756633902782153e-03 2.681155550916297994e-03
-1.787016604820441988e-03 2.628148665865985903e-04
1.890459741111204673e-03 1.325202613654901350e-03
-1.820545042181770466e-03 6.370095427024080256e-03
-7.896484490549394997e-03 -1.012685879488640049e-03
-5.050177676185550572e-04 3.557732009916742856e-03
2.458367212819826796e-03 3.759844497706919982e-03
-9.337120674383804844e-03 8.482816602520508106e-03
-2.770548697530938239e-03 -4.319258207248733664e-04
-1.716511117426746703e-03 -5.421816078007929418e-03
9.469383511916855747e-05 -3.379871754607335389e-03
-5.411613835206246191e-03 -5.063046088928280404e-03
-1.440173164874812041e-03 7.472509702581259239e-03
5.077894347019940025e-03 5.305185105207333753e-03
7.207044491742560857e-03 4.341770307709608666e-04
1.160252383479231167e-02 6.863777433968551792e-03
-2.807062728600987628e-03 -2.877568215993431093e-03
1.045623528387747917e-03 -6.238360657116544424e-04
-5.629564503757213990e-03 -3.092006387126362658e-03
-5.415525466833017582e-03 -9.569983485779906540e-03
2.027766564219807017e-03 6.139882959880297794e-03
-5.211752557461366182e-03 -3.589935275153218180e-03
-1.274814188680443647e-02 -1.298028672220706732e-03
1.147005468122932331e-02 2.510048925742187735e-03
2.283157301760806515e-03 2.568500094492984220e-03
-6.990818129523818959e-03 -5.670181820711493390e-03
6.751457227001531058e-03 -6.801494344037024506e-03
1.602131354671205944e-03 -2.376062945794274461e-03
1.411019378097920279e-03 1.118715475279497993e-03
-1.155759575200581910e-02 -8.784189230271396975e-03
2.477749542387319530e-04 8.105621973177117370e-03
1.251567820961570904e-02 1.886212860029392278e-03
-1.287299525707095472e-03 -1.732876201901288821e-03
3.682314015475898240e-03 1.523339585066193266e-03
7.998538569961719663e-03 8.669681698010620052e-03
-5.931496268587431453e-04 1.066352069066036495e-02
3.121814847124718996e-04 -3.327918676980904517e-03
5.506163493153486480e-04 1.318974304662088801e-02
-1.440971433289559489e-03 1.615590555889104577e-04
-7.101749279612974350e-03 -6.938130668236007145e-03
-1.565952573055517331e-03 -4.512238085355581990e-03
-3.922728725421473217e-03 1.407906014886004973e-03
-1.650715530076283296e-04 -2.292433506644439047e-03
1.186043714707585121e-03 1.386831030371195837e-03
5.583838152556546211e-03 -2.298532463563823878e-03
9.231697692750343714e-03 9.378073240791982498e-03
-4.632908459287965984e-03 5.054568152459503957e-03
-9.043028580480141215e-03 8.599048441114301097e-03
-5.710671368159966552e-03 5.716706440327018121e-03
-5.010629992342714029e-03 3.171133406186987282e-03
-4.975505018151102875e-03 1.168575413973602442e-02
1.928362829060832661e-04 -2.298133329358381769e-04
6.819519850084414334e-04 8.985774814346655839e-04
-1.314786444229340545e-02 -4.244250299769009721e-03
-1.822349058964555912e-04 -2.894268549923694443e-03
1.053675135980916555e-02 -1.667144499302124563e-03
9.088164143217910759e-03 1.017141939485053520e-02
1.025809831246711143e-03 -4.446506382755713868e-04
1.149066664678510602e-03 9.641814145298453894e-04
-1.247028710786882849e-02 -5.829617435758300582e-03
1.888272415818020725e-03 8.323030494303263176e-05
4.414957790736998185e-03 -3.083528450657586212e-03
1.212251763000572052e-02 2.665908158617375130e-03
8.768957663667430874e-03 1.179641392512236278e-02
7.583839986877897316e-03 6.363597335896751736e-03
-1.140317363506916691e-03 4.003707820318989398e-03
8.192588081189756087e-04 5.713257827660523681e-03
1.282797105616062354e-03 1.060586779032317295e-02
-2.817664105610177177e-04 2.465136668711068006e-05
3.181798667948375868e-03 -3.791919993438948658e-03
4.515287563816526226e-03 1.308502279726460110e-03
7.582211798663712581e-04 -8.371087184015925040e-03
-7.409556113738289054e-03 -1.126267373829542649e-03
1.194869677582649850e-02 -4.594414582875899246e-03
7.639369446674807405e-03 1.319103656736197398e-03
-5.417249773165243483e-03 -1.283494857391851915e-02
-2.018218994634037033e-03 6.138956921961567087e-03
5.511480589325387994e-03 1.147806959873839266e-02
-3.113363212595750967e-06 2.804013250141404283e-03
-1.570327223641314936e-03 -6.996182702780000089e-03
7.730694379579206152e-04 2.345711756396403735e-03
-3.627710593598399737e-03 -2.521847705373474711e-03
-4.843706363497624068e-03 -2.628404204876262206e-03
-5.107814750814287062e-04 7.142765730773947136e-03
-5.259666233956008727e-03 -1.022244643455709305e-02
-1.331892359037866597e-03 9.521479020821111555e-03
1.364366988977840263e-03 -2.258378165574145661e-04
1.093693693425716248e-02 -7.439156511810278774e-04
1.546937144329445929e-03 1.200237415978651703e-02
3.654549285577443195e-03 4.045586424646470218e-03
-2.708457261855047246e-03 -1.750502573749141647e-03
6.425688771572642295e-03 -8.902416739902165380e-03
-1.045623528387747917e-03 6.238360657116544424e-04
-7.506772523607153393e-03 -8.322311354355453605e-03
3.359068134794906024e-04 9.998332924328152613e-04
-7.933461540579830624e-04 -1.435335495331131837e-04
-2.587515523219735634e-03 9.773293376191170834e-03
3.595698982618022576e-03 -8.796786278318110761e-03
8.100464879869952433e-04 2.768361372237754074e-03
-1.955201521038734021e-03 7.743946100840254799e-04
-5.288357001773085625e-03 -3.654214036121721746e-03
4.914674869849773760e-03 -5.079219519144792527e-03
1.063708113288869446e-02 2.724886231081921975e-03
6.923889024302316147e-03 6.527806735736729933e-03
-1.368329728406205564e-02 2.616749020442667335e-03
3.223485618018398068e-03 8.448617666247056068e-03
7.948309798670019632e-03 1.215213443574231916e-02
1.121764953739080905e-03 1.463435474682915280e-03
-5.216254977551828577e-03 5.283056313267986588e-03
1.159205022728541663e-03 -1.369076889017997777e-04
-5.793837788350666464e-03 1.926510753222228714e-03
8.703880634284752102e-03 4.562067722441052672e-03
-9.579594940118688062e-03 -1.184846312086606374e-03
-4.265660533738970667e-03 -1.294851424255888525e-03
6.940589358232118061e-03 9.152634558443192500e-03
2.585535677878397862e-03 9.675613947363961159e-03
-1.919948777343247377e-03 -2.067920862214380623e-03
-2.266456967831794334e-03 5.632772821165688698e-05
-5.578968831624663352e-04 7.821205218363779660e-03
-5.952219595975439051e-03 -7.996942033133367517e-03
-3.039989424748740406e-03 -2.663912487575392438e-04
-1.395708101047916840e-03 7.575090685706303839e-03
-1.296048826878689383e-03 -6.700765436750123066e-03
-3.120042481727635167e-03 -6.860600186005556128e-03
2.042742591816021705e-03 5.499745694447004569e-03
-2.145387459692608099e-03 2.231874723045247167e-04
3.508828410752397233e-03 3.596960269992475600e-03
5.276031318429870616e-03 3.513330830841498737e-03
3.894500976563992824e-03 3.137333604121479366e-03
1.386368011412060985e-03 8.369490647183708797e-04
-5.165563187299741441e-03 -2.223892038897778110e-04
3.789828204279498992e-04 7.171392613838339924e-03
2.981011352284874440e-03 -1.219045248358916530e-03
3.970722112367599047e-04 3.727242098263642417e-03
6.424634964149356087e-03 6.500505024798551405e-03
2.248495346529581166e-03 -7.969113418482120376e-03
-5.588212803142342949e-03 -1.854121538605937869e-04
3.450313357248127339e-03 8.853099344813199385e-05
3.491202038903973466e-03 5.018118006141106952e-03
1.442695739623146931e-03 3.103406032550846093e-03
-1.974552199220745881e-03 -1.069412741907098960e-03
8.552859070952564466e-03 5.675482509215451846e-03
-4.450673553392300343e-03 7.948836702381376074e-03
-3.694176679860088335e-03 -3.687215569773623879e-03
1.233874399222446155e-02 -2.570096631323157826e-03
1.832072457110238244e-03 -1.354016286873620592e-02
-6.562404806216983778e-03 -9.292192591596739812e-03
-1.468929341816636869e-02 2.882214231283298199e-03
4.166592048034004937e-03 2.190778561438806900e-03
-5.471054926628566781e-03 -4.525489806618209453e-03
-2.166127194752266727e-03 4.448358458595702558e-03
-8.026303299860175142e-03 -6.147434858430342666e-03
4.665238912008023292e-05 1.344553291836912776e-03
4.870561463149805648e-04 -1.147051770018834779e-02
2.060368963664445038e-03 4.078587958298372784e-03
-9.716694283282380955e-04 1.469135297395497437e-03
-1.012192500722010856e-02 -7.383707344430309565e-03
-9.446327518140160140e-03 1.047983284313392868e-02
7.265559545246830751e-03 3.942606307315303822e-03
-1.876745000889552730e-03 -7.253297746655158404e-03
-3.689722318831543512e-04 3.084454488576317786e-03
2.811900398147170604e-03 3.338520053991783469e-03
-9.448387073928109225e-03 -2.119075671424241938e-03
-2.338223742598691257e-03 4.530008052403630562e-04
-9.217647703073541046e-03 -5.972224947372001963e-03
1.111168382635579523e-02 2.470421531458972739e-03
-7.236661297479049341e-03 1.018004092651768333e-02
-8.177324863191001020e-03 -5.034020071654802045e-03
-5.555610403697704494e-03 -2.246707155442519230e-03
7.337789338972752588e-03 1.522940450859391025e-03
1.248804124922248820e-02 -6.948476506236632780e-03
2.654013260871557200e-04 6.684464237028484718e-03
1.915111107797063967e-03 1.606969024216028464e-03
-3.003012374719095379e-03 1.562583670831308672e-04
8.452992316838428858e-04 -7.395410005950982160e-05
1.570790242601700958e-03 4.973189923353934366e-03
-7.713451316237621234e-04 9.192533317426723706e-04
-1.077266364966427900e-02 -4.274601489166881749e-03
-2.502034008232547225e-03 3.448525166161065404e-03
4.636357071955712027e-03 1.475362023819327614e-03
9.927444128424761823e-04 3.639637142734241347e-03
6.411511012391964137e-03 -9.513288274747015889e-04
-9.123879905873783641e-03 -5.306111143126065327e-03
6.631313756780395086e-03 -1.101433964698430787e-02
-3.799471891988313085e-03 2.816738067692563848e-03
-1.216870700016677541e-02 -6.033454229881495511e-03
2.021076818837522215e-03 1.377090223959077583e-02
-4.465394041978614295e-03 -1.412489844387725471e-02
-7.074910587633931325e-03 -5.414391948963010771e-03
-4.697985488672578105e-03 -2.179778050222267154e-03
5.217181015475674550e-04 -9.329041872121016403e-04
2.838739090126213629e-03 4.862258773264778976e-03
5.173386450553284222e-03 9.236263997593028782e-03
9.204349086695904486e-05 -2.598851283891996395e-03
-6.677838376397171420e-03 -1.687149850699368788e-03
6.808583223627364019e-03 2.775913270787798513e-03
-8.181827283282034138e-03 3.838971516767082735e-03
-2.473806259373705942e-03 -1.096714452845277271e-03
5.723332300958332286e-03 3.758120191373441610e-03
-2.070140420867604483e-04 8.180901245363301696e-03
-2.308734706366077829e-03 1.195719053799161775e-03
-4.133989648590156649e-03 -4.252073563022554237e-03
-8.604812148578425482e-03 -5.457994859622828515e-03
2.473806259373705942e-03 1.096714452845277271e-03
2.260821029872795741e-03 -7.828230213201895632e-03
-9.438711734837105030e-03 -1.197171995428679935e-03
-1.122227972699467360e-03 5.595573047431503340e-04
-7.162786907858775982e-04 -2.102247567990674689e-03
8.384674154734273951e-03 6.187062252712877651e-03
4.204032117023465479e-03 5.904353978540915170e-04
4.878496088234085364e-03 1.809081512005063707e-03
-2.142737115440398587e-03 -5.578329984108139523e-04
-6.384544550907684732e-03 -8.881868659098604915e-03
-6.860999320211677924e-03 -5.354328417686484570e-04
3.925714319128833021e-03 7.145016940818892971e-03
3.735656149980195323e-03 -4.763126402806909694e-03
4.329939294707474233e-03 1.218246979944169299e-03
-9.035875816136899885e-03 -1.054963618022923110e-03
1.135070947942293240e-02 5.608154269787253912e-03
7.202206822196377881e-03 -2.677480722739150956e-05
6.216024385232311877e-03 5.950497617533342942e-05
1.413669722351490465e-03 3.376950045653012060e-04
-1.480598827572204195e-03 5.199299104617569056e-04
1.003875858702997850e-02 3.593511657324838411e-03
9.708487711510057488e-03 1.036558084988158275e-02
6.281692203079823102e-03 -6.086077806417546088e-03
-9.479600416494310747e-03 -6.126759008122797424e-03
-9.941414407658600433e-03 -7.754403882647513228e-03
1.458929889454142065e-02 2.059698464753573731e-03
-4.821833110568638642e-03 9.791318882245825250e-03
-7.176677476643145322e-04 3.966730770289805807e-03
7.646394441512814090e-03 3.022027803445275634e-03
-9.746055550004753543e-03 2.591698519549434209e-03
8.242864911534067765e-03 1.024537349491004556e-02
1.014889146870438623e-02 -2.449490142142997373e-03
-1.215197501485048258e-03 7.204394147490241623e-03
3.612271547043160135e-03 5.184977750233975106e-03
3.774229736838192496e-03 1.028142450701981930e-02
9.267413455403847398e-04 4.512764989062044018e-04
-7.769188255985588418e-03 -6.453852635677900448e-03
8.042540614830163276e-03 1.079525546056219094e-02
1.645670380579261367e-03 1.772503596183362369e-03
-7.471982798869331206e-03 -9.141634047225510873e-03
-3.828497909261901165e-03 5.102703970655763331e-05
8.318335837976460409e-03 -6.335241817534716276e-03
-3.601797939537407407e-03 3.047876572753936003e-03
-4.171094468124466464e-03 6.682213026982397434e-03
4.552520152858793986e-04 -2.098272051612250916e-03
7.800066349096638346e-03 1.127592545956218779e-03
-8.942443268391504774e-03 -9.722793240195400435e-03
3.091144233959853757e-03 -7.262047047827432759e-03
4.711540807910568913e-05 -6.784394875902946109e-04
-3.697705002907454683e-05 -4.226496158413505563e-04
3.496502727407821767e-03 3.456077064711110276e-03
-1.076080098528145110e-02 -2.110725504460593017e-03
-3.424272933681899063e-03 -5.875742921167023507e-03
3.337194881863066545e-04 -2.421390162790533485e-04
5.015339892383662360e-03 8.646754637657667539e-03
9.207972363983324415e-03 5.050321271378263588e-03
6.710153585442342992e-04 -5.311284062126718150e-03
-1.658698214218037523e-04 -9.603384153637468598e-03
9.669786355146823068e-03 6.677966145901156197e-03
6.172102050809118688e-04 2.998174705173592414e-03
5.696956627938313741e-03 2.113886926732380656e-04
-5.332822065601343017e-03 -3.756795019247907361e-03
-9.997406886414535870e-03 -6.869174240597504186e-04
-2.980676102829723714e-03 1.055298867477915195e-02
-7.740162238713932386e-03 -3.688141607692355453e-03
-2.633577123876915463e-03 -4.951188900920393439e-03
6.027099733953570834e-03 4.796255705962116159e-03
-5.131236481522876217e-03 9.812808826669115227e-04
2.279612570976951788e-04 8.284807400613200534e-03
-8.135047124656145934e-03 -6.173411397242987812e-03
-1.624595396064452447e-03 3.336268843945695752e-03
-1.445473853380592390e-03 9.034550644010794912e-03
-7.022494491049045828e-03 -7.654872377982841272e-03
6.951318504745050177e-03 -5.328383530263104163e-03
-7.638571178253695257e-04 5.991846990256856440e-04
-2.043668629734643125e-03 -1.453760135591909567e-03
-9.852563990446548507e-04 -3.959705775450547520e-03
2.383614844345570069e-03 -4.396405380969271685e-03
1.434409457410578369e-03 -3.887475981725196407e-03
-9.513464103310789732e-03 -9.353421874105550746e-03
-6.989892091604408240e-03 -9.716167379564766282e-03
9.178020308792255930e-03 6.330595802245990618e-03
-7.232158877388016223e-03 1.307049338095800286e-03
-1.136257214380712206e-02 -7.772030254494684959e-03
-1.108265780908356674e-02 2.952894965258913776e-04
1.129000710062547964e-02 8.577526845310427805e-04
1.073535135017948325e-02 -5.481991553094025735e-03
6.942776683530173330e-04 1.039460686716030908e-03
-5.541560414022262716e-03 1.159141137976318556e-03
-5.685429213009845530e-03 -7.381456134385363729e-03
-7.896484490549394997e-03 -1.012685879488640049e-03
-1.574366624772750682e-03 -1.461838937860030331e-04
8.716797106090296357e-03 -8.676978057552695370e-03
-1.103958180213510804e-02 6.466848817931416908e-03
5.887477816046548379e-03 1.009653925687115442e-02
-4.323249549322467650e-04 -8.849266259652363142e-04
8.765972069960072804e-03 3.243490969417464186e-03
2.155525817742639377e-03 -1.324276575736169992e-03
1.681849162196529500e-04 -5.115797434962850079e-04
6.668290806811401870e-03 -1.059169003114249566e-02
7.226395169923782551e-03 2.277984382760262546e-03
-1.047604898101228352e-02 6.417546084559017441e-03
5.911330914319593358e-03 3.067355020440393210e-03
4.945760442911310492e-03 1.028540002339938322e-02
-8.072029651062205546e-03 -1.153797370912166935e-02
-4.028822205965806522e-03 6.009090053587023625e-04
-5.436728220851130833e-03 -3.321819720062200564e-03
-1.323772060786775409e-02 -4.034267071644651384e-04
7.401317890589217095e-04 -4.926936668440085217e-03
-3.358269866380597136e-03 -2.687382277340808617e-03
-2.741059661298324811e-03 3.107924278339254612e-04
-1.835856319233135229e-03 -2.323710733962863241e-03
4.616080355855078747e-03 3.677540230683298828e-03
-4.433382430999598459e-03 -2.806264460186811121e-03
8.036904676870593525e-03 3.023352975572631343e-03
-3.098041459293985386e-03 -5.797813304729089803e-03
1.916037145716475770e-03 -2.439016534637244212e-03
7.624856438038979389e-03 -6.375185725657510002e-05
-1.029386213417761084e-03 5.271656667843502286e-03
9.663687398224585050e-04 9.290564403403839917e-05
-9.528104881451854996e-03 6.206588177479774662e-04
-5.524684251533825211e-04 -5.097771928912519027e-03
-9.953947570946859117e-04 -2.858616672018902787e-03
2.902091813175306477e-03 8.831639887806332426e-03
-9.145417909347617474e-03 -8.391890803827916495e-03
8.609186799164222220e-03 7.941939477047245746e-03
-8.288383782784821199e-03 5.054967286666307499e-03
-1.154619610658065565e-02 -4.597320466136757891e-03
2.073973505965862746e-05 -4.225170986291178384e-03
1.195917038333224949e-02 3.638439740112012297e-03
-4.667235165065402799e-03 3.850898065903495069e-03
-7.325335886124873658e-03 -1.273899345142479045e-02
-1.193068709546952263e-03 -3.089755177081416823e-03
-3.669988332132683231e-03 -1.382456379785969606e-03
3.379472620399281545e-03 -3.560781488377576503e-03
-1.207679127880505188e-02 2.724630692072810972e-03
2.696646148427940537e-05 -9.833197486573307805e-03
-6.652516510800003018e-04 1.726250341270655752e-03
1.240647136586444082e-03 3.883229100650563274e-04
4.926202284778813563e-03 -1.224928696085759994e-02
6.176732240399374334e-04 9.751819257463849181e-04
1.355301545579088926e-02 -5.728505219958305097e-03
8.171688925231431269e-03 -2.737882413334757556e-03
1.009572516276724310e-03 -5.092471240407419990e-03
4.445245095383787252e-03 4.970140444894242601e-03
-4.383616678666922041e-03 -4.265724418491302627e-03
5.516701567386353986e-04 -2.213178718079829646e-03
-7.234681452136350679e-03 -9.268866397036305479e-03
-2.081108698724104100e-03 1.465830279928054909e-04
-3.193996581787716255e-03 -7.705899417688718243e-03
-8.346435817330065746e-03 -4.764547693052443612e-04
-3.830222215599571279e-04 -3.213938048436624237e-04
2.872267527488902780e-03 -1.245021787171561025e-03
-3.771371912636068205e-03 9.628434654531380435e-03
-2.729069227410830818e-03 -8.882267793305406722e-03
-3.530031164770510484e-03 2.651203495725229509e-03
-3.066492867273423305e-03 7.543813458387879645e-03
-1.300551246968361611e-03 2.172226151672902728e-03
-3.416705209437246541e-04 2.585200428423247571e-03
-2.435280731568098371e-04 5.735258850094744620e-03
-2.634040142836511968e-03 -2.928196121492506257e-03
1.004061066286744165e-02 -4.498459460382848822e-03
-7.023420528967668115e-03 -3.608886819127746053e-03
1.246014874981879982e-02 6.930706539189946183e-03
4.829193354861795184e-03 1.245548690883489492e-03
1.074330238293690065e-02 -7.825052965238219957e-03
-1.008667226352462018e-02 -1.022602281672871545e-02
-1.156243342155064031e-02 -9.245141068268606169e-03
-2.122923418299361813e-03 -7.370184258468971163e-04
-5.762033657321564972e-03 -7.445734895353868163e-03
-1.140451463288625483e-02 2.701304497513056652e-03
-1.949900832534886153e-03 -7.876463313459718465e-04
-4.623105350693086299e-03 -5.380464377392377498e-03
-4.057512973782311828e-03 7.169141403793394089e-03
3.895841974389379226e-04 4.047310730979948590e-03
7.896484490549394997e-03 1.012685879488640049e-03
-2.866040801072009653e-04 -4.363004713112413166e-04
4.937474160698741496e-03 3.294518009123341591e-03
5.151848447078088630e-03 6.150484336890035299e-03
-9.292192591597310536e-03 6.562404806217663790e-03
-9.712064093678518572e-04 -5.538574820305681773e-04
7.553089663272082900e-03 3.329212197721305271e-04
8.459554292711835011e-03 2.986375925542305871e-03
6.845895523111588180e-03 1.253250631304938557e-02
-6.694075691367158687e-03 -6.334970452831217499e-03
-1.142996426798765022e-02 -4.891412560042242980e-03
3.171069521434083729e-03 1.068909809526620569e-02
6.006487768397785962e-03 -2.335509513594149784e-03
8.940255943098319308e-03 8.480820931483530958e-03
6.870339409847533996e-03 -7.876606908656024961e-03
-1.459022493246140209e-02 1.986287094100380041e-03
1.112712287291103483e-02 -1.927085134015285237e-04
-3.025476416112341665e-03 1.116464265234552809e-03
-7.564968735327831650e-04 1.163605227215568083e-02
5.007388859626244956e-03 1.098981604980186176e-02
1.017188299585358073e-04 -1.676947607897114620e-03
-4.318874898738821536e-03 -6.365321642230909252e-03
-8.702954596364768924e-03 -8.608053281295005577e-03
1.601205316751794358e-03 1.669922613058998865e-03
9.765070978730605068e-04 -1.008183459398287159e-03
3.557205106205275393e-04 8.206478649967322058e-04
6.975842101927604705e-03 6.310319086144786614e-03
-1.767202907678834057e-03 8.362943914983519793e-05
-3.240441490953008871e-04 1.164042692274615569e-03
1.315892883826148829e-02 -9.028243625170484857e-04
9.345646087939281713e-04 9.465151292609453801e-03
5.766073058452211852e-03 5.957360863580486721e-04
9.599871656218750618e-03 -1.017331894776683093e-03
5.377750148387835591e-03 1.836383222945063912e-03
-3.838173248352907095e-03 -8.708766362890045867e-04
-6.727604128729847838e-03 -2.276898923948768479e-04
-6.036775073044576764e-03 -5.718159381957678596e-03
1.057671400354696055e-02 7.308428072245264952e-03
-1.253771088343835598e-03 -7.840156762338309701e-03
-2.029746409561144355e-04 1.330902436367483507e-03
8.172151944190457484e-03 -4.760875192761964726e-03
2.135584351097727547e-03 1.021184505754735641e-02
6.975043833513428632e-03 -1.000631560848242504e-03
1.000232426640868888e-03 3.319568510017254729e-03
2.422443970212107521e-03 -1.206572688283560901e-02
-6.449749349793670221e-04 -4.759278655933151360e-04
-5.774950129128470985e-03 5.793310884638737564e-03
-4.607794073642510618e-03 3.313341783592743672e-03
1.953477214705936528e-03 -4.039359698221959595e-03
-9.055385915217005477e-04 -6.699440264624590552e-03
1.095708588085391941e-02 8.410842347802444802e-03
-1.100790544060988203e-02 8.451539375202763923e-03
2.443518954728277331e-03 -6.956954442705409226e-03
-8.224903290230492839e-03 -2.332587804638441495e-03
-1.050229688452842744e-02 -8.486121619988629128e-03
8.813502437948668184e-04 4.394681074636255617e-03
1.016639007104893667e-02 7.486288327555815601e-03
-8.883752386323021284e-04 -6.097605221346015167e-03
-1.697623458205121299e-03 -1.555015946590739473e-03
7.521876320705880511e-03 -3.674762116926424526e-03
1.151589239426845275e-03 1.154009714966195213e-02
-8.919308728087386312e-03 7.984887714492973007e-03
-4.696596431793569580e-03 -8.248756388503426795e-03
5.655141908363056462e-03 -6.722127611664642163e-04
-9.413262099736497204e-03 6.395545062124795635e-03
5.138261476361672200e-03 7.216432640439894748e-04
1.274953094368287340e-02 -4.770949666059773331e-03
1.429083215005196028e-02 -5.404779912646373585e-04
4.453196128140634799e-03 2.627079032750728391e-03
4.291700957304627785e-03 -4.492360503462322109e-03
-1.680923124276109334e-03 1.069811876113901418e-03
4.304361890102993519e-03 4.982466128238137622e-03
4.127555442215621526e-03 -1.083077956896185551e-02
-1.305388916514544804e-03 1.711274313674550785e-03
2.619527134194098942e-04 1.545340607496527123e-04
1.315527274564575865e-03 -2.812363417106195952e-03
-1.301459702031487926e-02 7.420428855451525335e-03
-2.014894659675865729e-05 -9.154757998983473546e-03
-7.187103025096288136e-03 -1.197029866405334604e-02
4.834494043367004376e-03 -3.164922505453655194e-04
9.423081616014310127e-05 -1.356878975180127785e-03
3.743942432192763885e-03 2.227755611469132372e-03
-1.551439564419118374e-03 -3.129382571363490372e-03
6.215848556667090408e-04 5.482119322598009645e-03
-4.500311536220311104e-03 -1.948639545159753118e-03
3.720344872928258752e-03 -1.345693256379317318e-02
5.339511810984198109e-03 -3.874224260463249823e-03
-1.123489260072668564e-03 -4.728400562822671072e-03
-5.718494631413509333e-03 -3.297168353376231115e-03
8.931506641926725831e-03 3.512931696634695629e-03
-3.665150662586499387e-03 -9.215045417876178806e-04
1.924323427929044549e-03 4.551865479638797854e-03
-5.225004278723422921e-03 3.151670784191512587e-04
3.513458600347304757e-04 -1.663296752427685351e-03
5.900362636467176847e-04 -7.859507440519639815e-03
-8.977153282681573331e-04 2.314434529078659986e-03
-9.492852137755577319e-03 -2.221656654548605659e-03
-6.202772663971045305e-03 -3.964607329749524761e-03
-2.926407930407375936e-03 2.205371280516348672e-04
1.686686831740343223e-03 -4.654845596969964250e-03
3.865986037315779014e-04 -4.505612224724949572e-03
-2.539346307717343411e-03 -6.308067876099840779e-03
-2.200326131025256895e-03 -8.112247833808431535e-03
1.265298503272874533e-03 6.700893206255031584e-04
1.092275917507828150e-03 7.207172261252582255e-04
7.401317890589217095e-04 -4.926936668440085217e-03
-1.190595601833318966e-02 1.432030477861187187e-03
-6.516678455016315132e-03 -3.901653740906554577e-03
-3.283054478945954605e-03 3.445874821909317327e-03
-2.932969906286356839e-03 -3.505379798084650757e-03
5.948435733852542283e-03 -7.866931569565700777e-03
9.859972293800698881e-03 7.229173283680656419e-03
1.588879633409150073e-03 1.529039407778094977e-03
-9.908812008213961978e-03 -9.815698884229439106e-03
7.396767411436048698e-03 3.008376947976527244e-03
7.538113635675868646e-03 9.730584852054237517e-04
4.048971152561203421e-03 8.553848993623628869e-03
-4.446634152262225054e-03 1.098837893386238329e-03
-6.621382878687653330e-04 -1.077762908871890413e-03
5.341571366772937361e-03 8.724684254096743558e-03
-1.417118335017876051e-03 -6.867625180842992089e-03
3.629562669435862886e-03 -5.570123412334213389e-03
4.125575596872922864e-03 8.618127754592133302e-03
-1.321963121706030281e-02 -3.847577222740304961e-03
5.350911456408792566e-03 3.126445036720684051e-04
-1.095261511215188388e-03 -9.273640181830154761e-03
5.689340844636617787e-03 1.188839353123698900e-02
-6.927928425433752327e-03 3.221920732572672308e-04
-2.506408658818344397e-03 9.645805487366478472e-04
7.952812218761051016e-03 3.279142847320433950e-03
-4.454489066896384977e-04 -8.336760478238489092e-03
8.925742934462492159e-03 7.097965417490758461e-03
2.529207949666740975e-03 7.409156979532167259e-03
-7.638571178253695257e-04 5.991846990256856440e-04
2.441666878889454158e-03 1.135016675001136776e-03
2.030081659017655537e-03 -3.975080937253455161e-03
-5.853151110269112431e-03 -8.892869170315145094e-03
7.381456134386043741e-03 -5.685429213009274806e-03
2.855567193560461757e-03 -3.869849609876882361e-03
-2.988164116628117071e-03 1.087305730749613987e-02
-6.289052447372980512e-03 -4.950789766711769305e-03
-1.687948119114115585e-03 -6.331122705951773609e-04
1.138238584094816014e-02 7.592844827058601795e-03
1.094463242801012098e-03 1.962689534837126944e-03
5.931144611459268808e-03 2.888169593003168164e-03
4.879294356649622327e-03 9.120032158999234057e-03
-4.383744448170797531e-03 7.091211787356140397e-03
1.121903859427332908e-02 8.565376408552097948e-03
1.880449152564477294e-03 -8.930644488760217797e-03
-1.214624295877352912e-02 -6.993660128032917235e-03
-5.164637149381689878e-03 -4.268374762744193453e-03
7.757197822095591869e-04 1.564691285681745186e-03
-1.092275917507828150e-03 -7.207172261252582255e-04
2.948903623261359087e-05 7.427182485587988277e-04
5.382923067388379994e-03 1.163127848736182982e-02
-2.952320584467008242e-03 -5.349187150074634182e-03
-9.572106926320295139e-03 -1.504914944803593859e-03
6.002911386226165297e-03 2.491496515974462103e-03
-1.358603281513605940e-03 -3.359195904298647832e-03
1.606969024218312119e-04 -1.915111107799785640e-04
4.783802253114917240e-03 5.188953266612398446e-03
-2.394551470809777420e-03 -1.813456162592111832e-03
-1.840468871436305113e-03 -9.083263385324193834e-03
-4.075272246278948741e-04 -1.440737673775725931e-02
6.157089034566570231e-03 1.317069775138011122e-02
1.751342594591786747e-03 -1.136050621715543191e-02
1.247422779150856101e-02 -7.960393904678234739e-03
4.988692995447350717e-03 -2.030163388721122758e-03
-2.020316430948553130e-04 3.389674425509694392e-03
2.907813447781196214e-03 -5.317526044588559778e-03
-3.099894497984478480e-03 -1.913028664818244070e-03
1.104050246317497992e-02 5.195064136977005365e-03
-6.376499478759682822e-03 1.264745976090116304e-02
-5.186509616482566989e-03 -3.909487332442803005e-03
-7.369695518509725499e-03 -3.897440421097948023e-03
-2.908913495233729409e-03 -2.630881763422424947e-03
-1.401148189380091100e-02 3.176385030741829540e-03
5.384563242948103888e-04 2.404034537839150158e-03
2.245119671413123730e-03 7.671672270017462422e-03
-4.304260828428581667e-03 -1.412063046095717554e-02
1.010796026230862104e-04 -1.089582574976731338e-03
-7.225749431775191182e-03 1.253479975622708714e-02
-1.014572112703999475e-02 -9.599853992298353067e-03
9.584065663053573103e-03 -1.003879799615318806e-02
-1.238777599252143154e-02 -8.170264763670238156e-03
1.117763763345736711e-02 -7.464795459544017187e-03
5.216059906339660761e-03 -1.075827590576659831e-02
4.655803239657528222e-03 1.436186633936352300e-03
-7.510500026780178584e-03 -1.229886501376666226e-02
-1.597577203894657866e-03 -4.782352688417839358e-03
1.208936722692957252e-02 -2.093341882294440931e-03
9.854337177025660963e-03 1.037750760830884536e-02
1.400256505073224113e-02 1.620214351872416867e-03
-9.473516700638987334e-03 -1.092232947831594213e-02
-7.521611851646296115e-03 2.015725154324175296e-03
2.962093105092126685e-03 3.070493838081309306e-03
-4.496022160582694403e-03 -8.762460989092104788e-04
4.917257456350360677e-03 -4.599088129253698330e-03
-5.302890458784778605e-04 -9.546805146356775879e-03
3.501714624052646319e-03 9.002042874532581798e-03
7.299508871068927617e-04 1.188259858699821855e-02
8.011194014572776273e-03 4.186668555129454718e-03
4.085652080816539605e-03 -8.478156732275169902e-03
4.719255312610560159e-03 1.075503854676084642e-02
-9.299787099459059375e-03 1.545008824130777135e-03
8.130313196310526985e-03 -1.102794070195618585e-02
-1.339253855673144637e-03 2.906209160549683233e-03
-1.667057591796431305e-03 3.220394084447380850e-04
4.966532659711352451e-03 5.966366204880601924e-03
-2.435827163341056176e-03 -4.366150699759729394e-03
3.121757651243202338e-03 -1.859009806592958449e-03
4.013899910617558381e-03 -1.280735384273295509e-02
6.945952270189547847e-03 -2.452212249475772560e-03
