5.896817905681832860e-03 1.684499506447159276e-03
1.047558596205268658e-02 -4.394553305131129392e-03
-2.747158618218280366e-03 -5.438117277729567767e-03
-6.964649936456304485e-04 -2.281432995428579746e-03
-2.886317517165705882e-03 -2.160826506248418859e-03
-2.822774885805155037e-05 4.545239619008165435e-03
4.443057770090603521e-03 3.728168136182373558e-03
1.198369398050229406e-03 1.527714235652099725e-03
-1.126554564233137740e-04 -4.532913935663588668e-03
3.891978401816229526e-03 -7.438582131011305977e-03
-1.841157007737554254e-03 -7.616697925321855777e-04
-2.116824461379976981e-03 5.011891279717277208e-03
-9.448307363478340715e-04 2.992874016669634825e-03
-1.908086112959628440e-03 9.595512249373065218e-05
-1.947713507241702205e-03 4.543259773658967632e-04
-1.396506369461521322e-03 2.641400387125938422e-04
-2.377388117920950159e-03 -1.211621119312856001e-03
-1.806830301960118089e-03 4.420002940238235275e-04
8.056718374006272389e-04 2.844167548140169631e-04
-7.106427528263082813e-04 5.669654916998884478e-03
-3.987805754805295172e-03 -5.826440187793944028e-03
-4.297672144719347394e-03 -1.261348540794747335e-02
6.285939084162315942e-03 7.754803016853635024e-03
-6.182640125041985110e-04 1.240474705952712350e-02
-1.589342652368175421e-03 4.939533716491125185e-04
-8.916195364876720875e-03 5.180874464351106420e-03
2.422188431202996518e-03 1.064814552885813559e-02
7.840028992832502597e-03 1.010316511750314686e-02
1.166070363884279260e-02 1.038263284093801642e-03
-3.195513408169457521e-03 9.720015126438524833e-03
7.920337588821648941e-03 -6.016498356943943485e-03
-4.362078675191155726e-03 -1.179944757788990023e-03
1.479008621020492208e-02 -5.131762803264588307e-04
5.431890551306879471e-03 2.860867882064309625e-03
1.175573272341711231e-02 6.992334955906702107e-03
1.493387529874444768e-03 -2.402039484608741067e-03
-4.548688231673978996e-03 -6.558157925136421686e-03
1.761103950758878501e-03 -5.832539144713329293e-03
2.963847999395475587e-03 -1.820880291637491915e-03
5.720681956706122340e-03 4.539140662088780170e-03
-5.014541623969486286e-03 -1.335803990664638204e-03
-3.472777398641373626e-03 8.716749047032897307e-04
-4.275671122285127322e-03 -1.155069852667168703e-02
-8.657356014667404176e-03 8.139421775241944407e-03
9.644336720046216976e-03 -9.147509116523202394e-04
-1.136038481851393833e-02 -6.530057945782816349e-03
4.781790756387222993e-04 -5.081470729191560690e-03
3.728966404595978473e-03 2.867892876903106042e-03
1.716048098467721356e-03 7.444808857435136588e-03
1.123489260072668564e-03 4.728400562822671072e-03
-7.185937855842972760e-04 8.012716329143758712e-03
-3.052778127051770929e-03 1.615718325387622591e-03
-5.923321348207086917e-03 6.125705200698939625e-03
-1.371727233270426949e-03 -1.081102975657258214e-02
-1.221283681454102439e-02 3.197908213413916054e-03
1.135176328684564875e-02 -9.794767494912781994e-03
-1.196274676550330117e-02 1.188566289455919578e-03
4.089061565802302317e-03 6.172485359324255370e-03
7.678070803037469368e-03 5.006718360717303529e-03
-9.439046984297831590e-04 -1.053111542184779733e-03
-9.345869975554827597e-03 3.514927367670991898e-03
-1.197852106151483381e-02 -5.482247092102456726e-03
2.195153212025854807e-03 -1.682647430609696777e-03
1.149331699103731466e-02 8.860793674583115551e-03
-1.437858070078895569e-03 -2.642454194552955153e-03
1.036717738671243810e-02 4.913413582475783040e-03
1.261865832694744616e-02 5.497223119698099389e-03
5.480395016264992709e-03 -3.886549943807145711e-03
1.067372293346397806e-02 -6.186407579495822526e-03
1.659848139760510249e-03 -6.178584316244782083e-03
-6.053603176478253300e-03 3.013949001183301862e-03
-2.365062434577734716e-03 -1.070737914032632776e-03
1.061037021041352606e-02 -1.015578869403852003e-02
-8.919516208033522863e-04 -1.270599191778083292e-03
5.158075173503280132e-03 5.424578366072262993e-04
1.011271268708948713e-02 4.438810889008681405e-03
-1.033457498726779791e-02 -6.974708584057708050e-03
2.574599051414190945e-03 3.465752403802577642e-03
7.477283487375109387e-03 7.579593105795975200e-03
-1.004233496920159917e-02 1.233494372243773042e-03
-3.869051341462597000e-03 4.455383453433818530e-03
-7.048534914613912780e-03 -1.867660450262808094e-03
-1.322884353719035178e-02 -6.792473678162613132e-03
1.753951186416778186e-03 3.821472914422534024e-03
4.291573187799962996e-03 6.864575702383298589e-03
-5.004866284878480356e-03 -4.139003146690759839e-04
9.349446357726448262e-03 -8.341933397239603351e-03
-8.262806378178978728e-03 1.290748138373480625e-03
-1.034686901922180109e-03 6.833697609274180275e-03
1.274734361839026039e-02 -6.012921974772321085e-03
-6.427876096861829657e-04 7.660444431185534737e-04
2.799909964258315287e-03 1.253158027512997486e-02
8.513981886032273919e-04 5.674955605504664394e-03
-3.345816413532716471e-03 -1.390343527790620717e-02
2.993927824094414847e-04 -1.445809102835742682e-03
-8.735269805407522292e-04 4.619193719066314041e-03
1.219693474902618785e-02 1.488214610874472391e-03
5.265557710923898663e-04 -4.719523492148915795e-04
1.496037874126873290e-03 -3.183059955321576855e-03
3.906826659907208267e-03 3.278216809401702809e-03
2.110597734956146370e-03 5.961352205666736737e-04
-5.944268563218591504e-03 -1.034000344527688173e-02
9.680387732157812175e-03 3.553884263042764429e-03
-1.358204147306254356e-02 2.962794191972760102e-03
-5.948770983308263732e-03 -1.467011856853855933e-03
-3.861898577119354369e-03 -5.198628605703405244e-03
-1.434450953401198055e-02 -2.506999447281815958e-03
-1.309300548140745687e-03 -2.795663083177754495e-03
-8.480294027770922047e-03 1.238795060748191634e-03
1.058412230689417550e-03 -2.505945639857958158e-03
-4.349752991852461189e-04 -1.039061552517197824e-04
1.062659111772481547e-03 1.133493518341254294e-02
-5.916966852278590649e-03 -1.083925750543063282e-02
6.555507580882852584e-03 -3.767667760959781884e-03
2.775258597571885269e-03 1.224981386456952710e-02
-3.786475709735892320e-04 2.162550812580074904e-03
3.080079837990410893e-03 -2.114972385542514266e-03
4.676447485197382514e-03 -9.060016104807261123e-04
4.245846836598723625e-03 1.474036851693794233e-03
-3.695437967233289323e-03 -8.975173437339445393e-03
-9.649509639046191523e-03 -8.880144352765127411e-03
-1.700273802457330594e-03 -7.739954758754005867e-04
2.130076182642604010e-03 -8.916993633290326224e-03
7.297826695235528315e-03 -7.452632120688680237e-03
-2.465136668643028899e-05 -2.817664105604467768e-04
-9.808817484582865211e-04 -1.475761158026810734e-03
-4.032861607096453402e-03 7.450907814354521853e-03
5.198500836200100478e-03 7.495037628727409078e-03
-1.100562199720396712e-03 -7.711599240401300834e-03
3.691989354567474894e-03 2.445243261061074824e-03
1.598219723044434770e-03 -6.883000342645898863e-03
1.912460763544854671e-03 2.387989494931367241e-03
-8.194951235038853629e-03 -3.612862335506849838e-03
-3.875022528878677500e-03 -1.265046245797711924e-02
2.508883174513277040e-04 5.301608723035712220e-03
-2.243529907479522700e-03 -2.926870949366972008e-03
1.280711995926773344e-02 2.783465169337842951e-03
-5.047271792917428640e-03 1.208242721676405090e-02
-1.252707785504030349e-02 -6.073081624164710507e-03
1.261849890605128057e-03 -5.859840855653329281e-03
-1.893110085362843028e-03 -5.441821429402428009e-04
2.667105561239604614e-03 -1.156091659515946345e-03
5.649378200898821922e-03 2.912820959689598616e-03
-2.508883174513277040e-04 -5.301608723035712220e-03
-1.874557675596938856e-03 -6.011325437942608915e-03
-2.233726798884070990e-03 -1.336190347921953521e-02
6.767694541971517458e-03 -2.153673741905176662e-03
7.840284531841611865e-03 -1.261070729419059948e-02
-6.446396855236454643e-04 8.858015560826239948e-03
1.053443626501210720e-02 8.447819397833450719e-03
5.086771417694837399e-03 -1.083861865790594799e-03
-5.881841878086845705e-04 -2.324636771887279992e-04
6.505278809591721542e-03 -2.852150232287640856e-04
-4.206219442316650077e-03 -1.832407706565960127e-03
-6.050026794306631768e-03 -1.813057028385309591e-03
-4.418534172908619717e-03 7.910534480226197665e-03
-6.486726399824675922e-03 -5.181928271774963353e-03
2.496270300768313119e-03 1.365085546949972115e-04
2.702389956319786735e-04 7.145416075025694778e-03
6.030676116124620775e-03 -3.075032360581484922e-05
-5.485567935266108053e-04 -5.908345320608939747e-04
-7.553887931686829697e-03 -7.643871866764479633e-03
2.391438107597181669e-03 4.617469412733516548e-03
-4.362876943607263414e-03 -8.490895404782480144e-03
-5.623130297384039758e-03 1.199084674485690651e-02
-3.269467508230108899e-03 8.874715894756041862e-03
-2.200453900529131951e-03 3.244688372039013658e-03
-6.109834786576524152e-04 -8.606201205456862416e-03
3.258962249346950002e-04 -9.256013809981842450e-03
3.652361960284259464e-03 2.803614115934602042e-03
-7.981039967618532710e-03 1.266096771687051040e-03
7.419359222335102089e-03 -9.308765156021876069e-03
-7.863882091105327266e-03 -3.073980881069884180e-03
-1.454264650542191201e-02 -7.151451729159796419e-04
6.891877413323299444e-03 -4.790827247953713224e-03
-6.081830925336303983e-03 7.559188620191467298e-03
-1.841157007737554254e-03 -7.616697925321855777e-04
-1.098014071071085583e-02 5.929292535621806526e-03
7.563691040289085427e-04 -2.791160663082373726e-04
3.110031893181478945e-03 -3.395246916410242597e-03
-4.132265342255997398e-03 -9.871084748834780230e-04
-7.459657115526114463e-03 -9.000750841945287864e-03
3.607561647002211803e-03 -6.632910293610678847e-03
1.777676515184015409e-03 8.149224883838755706e-03
5.218777552300163033e-03 5.292859421864118744e-03
-7.393654048223452513e-03 -5.812390198117931527e-03
1.945063162988132019e-03 3.266944933483002409e-04
-4.234319421670255414e-03 -8.644104293405919029e-03
-1.134090637081725406e-03 -1.604318679963819168e-03
5.121098123472273347e-03 1.198082207654140897e-04
-3.441899305529752106e-03 -4.454585185019071733e-03
-6.639009250530064112e-03 -9.356471352566385694e-03
-2.993927824094414847e-04 1.445809102835742682e-03
-5.378085397842987184e-03 -1.117032664936530063e-02
-7.724723192158121192e-03 -6.351271652553535860e-03
-1.885957321019601264e-03 -1.019819420207746657e-02
1.837580625567293829e-03 5.588675822101939021e-03
8.143796425829671892e-03 1.114130063209228458e-02
5.393987463357822858e-03 6.484203825076913057e-03
4.597990965048200790e-03 7.121690746258457771e-03
-1.019583104822090799e-03 -5.163375862006556842e-03
-7.427182485587283979e-03 2.948903623197695820e-04
4.387528310293693432e-03 8.772661815342927896e-03
1.703850184628952127e-03 -4.053010553693211192e-03
3.947380092107332511e-03 -1.126139604324877860e-03
-1.182796251714246169e-02 -4.572669099451469321e-03
-5.591581705356675393e-04 2.533247350797958580e-03
-3.672638676384321586e-03 -6.014359090713112740e-04
-1.376229653361458983e-03 -1.938038168150696492e-03
-3.433948272778833627e-04 -6.797646597158284263e-04
1.326926919988379505e-03 1.374505347027300383e-03
-2.588393502081748170e-04 -2.958547310892198877e-03
3.853277045451064791e-03 -1.112619683499219483e-02
8.313833417884856566e-03 2.537749770887849383e-03
4.524962902906741989e-03 2.230405955720200437e-03
4.135713954922954141e-03 7.517038651160487701e-03
-3.112682237435048915e-03 4.176267387124440143e-03
1.812258759970562794e-03 -1.336097744129898131e-02
-8.405541659299168092e-03 9.395044939424602309e-03
-1.030184481832507881e-03 -2.039293979148846386e-03
7.632344451836011422e-03 -3.838204899747044672e-04
-1.236869604741553004e-02 3.850371162190887458e-03
-5.210826519543315487e-03 -7.635920834007632954e-03
-8.673002541180637164e-04 -9.888327812162757326e-04
7.874483468115745649e-03 -5.010100178782670929e-05
8.343913242581732156e-03 -1.009946096582686227e-02
3.477152049226600074e-03 1.612269712721807729e-03
-4.434308468917649154e-03 1.239721098667603437e-03
4.362078675191155726e-03 1.179944757788990023e-03
-8.576249150270581116e-04 -6.692910522071351259e-05
7.684297529461300846e-03 -6.013081395666464851e-04
1.955664539998549535e-03 -2.797387389509410540e-03
6.271090826070196619e-03 -2.961995923558013305e-03
-1.091685129044137580e-03 -1.410064621139808794e-02
-7.237794815348946864e-03 -6.464853146894900329e-03
2.176600802257448296e-03 3.784495864392888563e-03
-5.850037747057878004e-03 -1.169688242045769169e-02
-7.534665023009482626e-03 5.556871691072266806e-03
6.268222414015228727e-05 -1.469850573829777768e-02
6.486854169329122136e-03 -6.175007934073160551e-03
-1.286874837598402620e-02 -3.487881195741462936e-03
1.124335471150540028e-02 -4.868006073058695621e-04
-1.351603840576102479e-02 6.151154835801477330e-03
4.996915252120491362e-03 2.756961726813950651e-03
6.848673636868462915e-03 3.945496364884254481e-04
-1.851630615243306330e-03 -8.994524115520097229e-03
-1.240382102160771279e-02 -4.664249571357472271e-03
-4.288763422658613961e-04 5.645003550312454460e-03
1.137667019253346288e-03 -3.222687349604792719e-03
9.868849364476956279e-03 8.401263126838693154e-04
3.714916414919746529e-03 -5.379554165175542881e-04
-2.737483279128634893e-03 -4.516213601735147645e-03
5.743609017058393974e-03 1.555941984510151276e-03
5.721607994624173035e-03 4.931551032343653961e-04
-2.944369551710160262e-03 -7.692248562218147526e-03
5.836913795299696756e-03 4.245048568182615938e-03
1.493799441032394107e-02 1.177422183041226290e-03
-3.612862335506849838e-03 8.194951235038853629e-03
4.280301311879463472e-03 -8.679229267596960326e-03
-3.530031164771081642e-03 2.651203495725910388e-03
2.064073115339941193e-03 -1.210535427711768169e-02
-1.118000198845494481e-02 4.456181721848565327e-03
3.869977379382008153e-03 -8.501369012287091423e-03
4.817458459980911156e-03 -1.227526349967070565e-02
3.302069907673386463e-03 -1.093601089633911005e-02
6.450675387714223039e-03 7.132930970785177939e-04
-1.053376576610180748e-02 1.022006745500702272e-02
-1.445010834420996319e-03 7.011557864582906863e-03
5.098171063120001713e-03 3.103006898344043418e-03
-7.235272240600040816e-03 4.111062588236524123e-03
-4.651668349006287707e-03 -1.016916818480444878e-02
-2.864316494731484510e-03 -1.098039624972633414e-03
-4.573467367865074670e-03 4.517011870148752994e-03
-1.402733095885351933e-03 5.872166538996544290e-03
4.889560484202957504e-03 -3.337993150279174558e-03
-8.594801560033058993e-03 4.797852242791148317e-03
-4.956776779832710103e-04 -4.854307740507251417e-03
3.263240781806278287e-03 -3.266689394472092715e-03
-9.086902855843348448e-03 -4.883461527283573106e-03
-2.850138735549446762e-03 -9.049127537398955756e-03
2.555120603727732871e-03 1.297888125765957884e-02
1.690598463367685772e-03 -1.479082001190196432e-04
-4.443983808008655084e-03 3.178174226720412165e-04
1.755675492749794904e-03 7.086438002562971128e-03
-2.210927508034884678e-03 -4.988165950948897885e-03
-9.395172708929047656e-03 2.951394546548957113e-03
9.579131921158301824e-03 3.207839091512672096e-03
-1.822349058964555912e-04 -2.894268549923694443e-03
5.335807659311861753e-04 1.230971797496009310e-03
1.405255670633115232e-03 4.703749196136241054e-03
-7.915036900315870760e-03 4.454457415514406944e-03
-7.109237293410796549e-03 -6.618062035519700105e-03
1.054344110519281341e-02 -9.298163779011459421e-03
2.473471009919345816e-03 -8.237228973573137991e-03
1.198819640060447798e-02 6.404150768096875113e-03
-6.208536371435849702e-03 -3.795736088927819177e-04
1.860507685919565463e-03 2.605477144523310126e-03
-5.026069038897954498e-03 5.834263451047486809e-03
-5.143897414321241084e-03 -8.493545749033548642e-03
1.147939477086574837e-02 -5.901990824683165694e-03
1.076530340537112246e-02 -6.762266083962433644e-03
-3.964017123258877298e-04 1.494064475457615102e-02
-1.982838481433884734e-03 -8.060294756182461232e-03
4.524962902906741989e-03 2.230405955720200437e-03
-3.244688372039013658e-03 -2.200453900529131951e-03
1.222596076629784388e-02 4.253925638860016518e-03
-4.218545125659865086e-03 -1.973290911846183569e-03
7.715846121481862059e-03 1.274031862355032296e-02
-1.206064891801611038e-04 -2.189852523520075325e-03
-6.485002093491658987e-03 -1.916963183634526682e-03
-3.840695823101240684e-03 -1.144679237142110992e-02
5.658255271575081055e-03 -3.476226011307187620e-03
-4.264399246365769246e-03 3.993106443309932772e-03
-1.084787903710006385e-03 -1.040785858841564724e-03
-2.895194587841745573e-03 4.228220464750871016e-03
3.451191336109001896e-04 3.944729747856265747e-03
-1.752226880082619585e-03 -5.565078262834580267e-04
-5.514721722041287209e-03 2.682879857249776366e-03
8.554248127831573859e-03 -3.934958290657090962e-04
1.502136831047399786e-03 2.565849750241236144e-03
6.114639423888752062e-03 -3.652992359641387288e-03
-5.898676551858184633e-04 -1.686044126345105426e-03
3.729787360379420349e-03 -5.303787790943617804e-03
3.644279631710220426e-03 1.181542152049639902e-02
8.214093367270270622e-04 -6.534191718089484967e-04
-7.095345432474700446e-03 6.733324382063676436e-03
-6.696010627174152526e-03 5.159034858297794658e-03
-9.291774142652415094e-03 1.056089724574098450e-02
5.452229457639180300e-03 -2.357888185845243099e-03
-1.139864213854663300e-02 -1.751850518193110275e-03
-1.347186494553046995e-02 -9.923201356877121642e-05
-2.839007099301789610e-03 9.604626369858308699e-03
-2.300965503070138800e-03 -3.458256526660943636e-04
-5.842209556537145479e-03 -8.184825106287860197e-03
-1.349372080777958352e-02 2.330820489500404127e-03
-7.875218095922589118e-03 -1.137090801558297490e-03
3.653841294724916467e-03 8.771199908270589304e-03
6.959717360496518734e-03 1.018092343166020512e-03
-8.890631207173119556e-04 -1.354079339159029380e-02
-4.092617778863779678e-03 -1.063294104029634778e-02
-9.006946048600970520e-03 6.842234301548230820e-04
-4.568357571135248790e-03 -5.501486791557916312e-03
9.623772712913574584e-03 2.522197932256887466e-03
-1.121757204390822762e-03 -3.424272024014591437e-03
-9.295354365906262351e-03 2.345412254140633729e-03
3.896337631027117429e-03 -6.286256872481221433e-03
-2.192592593901350126e-03 -8.387791937285263635e-03
-7.777840063434200875e-03 6.843530798071928434e-03
-3.941861253627645424e-03 1.168405074850802257e-02
2.863366997363418417e-03 1.094937438855059404e-02
-1.011884067785177865e-02 6.241766311049817134e-03
1.820163818980641409e-03 -1.371254916998556651e-02
1.027181260575731623e-03 -7.203148676809414432e-03
2.226961954264302518e-03 -1.048677912150648532e-02
7.174222644330223789e-03 3.851406670079058573e-03
6.704786716132046798e-03 -4.331813851766262019e-03
5.405144417559687095e-03 -8.323690815958059708e-03
3.023295286017705676e-03 3.237046614935526478e-03
-4.031477967594126674e-03 -1.688363254545008352e-03
2.207067530935729466e-03 4.093856897873283419e-03
1.231590198933488547e-02 -6.285803768138456017e-03
6.478849681030100435e-03 -8.131488258197044558e-03
6.899268542719862174e-03 -7.601300219079255675e-03
-7.579551483132441515e-03 5.443428071684665304e-03
-1.343502844228705410e-02 -6.885181773896697360e-04
4.363893757124022096e-03 1.282381077547432684e-02
-4.531762433626107187e-03 -6.412971221677585959e-03
4.316178261812595417e-03 -7.415396990658264936e-03
8.570862279469392345e-03 1.090100514515737057e-02
5.762513061006418157e-03 1.039840222370377529e-02
-1.204201275461857026e-02 -3.007764738333201012e-03
