3.183858223737684543e-03 8.806988521120363844e-03
4.483275952836148631e-03 -1.001013170396512428e-02
5.948770983307693008e-03 1.467011856854536379e-03
-1.107714964062278236e-03 1.942412818737064605e-03
1.202702552647237633e-02 -1.265170733768319032e-03
-4.568038909856561580e-03 -8.401965277126867415e-03
1.772040577223656793e-03 3.773223988473749712e-04
4.443057770090603521e-03 3.728168136182373558e-03
-1.349264832644915535e-02 1.144963378794960386e-03
-3.893574938644580805e-03 -7.183319162974752259e-03
-7.287097548720665452e-03 -7.028385968017155858e-03
-4.572206080490512359e-03 9.804969737715716824e-03
1.028460175498349498e-03 -1.225671108990229827e-03
-2.565258961777765016e-03 -1.187779215422793237e-02
2.100922395865140874e-03 -3.257684554288885464e-04
5.682443619302485725e-03 -1.171466821319533998e-03
9.917226059931767354e-03 5.449644692659178294e-03
-3.131106877697649189e-03 -1.713525523719957623e-03
-1.352167434372138211e-02 -1.620747649189903730e-03
-1.031833767229781151e-02 -2.326887981925859338e-03
-9.134018263923814052e-03 -4.205022039694419726e-03
7.879176960490317377e-05 1.306251069680372610e-03
-3.962691369157908192e-03 -7.567666556660243744e-03
-5.115480921111291782e-05 7.528438296584972003e-03
-6.900961963950044513e-03 -9.511005413315358828e-03
1.020475617795701777e-02 1.839959605116004565e-03
-4.829991623275971258e-03 -8.556499337876518826e-03
9.779456217862206313e-03 2.657957125860528017e-03
5.969382948863476146e-03 8.598777076410803188e-03
-1.499949505754215621e-03 -1.323877441529367534e-03
-7.230897590014244078e-03 6.595007205660941355e-03
8.812289209625002312e-03 -4.745899165165859759e-03
-4.915345368759285044e-03 -1.358866733369385946e-02
1.087438247959713342e-04 2.597653881264448873e-05
-7.090812653148197142e-03 -7.282691246753027724e-04
1.376738974217080538e-02 -2.872538892192292269e-03
1.048340922530486934e-02 4.619321488570978830e-03
6.071229548325316611e-03 -4.435106737333076830e-03
1.092738936466853715e-03 -1.302275553301949053e-03
1.373743768697916617e-02 -1.592264361323882625e-03
-9.385960388797067941e-03 5.896291001971726287e-03
-1.177629662991141503e-03 -5.752885221942597230e-03
-5.791650463057482733e-03 3.168483061934096890e-03
-6.222586361111292347e-03 -3.785421902311620138e-03
-3.519429787761454292e-03 -4.728783871336228288e-04
2.694407272178025461e-04 -1.655345719673340685e-04
-4.211983149780883749e-03 1.752626014290102488e-03
3.936443465643126027e-03 -7.336001147886262244e-03
-1.384180686118877037e-03 4.050232439934976216e-04
-1.453250814737130914e-02 -1.816234276348305254e-03
4.525888940825582851e-03 -1.815579603132392444e-03
6.373144905482521286e-03 4.694999894963967565e-03
-3.535331853273435371e-04 4.213244437151363497e-04
-1.272084017586500720e-02 -1.797282732373776948e-03
4.321525242991031482e-03 5.584301171515571559e-03
-9.561968568270264729e-03 -2.606004048235238159e-03
8.378112178854502882e-04 2.461145326574769050e-04
1.204931373930571200e-03 5.253631161789527881e-03
-5.995886391388730204e-03 -7.885723692647029874e-04
2.099996357954816853e-04 3.720217103427372082e-04
-5.646392607191462118e-03 5.640101996015299546e-03
6.766305485093080524e-03 3.915304596375302967e-03
4.424505360322768602e-03 9.195311431184278669e-03
4.153468096276613855e-03 -5.261055290834445661e-03
-1.307576241807157811e-03 4.693020049620017300e-04
-2.303769267316019796e-03 -9.700265314049929741e-03
1.282255900582297131e-02 1.203351244773434234e-04
-2.653726070473674120e-03 -1.410594689990386785e-02
-2.785061706166766689e-03 -1.814781334717645647e-03
3.962739428264473317e-05 -3.583708548728464479e-04
4.745563915710709901e-03 -5.216542167952352774e-04
1.368406390108486709e-03 -7.075836625553234491e-03
-1.377155691281441510e-03 2.107947390703256846e-03
-5.609287787657151435e-03 -5.294184593989652125e-03
1.966601166463327610e-03 3.412474154051292966e-03
5.889792910844397766e-03 -1.842464026259984025e-05
4.370157477454381101e-03 -1.252005286020218752e-02
-5.202668006834051256e-03 1.071189738611517429e-02
4.312185153355175410e-03 1.399634092194024584e-02
-1.123952279031694129e-03 -2.705407783395463901e-03
8.921831302835719901e-03 2.591028020639133626e-03
-8.315557724219015817e-03 -5.802714859026925596e-03
5.151848447078088630e-03 6.150484336890035299e-03
-4.724153681739170357e-04 1.496437008334817412e-03
-1.816505641051123802e-03 -4.799033819717388009e-04
4.515287563816526226e-03 1.308502279726460110e-03
3.321755835310548181e-03 2.417398820722508907e-04
-1.219444382566970807e-03 -6.636486675781619500e-03
5.038394722241170375e-03 -5.693380245767263800e-03
-7.304388671113938927e-03 3.726715194551713517e-03
-8.520384441014524149e-03 3.620158695047783707e-03
-1.153294438531938908e-02 -8.502422819710949223e-03
-6.128355544951149137e-04 -5.142300877491747489e-04
-3.240441490953008871e-04 1.164042692274615569e-03
9.348855569264119883e-03 5.037995588034366833e-03
1.396367463774463719e-02 3.427577951150701831e-03
-3.485901350398765142e-03 -6.580158947569962613e-03
1.208507756102192082e-03 4.266251322209159945e-04
3.583373299274807567e-03 -8.937669483598332035e-03
-8.523242265212784127e-04 -1.628970046650249403e-03
8.759873113040687539e-03 -2.505418736146709704e-03
5.952091826466910382e-04 1.935387823897806968e-03
5.186302922360760091e-03 -4.002781782400257823e-03
-9.045088136267519577e-03 -3.999860073444550836e-03
1.839895720363781675e-03 -4.526288075032956250e-03
-4.807016503864855982e-04 -5.494445005941225521e-03
-3.991382136976345113e-03 -9.994341582260125867e-04
1.313646479686824201e-02 5.738153563437237148e-05
-8.996583671309977062e-03 -1.074727789931532659e-02
-5.518968603123780917e-03 -1.115800096602140475e-02
4.735425557660677756e-03 5.794348866364098898e-04
6.492027088330455838e-03 3.619887330345427680e-03
-2.089522750440547718e-03 4.512637219564206992e-03
1.145155033051738994e-03 -3.542755982321779337e-03
-4.508773647000823351e-04 4.582216669036668147e-03
1.818565196840432260e-03 1.307881189653105174e-02
2.910505864893110986e-03 4.465585696236073349e-03
-2.447765835808838556e-03 -6.883926380565311316e-03
3.126269208151465778e-03 1.252573685721605681e-03
-2.260230241408534881e-03 -5.551698772071613115e-03
-1.768927214011631766e-03 -3.181335648988098917e-03
1.076964640456463170e-03 -7.973088934861684296e-03
3.398823298581292972e-03 -1.716974136386452496e-03
2.587850772674885926e-03 -4.393499497709336780e-04
1.096676121994492534e-02 9.332746023798006371e-03
1.972364873928132874e-03 -1.725595668054500948e-04
-3.427386296894494814e-03 -3.071729671025619224e-03
-2.884593210832118223e-03 1.104138581891337366e-03
-5.454434303140153796e-04 -3.394847782202298041e-03
-7.817229701984675441e-03 -1.729427589233651849e-03
1.139252419899819055e-02 6.491755723626957061e-03
-1.148940535941054414e-02 -4.353856277731490282e-03
2.225903535631098933e-03 4.348028685515603793e-03
-1.118651590527846044e-03 -4.267448724825461878e-03
7.971780752431497676e-05 -2.739734489172900283e-03
6.914676704171125732e-03 3.582910280315782653e-03
-8.706993997495415805e-03 -1.758054472299186519e-03
-2.346510024813410335e-04 -6.537881209038643761e-04
-3.092740770788205036e-03 -7.359854246158625476e-03
6.884261630021032766e-03 6.886177590610717721e-03
-8.586850527275639855e-03 2.454790830646954095e-03
-1.039229177235732188e-02 -3.172187213609702332e-03
-2.696466827967553687e-03 -1.094356279488847491e-02
-5.142173107988443591e-03 -5.228580660895614310e-03
6.898774638656859914e-03 8.269033104603489351e-03
5.777600473380680064e-03 -6.574331355354076992e-03
3.987965175695573974e-04 6.992207186401575882e-03
-3.546731498700883556e-03 2.637567301944695325e-05
9.046349423642652612e-03 9.287817941010833786e-03
6.005098711518997963e-04 3.733468824689513605e-04
-8.934955254593110116e-03 -1.004286187291238489e-02
-4.872269361810254752e-03 -7.417108012289013938e-03
4.872636262648957772e-04 9.220361932078192241e-03
-6.221197304234216303e-03 -9.854400240593242516e-03
5.913055220651819259e-03 6.332320108579007553e-03
8.699042964737998401e-03 4.101115884443380308e-03
9.627045597652943501e-03 9.840350250916549135e-03
-4.443520789049628869e-03 -1.705175356755165954e-03
-6.674852782689812483e-03 6.865773105005528940e-03
-2.103907989572500678e-03 -8.227154500276008531e-03
-2.538085020342210375e-03 -1.020110008533557829e-03
-5.101284426331237007e-03 -2.989936482014968200e-04
1.773972363502723977e-04 2.433316711925342934e-03
-2.582087065210652253e-03 -3.145683771085129154e-03
1.007720440439261811e-03 2.999499877300268111e-03
-2.491432631222129709e-03 3.244432833033547309e-04
1.013113732735208827e-02 1.032860379985307830e-02
-5.616775801454974501e-03 -4.974115961273345952e-03
2.319336083377066069e-03 -4.319800936657553110e-03
-4.592227257583396394e-03 -1.070672446711520148e-02
-1.214014400185414386e-02 -1.244750422468743345e-03
7.492163396856654778e-04 9.374895992828986835e-03
-1.472312545359635849e-03 7.510811924737799405e-03
3.556406837790528595e-03 8.955280029749731682e-04
1.150795776917837993e-02 -1.113287017270414396e-03
6.916273241000180875e-04 1.820481157429547575e-03
3.323943160603732346e-03 1.483712190784119500e-03
-1.129588216992623469e-03 -1.047731026838616582e-02
-8.612300162376247681e-03 -5.137926226906522342e-03
2.320597370750267490e-03 9.681569309082689459e-04
-5.190677572939972687e-04 1.518837164979047174e-04
6.171687090910078430e-03 -1.140001221279533274e-02
-5.161188536713943835e-03 2.261555413534639854e-03
4.658230324884698320e-03 1.389508511094141724e-02
8.665977546335693754e-03 8.185403665453654803e-03
3.479802393478809153e-03 8.312492420064691682e-04
1.255623164181868820e-03 -2.518143553700590617e-04
1.238804672559811262e-02 -2.006563810200442596e-03
-8.887967616017310168e-03 6.356348453440824331e-04
-1.334877952746587292e-03 9.685560651150715121e-04
3.300217831835352590e-03 -2.844039778630741942e-03
8.337686516158472269e-03 -4.491434465543590535e-03
1.920874815261298073e-03 -1.978064696640034151e-03
2.641991175593359081e-03 5.851347093489922633e-04
-3.542819867074112165e-03 4.533313069871071355e-03
-7.852019426721926904e-03 -9.101048963642758942e-04
5.152902254501375706e-03 -9.252437427810681486e-03
2.463667901323675097e-03 2.197803556276922438e-03
-7.548715012686285294e-03 2.151023397652286704e-03
9.657588441308845306e-03 -4.819853265225369256e-03
-5.917429871237615997e-03 -8.816264726003424784e-03
-1.247672131424450766e-03 -2.091247056774134944e-03
-1.137111396502822960e-02 7.950960142922337132e-03
1.028758734869199623e-02 -3.703788134198761003e-03
3.161984970807339094e-03 -3.612734566002865928e-03
-2.910968883852135900e-03 -2.442592916808865745e-03
-5.288357001773085625e-03 -3.654214036121721746e-03
1.191298101317119634e-02 2.708936688478914834e-04
9.731542541366993912e-03 -3.974554033542668577e-03
-9.111745294754745872e-05 -1.447134274961276498e-03
-2.925481892487963916e-03 -3.825448430801637809e-03
9.268004243869906733e-03 -8.867163996205318713e-03
-4.107150956609752733e-03 -2.728334843748416415e-03
1.990326495231707366e-03 7.740226123466155059e-03
-7.586953350090493500e-03 -3.559584085755346586e-03
-3.950030436359542457e-03 1.907160075040217071e-03
-2.621586689989421903e-03 -1.414424912205972627e-02
9.205322019730325170e-03 5.831341742091779821e-03
1.189396558444376362e-02 7.761029743277684211e-03
1.083989635295259588e-03 -6.270164788150784166e-03
-4.418534172908048993e-03 7.910534480225517653e-03
-1.184823923324309497e-02 -2.370490892587498108e-03
1.011363872500753956e-02 3.928253301542670647e-04
9.494113425130137895e-03 7.509614522115569922e-03
1.032834826084146670e-03 1.258273508434187620e-03
4.945425193455589043e-03 9.514565969798275975e-04
9.204349086695904486e-05 -2.598851283891996395e-03
5.437063470306852282e-03 1.265576314648175597e-02
4.241344416507690507e-03 1.034702844011567945e-02
-1.880321383060602671e-03 -2.426291717087226962e-03
-5.983097689085128956e-03 -2.670681943410545701e-03
4.421184517160258072e-03 -8.691554950940856214e-03
-3.301814368664275461e-03 -1.177786151535463628e-02
8.509910833508771422e-03 -1.185301301803569525e-02
-1.189754196661538602e-02 -2.934023713709072757e-03
8.679229267596960326e-03 4.280301311879463472e-03
9.808146985680072510e-03 -3.910275272573022695e-03
1.473110813773811489e-03 -1.998612777447701791e-04
1.418334961262919178e-02 4.721503337488540744e-03
1.135016675001707716e-03 -2.441666878890134604e-03
5.226728585057581304e-03 2.949798009719924521e-03
-8.903869681532144975e-03 5.321757669632470877e-03
1.799342288163086057e-03 -1.219316613056948108e-04
-2.233519318932795320e-03 7.328976153048146272e-03
-6.751792476456680916e-03 -2.532449082383211349e-03
-3.821808163877684315e-03 -7.579992240003458753e-03
-3.943803709936282570e-03 -3.700866425243053582e-03
1.215326795361289583e-02 8.696584274743136486e-03
3.198035982918362267e-03 8.559006086928994030e-04
7.647667480784482025e-05 1.142121496681594746e-02
-5.473242251921751379e-03 -5.767462115330078062e-03
-2.894268549923123719e-03 1.822349058957753627e-04
-3.706965382167419563e-04 -1.805105995634390353e-04
-4.129614998004359043e-03 -1.768128945598136355e-03
3.696954793616962203e-03 -8.450741106787337115e-03
2.251034328942099969e-04 -1.162505176093914239e-02
-6.339744237625067648e-03 5.546557504459955282e-04
-1.149066664678510602e-03 -9.641814145298453894e-04
-1.057107806558660323e-02 4.634744127461152413e-04
-2.976045913235386697e-03 -9.676939119489495408e-03
1.128378037420221802e-02 6.465779184814311915e-03
-4.442259501675067425e-03 3.582782510811797442e-03
3.491202038903973466e-03 5.018118006141106952e-03
-2.741059661298324811e-03 3.107924278339254612e-04
-4.358965311980492023e-03 -3.983958007930855742e-03
-1.203278923393661173e-02 4.850204454624382731e-03
-1.208044737141806060e-03 -2.449617911646981717e-03
2.399516909851890094e-04 -9.082528205261328419e-04
-2.435280731568098371e-04 5.735258850094744620e-03
7.026661661683568198e-03 -1.055206263686042124e-02
6.235838082373918942e-03 -1.196804512614297461e-04
8.175728326362078149e-03 -9.587881222330575312e-03
1.472647794814786141e-03 1.823131501682437317e-03
-9.119170005832264586e-03 6.511776900717908614e-03
7.898975413902368028e-04 -6.386396626745718605e-03
6.076865486286246384e-03 3.336795747657624652e-03
-6.528078100440117687e-03 -8.088522505040052213e-03
5.468404582376928426e-03 5.306510277332868002e-03
-2.377052868466589166e-03 8.122322307105559261e-03
-4.886574890496167556e-03 1.189091610598475186e-02
1.784829279527258040e-03 -1.504787175298467200e-03
-2.917769991071742647e-04 -1.023119573572868826e-02
-8.167777293604660746e-03 7.244819810186381957e-03
3.875150298381981398e-03 1.293526252130355143e-03
1.997016240613992168e-03 1.092068437556771273e-04
5.887605585551214035e-03 -1.260396948974468450e-03
1.801992632415295569e-03 -9.029521320210336967e-04
-5.340437848902117399e-04 7.920209819311979692e-04
1.016639007104893667e-02 7.486288327555815601e-03
-2.432917577717859815e-03 3.832872559847697903e-03
-4.400444782100599445e-03 4.466383964649677830e-03
7.076634893966158094e-03 8.679357037101625982e-03
-2.936546288457977938e-03 1.321626231483960480e-03
2.319671332832216361e-03 5.014142489762683612e-03
-4.468172155736058887e-03 -1.986941767315612839e-03
-5.000523285684974582e-04 -7.338252357932348660e-03
-1.870646043969596741e-03 -1.504388041091664525e-03
-8.578436475558406937e-03 -1.911263360922624971e-03
-6.743378424740808889e-03 -6.898503273953932730e-03
1.360455357354008958e-04 -4.732775213404252865e-04
-4.475660169533881086e-03 -1.666873134599306232e-03
4.543387543168770672e-03 8.120198866565276480e-03
1.588879633409150073e-03 1.529039407778094977e-03
-1.318669356815994377e-02 3.425071202097326739e-03
-2.142737115440398587e-03 -5.578329984108139523e-04
-2.799574714803955162e-03 -3.197636848711560027e-03
4.179380750335674570e-03 3.086689872925029669e-04
6.731052741396232990e-03 6.757620068672568273e-03
-5.062790549917566951e-04 -1.730225857649079092e-03
4.190780395760838883e-03 4.495537751427140967e-03
-4.197470141144485009e-03 3.135481528282194324e-03
1.391668699917269743e-03 -7.250918767104843482e-04
2.259017013097469606e-04 -4.314101113944970520e-03
-4.581290631117828152e-03 -4.496862923552674349e-03
8.047378284376344518e-03 1.125620729856054332e-02
3.633474301062634276e-03 -1.063186015482587904e-03
1.155805877096484358e-02 6.761196450844188938e-03
6.920903430604043258e-04 -2.025116219965180384e-04
-1.051878973850559063e-02 9.579930189573728633e-03
-1.218103268350998955e-02 -6.174337435161717652e-03
6.948414607703299987e-03 1.113787622460447706e-02
3.920463889152996030e-04 -3.385659747736449645e-03
-5.739136489064656545e-03 8.121550602032616417e-03
-1.472395132511399897e-02 1.784763263548063772e-03
8.935243971046858205e-03 -1.190393392044486812e-02
1.124316239071505852e-02 -2.500169592208549129e-03
-2.218354379059819901e-04 2.325709696611469920e-03
-5.629282666688248220e-03 9.950138626176378842e-03
1.233741435695063018e-02 -1.760113836631411284e-03
-1.186156261074969819e-02 -7.224280870842205229e-03
3.244234972459376833e-04 1.190293856196852559e-02
-9.774661109952986413e-04 -1.200767406369966130e-02
-9.405188787208095674e-03 3.801290882099914517e-03
6.432264254958373027e-03 9.766577016054911117e-03
2.811016113369175541e-03 9.371494233087949944e-04
1.018884973925263115e-02 -6.088742966719096553e-03
3.345405435811123381e-03 1.067426856192044138e-02
-1.006318058868674011e-03 8.203106646562674867e-03
-1.108385753194637662e-03 -9.130346761260161800e-03
-8.435934352219849608e-03 1.038179690154451135e-02
3.323888336929548600e-03 -1.269982821556502744e-02
-1.417011007472948614e-02 4.772409068325509339e-03
2.282286472125161138e-03 -8.193721746835023675e-03
3.902491105987056924e-03 -1.009428003625390154e-02
-2.108128529151568394e-03 7.121741366256612721e-03
1.152460603575770730e-02 9.868023620286925628e-04
-1.110980232209490479e-02 -7.486763499851068100e-03
-2.945917320547868350e-03 7.599978148380765429e-03
-3.176772556624341253e-03 1.314499792701190502e-03
-5.339258049853618784e-04 1.067469801016713432e-02
3.256502673596596564e-03 1.307411865446825305e-02
1.392082224222466330e-03 1.451453254315215706e-02
4.521584024002392455e-03 -2.926472402515534633e-03
1.014667837250801848e-02 1.086122141094062561e-03
7.602586734127703659e-03 1.929032041050223129e-03
9.619254754545230809e-03 1.051469307431800518e-02
-5.934382677378786941e-03 -7.855794295059228063e-03
-1.032955123142550655e-02 9.162987582677530399e-03
1.273601334278924753e-02 2.947046196016106165e-03
9.684504285430335646e-03 -1.136081763739037707e-02
-1.893952900842426224e-03 -8.662226155193155502e-03
9.525695929217753780e-03 -1.008363417525547610e-02
-5.696755586108093010e-03 1.102739283947765450e-02
6.326672496955258393e-03 -1.281931168043092158e-02
4.927532620889954126e-03 1.293847933239399700e-02
-3.478718772463950445e-03 2.488680086058156753e-03
1.946795870745708472e-03 -6.930309111692665482e-03
6.276114108993121124e-03 -1.122273157211071092e-02
-3.294040602891236316e-03 1.111067367857924634e-02
6.216328702260781776e-03 -1.350623696878225713e-02
1.108786515787277271e-02 6.859303224903654265e-04
