2.781900283888257865e-04 4.802354662882181435e-03
4.022260230086035018e-03 -4.326825931496810530e-03
3.276364733564240527e-03 4.185144457800479834e-03
5.408963490953246946e-03 5.844066559641797505e-03
7.560912926524265658e-03 9.346796013474240050e-03
1.052833730809272193e-02 2.698909692269277263e-03
-7.931609464741007018e-03 -9.527306613037677188e-03
9.421676151452940823e-03 -1.076159925369619789e-02
4.034267071644651384e-04 -1.323772060786775409e-02
3.276364733564240527e-03 4.185144457800479834e-03
-2.237143760171339535e-04 5.556073422657520008e-03
5.828164494128103279e-03 -7.228406666662193919e-04
-3.690392817736620409e-03 1.217665803292476354e-02
4.992540601535265347e-03 2.730171093888525413e-04
-5.546270314063210180e-03 -1.065874690586833540e-02
8.353460812168072430e-03 2.179378916014322598e-03
-1.527714235652099725e-03 1.198369398050229406e-03
5.822863805623683386e-03 8.392002747644585967e-04
4.588315625957195727e-03 6.199787070262895335e-03
-6.801222979334206609e-03 8.260954302341517314e-03
1.754877224336189988e-03 -2.245126444307388690e-04
-1.208970775061788587e-03 1.596367647206971838e-03
2.288330220762711809e-03 1.236339535891089331e-02
-3.470127054387803656e-03 9.065443398909305180e-05
2.279929084896773622e-05 8.373737528268134986e-03
5.107048133796041403e-03 -3.286040072655246023e-03
3.058078815556189954e-03 -3.177759266818300146e-03
-9.928625705355570777e-03 -9.636513456792674195e-03
2.214503890206505343e-03 1.611599213802857814e-04
1.132366330750069362e-03 -1.660646408175475838e-03
2.883667172912135479e-03 2.941846976962615538e-03
-1.266224541190354722e-03 3.375896238228231171e-03
-9.368797035898448599e-04 6.498126045247603743e-04
9.218238491537231183e-03 -7.407704037900826773e-03
-6.206684295597026529e-03 -8.471544726599328570e-03
4.559289608683036489e-03 3.434076042277569782e-03
-9.156769495717318255e-04 -5.598351161192944951e-03
5.306111143126745339e-03 -9.123879905873212917e-03
8.473269032933486086e-03 -2.941719207457950749e-03
7.951032756847112998e-06 -2.343061412143513777e-03
1.520689240813303308e-03 -2.901293544761130404e-03
1.103116775041673367e-02 -2.100794626360476085e-03
-1.384180686119447978e-03 4.050232439941779585e-04
4.720449530065824392e-03 1.219572152070845213e-03
-3.663218876301551057e-04 2.303434017862800685e-03
1.036015239187364038e-02 3.210489435764881608e-03
7.789001953126624758e-03 6.274667208241816417e-03
-1.165195433766983736e-02 3.929625950756176003e-03
3.559983219962149260e-03 -3.931478026593638285e-03
-3.444549649783322509e-03 -3.673564714304875054e-03
-8.371214953520370386e-03 1.059871502598175308e-02
8.122721441313502516e-03 6.032528191962083057e-03
-1.208172506647042007e-03 8.907318294199320294e-03
4.376256434373193907e-03 -6.771143154637332753e-03
9.910201065092969636e-03 3.746720545948276863e-03
9.307040849688860001e-03 4.154394134194664551e-03
6.934027382353137592e-03 5.426717632306906659e-03
1.035577774128727292e-02 7.265448183411439553e-04
7.000158219160245755e-03 -2.741857929713860907e-03
-6.621382878681943921e-04 -1.077762908872570858e-03
-8.293971661690066697e-04 -4.612168724228878081e-03
-1.177786151535463628e-02 3.301814368664275461e-03
-1.023957755407317247e-03 -7.647320479431654952e-03
-6.516678455016886723e-03 -3.901653740905874565e-03
-5.744535054977805560e-03 2.490043574343122051e-03
2.265530929913743639e-03 3.989657830642758321e-03
1.160610021696393233e-02 2.036771404399941206e-03
-2.657430222148598684e-03 2.077995335511508349e-03
-4.805005007134391382e-03 1.059210499104164564e-03
3.274512657725636364e-03 1.227711557550952709e-02
9.170660064497168640e-03 -4.706271770883785344e-03
-1.159377453362071819e-02 -1.895888199119717329e-03
1.234046829855861907e-02 6.948684568159179537e-04
2.925146643032813625e-03 -5.508494995618598913e-03
3.076503455818789794e-03 2.712033644026097187e-03
-1.260288403093841672e-02 1.173590261860494623e-03
1.208520533052092477e-02 -7.090684883643531486e-03
-3.131106877697649189e-03 -1.713525523719957623e-03
7.385032516557664406e-03 -1.051243524257788539e-02
-1.599816259873927497e-03 -7.738900951338799350e-03
8.206478649974125426e-04 -3.557205106199565984e-04
-3.792319127646431778e-03 -6.837273991445801807e-03
-4.032989376600195752e-04 1.880784402019628019e-03
9.270063799657854084e-03 3.731744518352853208e-03
-1.211621119312856001e-03 2.377388117920950159e-03
9.423081615957216040e-05 -1.356878975179447340e-03
1.020509142741502385e-03 1.117390303153283949e-03
6.569685340064891632e-03 -1.171875567338610466e-02
5.763885733159598845e-03 -6.462362223544999493e-04
-2.841389434377852418e-03 -4.081238302550120427e-03
-3.080079837990410893e-03 2.114972385542514266e-03
5.096446756785843329e-03 -1.619581897950323618e-04
-3.745666738525561812e-03 -5.492720699607066270e-03
-5.490070355355999507e-03 2.964646267811583275e-03
-8.579697762932969249e-03 -7.199221228489588800e-03
-1.163167762156977481e-02 1.727447743892885669e-03
-4.290902688888520097e-03 1.180331115045581483e-02
-6.831047265020610305e-03 -1.815707372636376788e-03
7.528310527080988093e-03 1.140809101505730651e-02
1.097126364003459670e-02 4.597544353749805773e-04
-4.812030001971826475e-03 -6.437136476055943350e-04
-6.286098505055054582e-04 -7.185043469308911510e-03
9.200516001580997215e-04 8.082295778616681303e-03
-7.609417391483739787e-03 -2.599378187603925295e-03
7.106714718663033684e-03 -3.957853699613085238e-03
-1.298060556399259491e-02 -7.098444844127029321e-04
1.237042035374968929e-02 -5.854060740518108111e-04
4.104835861813834960e-03 1.284329874088263081e-02
1.401679288462636015e-03 9.530755225703492484e-03
-6.321862326771263401e-04 -2.358037439740299189e-03
-9.605507594177747910e-03 -6.754570590213555652e-03
-7.978485741470843495e-04 8.729458038889232815e-03
-4.486261546542937712e-03 1.457208748259546322e-03
3.421750358934135764e-03 -4.700172813965761837e-03
-8.139421775241944407e-03 -8.657356014667404176e-03
-2.022593645219263048e-03 3.655012304536468543e-03
9.319494302535379776e-03 -7.061658866371875454e-03
-6.101852102429054011e-04 -1.295250558464513526e-03
7.985414618204900172e-03 1.217847845736687046e-03
8.342859435159015805e-03 5.303460798873175369e-03
1.423935849904826509e-03 -1.212033030471310752e-02
4.364601249940061774e-03 1.175586049292041448e-02
2.048171049825104652e-03 -7.419231452829294984e-03
-6.427876096850412195e-05 7.660444431171926645e-05
-6.343192850290882076e-03 -5.975274425832375474e-03
1.090248245897642090e-02 9.409350468109726681e-03
-2.157633432591447419e-04 3.213012010512645341e-03
-8.315685493724821187e-03 5.554221346820056859e-03
9.482250760746520693e-03 5.345738537407457996e-03
-2.972725070072876601e-03 8.209927262635639475e-03
-1.026869968946980162e-02 7.570588265615269853e-03
-1.287299525706524315e-03 -1.732876201901969049e-03
6.888301031151677911e-03 3.617878161489822969e-05
5.302406991449317569e-03 7.060062329542381859e-03
-1.979389868765567967e-03 -1.530364579904309238e-03
-6.647886321204039047e-04 -2.967424381572320805e-04
3.125167341662617344e-04 6.006024749438190757e-03
4.033659875511200199e-03 -1.399571673621725302e-04
8.949468263230300757e-03 1.142571738690630057e-02
9.608289199817664911e-05 -9.448850092888495464e-03
5.860766893572740867e-03 -2.784135668248144402e-03
1.231409262553803154e-02 -2.851863041883604712e-03
4.631519402410889941e-03 1.014410185822117770e-03
9.233086749628209924e-03 3.309094902512182881e-03
-2.368383277739542032e-04 -1.895760429616413214e-03
2.852916849307462512e-03 -3.088829139163365260e-03
6.128355544951149137e-04 5.142300877491747489e-04
-1.090168419056167411e-02 -2.098399821117377141e-03
-5.167526624969380478e-04 -9.963080180637670646e-03
1.118571880085669767e-04 -2.778036711328760004e-03
-1.466884087350552035e-03 -5.408165222538500148e-03
-3.475427742893583138e-03 1.652695375418628942e-03
-2.749010694057103538e-03 2.653853839976977585e-03
-2.243529907479522700e-03 -2.926870949366972008e-03
2.456642906486239571e-03 4.948794095671633225e-04
-1.703850184628952127e-03 4.053010553693211192e-03
-8.445169053579880750e-03 9.753415794297910085e-03
2.283157301760235791e-03 2.568500094493664666e-03
3.883101331138828511e-03 -1.049535160013158851e-03
-1.071852324674716674e-02 -3.250116830048097472e-03
7.882434500872592328e-03 -2.393162413931340486e-03
7.383978709133808341e-03 4.890486522123510538e-03
7.130375580593963526e-05 1.626319702398039673e-03
1.041117943157951822e-02 7.038987345026212483e-03
-9.734991154035310679e-03 -2.555376142735483417e-03
1.110684615681040155e-02 2.009469693462442690e-03
5.389612812772595976e-03 4.000259207651814947e-03
-6.401500423845809216e-03 1.120717592989050118e-02
-2.054270006744489483e-03 1.670321747265121094e-03
-8.987499120682661269e-03 3.554554761953065446e-03
4.167390316448181010e-03 9.501729208431834717e-03
2.490841842759229305e-03 1.305548570197129742e-02
6.272016863988246448e-03 -7.007981482412427646e-03
7.685223567380711565e-03 -4.647293698419919378e-03
1.953588576544176142e-04 1.034610240219626699e-02
-5.003940246960429661e-03 -4.459885873523491626e-03
-7.493441091901121252e-04 1.982040213019138370e-03
-5.050592636079938302e-03 -5.804439165361083980e-03
1.240382102160771279e-02 4.664249571357472271e-03
6.628407873519646595e-03 1.248055323542409702e-02
-3.135705415901191007e-04 9.396897015263206906e-03
-6.867226046636870293e-03 5.072593658514160109e-03
3.204262709341051431e-03 -4.752125891589690371e-03
5.741341981324527347e-04 -3.173384616231932250e-03
-4.847410515173119355e-03 1.355553803053979531e-02
-1.750502573748461202e-03 2.708457261855617970e-03
1.261693402061464866e-02 2.232258031560165057e-03
5.723332300958332286e-03 3.758120191373441610e-03
-5.792113482016508080e-03 5.191475841361304494e-03
1.341104679170417903e-03 -6.576582565399021960e-03
9.289286708329976385e-04 1.693248807618753403e-03
8.740059415899649464e-03 -2.326233308710626974e-03
6.982659616815696177e-03 -1.267763639941267388e-02
1.685297774861906290e-03 1.414132741310516030e-03
3.240441490947299462e-04 -1.164042692273935123e-03
-1.239242137618390936e-02 -4.773808072239755021e-04
-3.064177772475574785e-03 -2.571150438745873745e-03
-5.029645421069576031e-03 1.066126948061609826e-02
-1.081023148815897506e-02 8.682677880264135645e-03
-1.476687195944861647e-03 5.026867307312701295e-03
-3.917715227315511466e-04 -5.289283039692497211e-03
2.749808962471850769e-03 4.657096807015370654e-03
2.501443219768286364e-03 9.931403819112444645e-03
-3.384773308904489870e-03 5.122822429806432598e-03
2.121199111965202996e-03 -2.527946662292179097e-03
-8.967094635077933057e-03 -1.000455965075584472e-02
1.376255207262598416e-02 -3.333490730189502330e-03
2.838068591215342322e-03 -1.380562807957501359e-02
2.797387389509410540e-03 1.955664539998549535e-03
-8.637238719464428345e-04 -5.815838810784887403e-03
-2.795663083177754495e-03 1.309300548140745687e-03
1.065702259953417615e-02 -8.811235402202285960e-03
9.918152097849816315e-03 1.403659133804763953e-03
4.304728790942135425e-04 8.976897743673602909e-03
4.024910574339604988e-03 -5.107846402211007643e-03
-7.007310983502344770e-03 1.239586998884972466e-02
6.456774344633608304e-03 6.462202802642691250e-03
-5.258404946580875691e-03 -4.934488566990810968e-03
-5.129975194149673928e-03 6.269238750232733470e-03
2.240879563225952296e-03 3.707891420081169120e-03
-3.935852677178864299e-03 -6.043927837387247370e-03
-2.995652130426509126e-03 1.119312594021312779e-02
-1.744275847325772472e-03 -2.899569238426971587e-03
-3.611010259669387556e-03 1.029801173311661790e-04
-4.605527037897273746e-04 3.660312993042248025e-03
7.309194689275122850e-04 -7.871833123863535703e-03
-1.098451536129722329e-02 3.445347918198069306e-03
7.586490331130106395e-03 5.582576865181412308e-03
-3.196311676584203884e-03 2.409064479446176594e-03
-5.994625104014167892e-03 4.499385498302260408e-03
-8.674280236213678316e-04 1.036810342463048706e-02
-9.844581306299076198e-04 3.351244871541801153e-03
-1.095813968827663576e-02 6.992079416897591104e-03
-5.764684001573203327e-03 -6.664714424639209614e-03
-3.551106149287251452e-03 -2.457568944404290266e-03
6.824150039693986126e-04 -1.124415297992080150e-03
-1.288107405932724381e-02 -3.628764401021685945e-03
1.142214100473467990e-02 -4.122462233661688437e-03
2.894396319426998342e-03 -1.153917111174321969e-02
-4.157842746861839869e-03 2.777110673409348418e-03
-7.590992751221139513e-03 3.290414723240472471e-03
-6.014359090713112740e-04 3.672638676384321586e-03
2.350086406982310194e-03 1.710875179467748327e-03
-6.527152062521496267e-03 -1.213450806389514483e-02
-5.632677866969238584e-03 -2.879931369856379535e-04
-1.361014145241729208e-02 -3.848902394865838343e-03
8.137825238413592260e-03 -5.964545279318653193e-03
7.666543388109001156e-03 1.217678580242942919e-02
-1.313675198727113583e-03 -5.279607700601492148e-03
5.474296059344466864e-03 -9.635459649369959578e-03
6.675986300559709138e-03 9.779120968407056455e-03
-8.321656681138399347e-03 -1.155162456459109949e-02
7.297698925731082968e-03 3.904304085159444535e-03
1.009879046691656082e-02 -1.032397361025874302e-02
-1.619294707559243473e-03 1.774227902516840524e-03
2.975247644820639900e-03 2.365988472497146302e-03
-3.296641449664302649e-03 -1.982966250937189499e-03
2.864316494731484510e-03 1.098039624972633414e-03
-6.194486381758477177e-03 3.026274684526517305e-03
-9.986805509404689946e-03 -3.810999306916781296e-03
2.366914510415197431e-03 -7.021233203675055108e-03
4.300322488971557340e-03 1.183246493723213305e-02
-6.161883982313837854e-03 9.649796829445922951e-04
-2.330735728800298334e-03 1.329321725233761128e-04
1.083861865790594799e-03 5.086771417694837399e-03
-1.577016969024960195e-03 6.348365769293358527e-04
1.044362241013185606e-03 -5.911793933278618705e-03
-1.035357400832481560e-03 -1.183418924356629404e-02
-1.658922101842459336e-03 2.132598757390367309e-03
-1.670321747265121094e-03 -2.054270006744489483e-03
-8.478569721439266002e-03 4.503760148887486423e-03
7.397965396037714178e-04 -1.426088009486032107e-02
1.321836992968574223e-02 -1.440380644826658868e-03
1.440268933805995827e-02 -3.318514702592717351e-03
-1.829757362313750831e-03 3.425198971601310649e-03
-3.264039050221025084e-03 -4.044261252520255957e-03
-2.041816553896609685e-03 -9.545731253300278329e-03
1.233079295946761487e-02 -2.270352191796444832e-04
-2.940122670629599470e-03 6.148632261052572150e-03
1.673866478054766328e-04 -7.822530390489315644e-03
-2.484742885839844474e-03 -7.306575996407122658e-03
4.040557100844189078e-03 1.291990318519571114e-02
-1.770779289849884648e-03 4.910635468717766856e-03
-1.437858070078895569e-03 -2.642454194552955153e-03
-7.335698131785799159e-04 8.652853594577514240e-03
2.320006582286576920e-03 1.434808591618109801e-02
4.389380386131156581e-03 6.806906976352402293e-04
-1.050461197932570437e-03 1.628842277144442732e-04
8.560347084750957389e-03 5.355413876498463926e-03
-3.207711322009368198e-03 -1.777804284688461623e-03
1.883434746273197988e-03 -3.777215330541775374e-04
1.574366624772750682e-03 1.461838937860030331e-04
-3.427849315853520595e-03 -1.048736891598411620e-03
-6.151410374808085994e-03 9.197834005932502971e-03
-4.231796846922491681e-03 1.931811441726865881e-03
4.103239324985968753e-04 -1.778602553112296040e-04
-4.992540601537502273e-04 -2.730171094000050243e-05
6.254390492141754729e-03 -5.586823746263335291e-03
1.137641465353208051e-02 -9.513001084352335976e-03
1.931140942816564864e-03 -1.443609000591798176e-02
-8.103498532636156312e-03 7.168215365874663382e-03
6.432122977947177418e-03 6.180436392082245232e-03
-4.291700957304627785e-03 4.492360503462322109e-03
1.918687489968685066e-03 -3.220037005352583206e-03
-2.952320584467008242e-03 -5.349187150074634182e-03
-5.179150158018088618e-03 -5.651230276736285071e-03
2.820314449863043065e-03 -1.027534137578937912e-03
-4.119939658913924704e-03 -8.462252696018936898e-04
2.345711756397084180e-03 -7.730694379573496743e-04
7.572951419469594551e-04 -4.325101625162652147e-03
-1.302275553301949053e-03 -1.092738936466853715e-03
-2.628404204876942651e-03 4.843706363497052476e-03
-3.602260958496432755e-03 5.070869352181143173e-03
6.231335662283676857e-03 8.753311137162277794e-03
5.490996393275411093e-03 -7.010631826664856167e-03
7.621743074826953929e-03 2.740261392884148738e-03
2.804540153852652304e-03 -7.698347519138674239e-03
1.192576971547479672e-02 -1.611215905297950363e-03
1.479337540198431833e-03 -5.807887778026898408e-03
4.458161567190693265e-03 -8.268905335098363993e-03
5.336258398648997467e-03 1.271668040083492705e-02
-6.899050741185563766e-03 -1.325030422582948800e-02
1.626923115572483612e-03 -9.272966487673287711e-03
-6.851098583350474606e-03 -4.521791524176784274e-03
-4.853373280993787502e-03 2.335690454038414146e-03
-5.333300854912934735e-03 -1.565383044310608620e-03
1.235581367452844113e-03 1.894640977938253984e-03
-6.852831501261313907e-03 8.674349640363614167e-03
-7.037278165053794526e-03 1.759711788405977830e-03
-2.888941327690269355e-03 -7.630895340182069532e-03
-1.336484675993248293e-02 4.017820111283690017e-04
8.048314880758066295e-03 -1.079470911179844159e-02
-6.171312203822577717e-03 8.010571829159322116e-03
1.241525717555550662e-02 -7.052761718763153869e-04
-2.669811522520804743e-04 9.246897045709816590e-03
9.717549361896175159e-03 -1.031254408356417109e-02
8.427327607605146834e-03 -3.382729090201470976e-03
-9.484243893791411383e-04 1.258437513562497834e-02
-1.892783869851570860e-03 -6.831150335794511363e-03
5.263415462909880153e-03 -7.893384416642664630e-03
9.414149256869853641e-03 -9.075650590998777037e-03
-7.840527853591612237e-03 -9.812965439792349122e-04
-5.851669603152588085e-03 3.581590020724985152e-04
1.745874285277208664e-03 5.351924981374307430e-03
1.073944234646462097e-02 9.708095664419871471e-03
-1.027526891542904046e-02 9.800994489275755700e-04
-6.750271751990234367e-03 -1.134365585680851413e-02
9.769131829504252088e-03 -2.487356958935572036e-03
1.398067789253943467e-03 5.505359301797611675e-03
-1.150681437326020809e-02 -6.599446105933309999e-03
4.207827013220339675e-03 2.499662824500703106e-03
1.702865788365775243e-03 1.108211240170936009e-02
2.389905218397006537e-03 -4.942588670501584305e-03
-1.156976317109004171e-02 6.538265052250693925e-04
-9.475608890544542570e-03 5.530805260888288152e-03
-1.270820161751236820e-02 3.144762542378306495e-03
-4.947224803247525851e-03 -7.127497644244214399e-03
3.853691583570071841e-03 -1.274179507052167204e-02
2.506191187488540596e-04 7.232001280688988600e-03
-1.008482195888272051e-02 -7.812138081657662124e-03
4.014575867944746718e-03 1.048537064247843584e-02
9.601912610445175952e-03 -5.123800132190159395e-03
-2.410470901971767247e-04 1.015973104072988471e-02
9.659787171683476004e-03 -6.043107651684316572e-03
-4.956686515690112219e-03 1.118384050679327446e-02
1.389634025291751817e-03 -1.245662479572922331e-02
-1.905325250003320594e-03 -1.274039249487724651e-02
-3.196552489142351697e-03 4.753517383924031094e-03
-9.702601581798369831e-03 7.562348833794529067e-03
-3.185405667142730910e-03 1.030509383461128501e-03
-6.520094650709617849e-03 -6.045953547364120786e-03
