-1.002882770892507460e-03 -2.538548039302596180e-03
-6.181362430008945042e-04 1.047810853680360924e-03
1.047558596205268658e-02 -4.394553305131129392e-03
1.868458718676412793e-03 2.624157323797960241e-04
-9.912851409344038134e-03 -2.965700075234299626e-03
5.452167267406942026e-03 6.586896752010192903e-04
2.588776810594868669e-03 -4.485335508624887016e-03
-3.450776376207152687e-03 1.934461785979075610e-03
-1.285575219370082439e-04 1.532088886234385329e-04
1.329577264241949691e-03 5.934848763131034873e-04
-8.954896721239384572e-03 1.493259760369998988e-03
-1.182001148438561675e-02 -6.915730511594982664e-03
-1.368278620604611653e-03 -4.281099580294210269e-03
9.454150781391772174e-03 -1.465958049431139582e-03
1.322552269402011609e-03 -1.109439270396436620e-03
1.126363142760546110e-02 -2.688978814169160764e-03
-1.129715986496499175e-03 8.796259374612790507e-04
1.563765247762333600e-03 3.270265776643713380e-03
-1.657197795508300519e-03 5.397563845529443523e-03
4.095288292227494686e-03 5.644588590414470215e-04
-7.502701471095237114e-04 6.028025771872410829e-03
-2.894268549923694443e-03 1.822349058964555912e-04
-1.008311228901590841e-03 1.038042910797370294e-02
-1.798081000788523962e-03 5.409889528872658532e-03
4.387427536263477368e-05 1.348250996839855248e-02
-2.579771970414163756e-03 -1.326064766822002486e-02
-1.014186647386695200e-02 4.152414288852756055e-03
-4.060961586450058738e-03 6.392112275145616501e-04
4.795329668043385452e-03 -1.981114175099726784e-03
4.986313875111434736e-03 5.881043609672803422e-03
8.576249150265793930e-03 6.692910522100754822e-04
4.905334780214489279e-03 3.332820231279201312e-03
5.111422784381267417e-03 -8.020954552301479135e-04
1.340050871746560103e-03 8.826339199302375704e-03
-1.205962792591622548e-02 3.326465735352066369e-03
1.008806132040305885e-02 4.157044478448234520e-03
-3.648115079202337348e-03 1.103726670733725865e-02
7.509087618403641022e-03 -1.792652542779439931e-03
6.219936016859653992e-03 4.566442373026277819e-03
2.447893605319431437e-04 -4.473009825284612363e-04
8.997046690269001543e-03 8.724285119888118556e-03
7.651184052005024529e-04 4.688773168540597523e-03
-6.237690158211952815e-03 8.211651568969796991e-03
1.232823873333471591e-03 -8.625551883638874276e-03
-2.106223084370920356e-03 1.887809396858424436e-03
8.813502437942958775e-04 4.394681074636936496e-03
1.963615572756538530e-03 -5.140448801654285207e-03
-5.742810748644789492e-03 5.755008662483558288e-03
-7.512664000575262555e-03 6.619658572348052251e-03
6.524629487771886789e-04 1.558592328770087192e-04
-4.198268409558660215e-03 -4.175469118710834794e-03
8.074344745858691441e-03 1.423009811986774946e-03
1.604318679963819168e-03 -1.134090637081725406e-03
2.575525089332241641e-03 -5.802331550518373491e-04
4.490636197129306041e-03 1.026735869164190898e-03
4.099535173308055044e-03 1.440533968231216821e-02
2.380038462174520128e-03 4.306006485986593225e-04
-7.575090685706303839e-03 -1.395708101047916840e-03
-1.182467332536535180e-03 -6.213837059939128146e-03
-2.005765541786157236e-03 -5.077096078603831469e-03
4.925483726809887913e-03 1.248757823026153298e-02
-3.303666444501738176e-03 -3.685890397646948615e-03
7.516910881657184670e-03 7.221222250923808872e-03
-1.851630615243306330e-03 -8.994524115520097229e-03
3.230638382361639832e-03 -1.205394392890167489e-03
-1.457962355545177474e-02 -1.137794788759153609e-03
3.143688100050850151e-04 -2.085946368268355462e-03
1.268386312583536131e-02 1.374633116533107054e-03
3.458599639459335011e-03 7.079413007723032829e-03
-5.274307012097072256e-03 -2.483657427035644051e-04
-5.017191968223056256e-03 -5.547835199504413083e-04
-1.444311500075791919e-02 -3.634065089526105838e-03
1.107516979528517381e-02 2.477913619109567422e-05
3.234086995028815151e-03 5.324535783389344745e-03
-6.114305555275136202e-03 -1.736452584073590148e-03
4.789773440523269980e-04 2.229479917802148874e-03
-7.730694379573496743e-04 -2.345711756397084180e-03
1.322552269402011609e-03 -1.109439270396436620e-03
-6.348493538796661992e-03 -4.413233484402839801e-03
-1.547990951753303729e-03 3.400547604914880631e-03
-7.860305708935068358e-03 -7.900986910639637081e-03
9.287817941011513798e-03 -9.046349423642081888e-03
7.676474266209118089e-03 -9.615182933268753840e-03
7.192642844945987268e-04 1.065517052369671300e-02
-1.353446304602362246e-02 2.613619249570795638e-04
-3.843473936856754529e-03 6.911643051409927397e-04
1.279476262452981100e-03 -7.280998591801280187e-03
3.433948272778833627e-04 6.797646597158284263e-04
2.653853839976977585e-03 2.749010694057103538e-03
3.905102353573049884e-03 1.325172126262681195e-05
3.404922255501248961e-03 4.031935569177040948e-03
-9.421803920956245589e-04 2.211853545954296264e-03
-8.440666633490207654e-03 8.804242058748842914e-04
7.632344451836011422e-03 -3.838204899747044672e-04
-3.663218876301551057e-04 2.303434017862800685e-03
-3.284315766321087640e-03 -1.842083045656965623e-03
1.117390303153283949e-03 -1.020509142741502385e-03
2.748084656137691952e-03 1.392131718876295091e-03
6.555379811379547818e-03 7.589268444886981130e-03
7.900060872720444938e-03 -3.814320150079292260e-03
4.540992737926242452e-03 -1.381265307441381131e-02
-2.910841114348832435e-03 -1.379952912265563006e-02
3.557460645214387263e-03 -1.450739376172642363e-02
2.605636565423332003e-04 6.223512399031275524e-03
8.329607713896389209e-03 9.208563152446225253e-03
1.160466310103674698e-03 5.151050178664483281e-03
6.785320913819370067e-03 -3.574831478053128002e-03
2.932043868366944819e-03 7.551365356937924517e-03
-7.853951213005650085e-04 -2.486594961677307189e-03
6.162841671622900155e-04 7.044160264028687633e-03
-3.910403042078828932e-03 1.548789220166909078e-03
2.579899739917468088e-03 1.903711462373260544e-03
1.181126218321401980e-02 1.947841276746148202e-03
-5.034690570566244076e-03 -1.049056198964811067e-02
-1.852556653162718567e-03 -4.948538556666824337e-03
1.025452193028912259e-02 3.804996468121935038e-04
6.513229842348569089e-03 -2.628276435372277429e-03
4.395479343050540978e-03 6.429600403199413686e-03
-1.127065642244289663e-03 9.860546674594016479e-05
7.766458201289707730e-04 -2.481294273171527707e-03
-2.313907625367411531e-03 -8.599176210619428190e-03
2.762134645815065778e-03 4.797980012295594530e-03
1.317609219115031469e-02 -3.009893192377930890e-04
9.170660064497168640e-03 -4.706271770883785344e-03
2.964774037314887173e-03 -5.866865850490764374e-03
-1.183776562573791297e-02 5.862363430401092146e-03
-1.024883793326728182e-03 -3.601334920578382059e-03
2.746136462183461358e-04 9.629360692449431131e-03
-1.582317657530740111e-03 2.196877518358871743e-03
4.869283768103161011e-04 -1.135814943427254956e-04
1.162822900890281980e-02 -8.257377920169894914e-03
-1.108641001981689606e-03 5.988398377590337281e-03
7.952013950346876678e-03 -4.031807799672595602e-03
6.762393853465737542e-03 -5.916328004756409888e-04
-1.470460469522173134e-03 -5.811591929698882615e-04
1.045875785861843932e-02 4.337555078010531945e-03
-3.605709571164749955e-03 -1.459060824097008604e-03
-2.315376392693162776e-04 -3.457801371044588214e-03
-1.567341629933954482e-03 1.556740252924898073e-03
-1.878134057767418723e-03 -1.184319408375358136e-03
1.392888491300760256e-02 4.246900644022581425e-03
-9.773692510397972641e-03 -6.242990846716590415e-03
-1.656623414713178158e-04 1.108749547862838969e-02
3.076503455818789794e-03 2.712033644026097187e-03
5.067292970009522508e-03 8.429266988065044208e-03
-4.007156432985947009e-03 -7.670247539783926587e-03
2.042742591816021705e-03 5.499745694447004569e-03
1.575835392098063475e-04 2.612502139360745219e-03
7.184660160798512791e-04 3.344219876704365192e-03
-9.423081615957216040e-05 1.356878975179447340e-03
-7.282691246753027724e-04 7.090812653148197142e-03
-1.112089614648865141e-03 -5.415317986891752785e-04
-6.409323687099351997e-03 2.193301136187250210e-03
-2.064073115339941193e-03 1.210535427711768169e-02
1.289790216276148933e-02 -5.103343982119975392e-03
-7.590194482811179469e-04 1.060136537023576150e-03
-2.511246328363737641e-03 5.036287107401181233e-04
5.248729607491230652e-03 4.012584890996390846e-03
-1.890331971607329617e-03 -1.268213881950234524e-02
1.750821415543550585e-04 1.254828060905955819e-02
1.115959750285043864e-02 9.102932690862848911e-03
-1.074847530193687520e-02 -1.969842299179227693e-03
2.932969906286356839e-03 3.505379798084650757e-03
-1.078717665830089718e-02 -5.657457003161475706e-03
-1.405836847286380357e-02 -4.770619654336730880e-05
-7.222020519337414221e-03 2.059602346634742398e-04
2.107498451480935286e-05 5.108772440129058338e-03
-9.763793283686147267e-04 -1.034875274644983696e-02
-4.386730041878946634e-03 -1.461711168350579007e-03
-4.124442079003596065e-03 8.026766318821133839e-03
1.442232720664121800e-03 5.126398811978053263e-03
2.764657220571697417e-04 1.537389574742886646e-03
-7.780252651955031282e-03 -1.306777973392981521e-03
-1.019634212623864340e-02 -6.206013796686945388e-03
-9.688116041178178144e-05 2.137899445894786334e-03
-5.493518968023174825e-03 -3.565283908467929176e-03
1.371842225825423839e-02 5.897871713105689792e-03
-2.936418518952171267e-03 -1.003530997436302176e-02
5.041971104412790172e-03 -1.052038627533587699e-02
-1.253898857848281378e-03 3.516779443509815504e-03
4.165793779619828864e-03 -5.120172085554222652e-03
6.674389763726133089e-04 -4.842780325581066969e-04
7.387427321800763350e-03 1.142041669840052065e-02
-1.596536828351279025e-06 -1.462190129398605737e-02
-7.117316095672089442e-03 7.081935582471938009e-03
1.219693474902618785e-02 1.488214610874472391e-03
-1.150404613755103694e-02 5.620224414121358786e-03
4.721375567983875088e-03 -2.826413406783570212e-03
9.732340809783100732e-03 3.336396613450822411e-03
9.072852866165975055e-03 1.477613233864273883e-03
1.019726816415805412e-02 2.160028237833672062e-03
-4.886910139951889873e-03 2.556972679565196020e-03
-8.627978340272504740e-05 -9.861824369640664369e-04
-1.008196236348367358e-02 1.591865227115938503e-03
-4.392030730383365660e-03 1.003297730800987650e-04
-4.858682391093838322e-03 -1.988266939442968981e-03
-1.180743026203737254e-03 -2.948871971801192947e-03
1.321664562335158125e-02 -4.705345732965734648e-03
-8.692480988859586921e-03 -3.751989583064144554e-04
-7.593515325968903246e-03 -7.285501011892313306e-03
1.987340901522415514e-03 -8.126968322392047559e-04
-6.016498356943943485e-03 -7.920337588821648941e-03
-1.237744534858712352e-02 -1.117518072657949606e-03
-5.527845673800609906e-03 -4.768953995023938498e-03
-3.837247210432924785e-03 -4.916862195142957491e-03
-1.013921612961338203e-02 3.371393818138559376e-03
7.746053715682040680e-03 -1.125382831901115127e-02
4.610316648391415799e-03 7.262573951538680780e-03
-1.484638228702850858e-03 7.369928719457575529e-03
8.633502916395720955e-03 -1.110237538810041752e-03
3.983558873722231608e-03 -8.014440635476556204e-03
2.053471738329524111e-03 -8.981272394259972106e-03
-4.100588980730771396e-03 9.975820823878696429e-04
-2.397664834022372737e-03 9.905570875492924511e-04
-1.009109497316338071e-03 3.069478460981354268e-03
-8.726009426213407515e-04 5.732081602130411485e-04
-1.450183753420968696e-03 -2.783337399834539486e-03
-1.203542317052704556e-03 -1.132260950006932707e-02
-5.608824768698259227e-04 -7.317177373411174173e-04
6.842574679949078517e-03 -5.354360069075748442e-03
-6.579232909651231906e-03 -5.600842084550793423e-04
-2.398590871940423867e-03 5.036542646403707225e-03
1.407864518896386613e-02 -2.154472010319923893e-03
6.892675681736904793e-03 2.520123399039996773e-03
7.867330703772504319e-03 9.603911057349395763e-03
1.378879997613668279e-03 1.157017697435357715e-03
1.448459447087952195e-03 -4.816276883058971843e-04
-1.142744169323931663e-02 5.684503175089863219e-03
-7.819081777822138590e-03 6.362543528474035384e-03
-6.343192850290882076e-03 -5.975274425832375474e-03
-2.923166797690905129e-03 -1.394041232793721483e-02
-1.807756339879529892e-03 4.487985852877096095e-03
6.233315507625584485e-03 -1.069559618639353595e-02
1.062786881275785446e-03 -2.200102243422093901e-05
-9.860546674594016479e-05 -1.127065642244289663e-03
-1.937112130231284906e-03 -2.669755905491813693e-03
-4.349752991852461189e-04 -1.039061552517197824e-04
-5.916966852278590649e-03 -1.083925750543063282e-02
8.507595738710922034e-03 -1.738049120901941861e-03
5.450442961072783643e-03 -2.606275412938056923e-03
-4.840129981326573259e-03 -7.455410234444194081e-03
-4.505612224724949572e-03 -3.865986037315779014e-04
-1.746127923163235188e-03 5.192401879280716080e-03
-3.213012010512645341e-03 -2.157633432591447419e-04
1.294835598564195861e-04 -4.199194447476711778e-03
-7.079924085752406504e-04 4.888634446284905941e-03
-2.782539131418431799e-03 8.761134400414458817e-03
7.634068758170169805e-03 2.881144598164371746e-03
1.215995769899224114e-03 1.065564995027872778e-04
-2.022593645219263048e-03 3.655012304536468543e-03
-6.072953854658903403e-03 1.170141649193319738e-03
1.033815136943942031e-02 2.147702554489095729e-03
6.991153378978399611e-04 1.500412524713241186e-03
-9.866199020224527758e-03 -1.621146783396705537e-03
-3.039526405789144334e-03 -2.289384028185427293e-03
1.060494175240444224e-02 2.763188453237781696e-03
1.444841568926119590e-02 2.072024148096788740e-03
2.067585030782210370e-04 1.453297116632976463e-02
8.706658748040264212e-03 -7.575888954121050636e-03
6.579360679155896695e-03 -1.079685199739054309e-02
3.646263003364874633e-03 -2.945295589629572282e-03
3.529105126853030513e-03 1.394782063128504604e-03
2.787712050419765934e-03 1.033760864004128980e-03
-9.631084998783592116e-03 -2.990351441920729211e-03
2.603625068685847411e-03 6.231463431788122204e-03
-5.429240207054670392e-03 -3.641888352779648185e-03
-2.343061412143513777e-03 -7.951032756847112998e-06
-1.227963815025593167e-02 -7.301403077406007532e-03
-6.359893184221827173e-03 -8.600102248537477151e-03
-2.510448059948991277e-03 7.814579357732467230e-03
7.716899928905937567e-03 -2.662603141148571929e-03
-5.557797728991678392e-03 -3.488679464156209734e-03
1.223138922430692770e-02 -8.665051508416283035e-03
2.342263143728766980e-03 -7.302999614235501126e-03
-1.317379350402038581e-03 1.090433453481388405e-02
-3.504453760165239171e-03 -1.113015652566916053e-03
4.823429647396990788e-03 4.830582411740232986e-03
-5.512071377788202095e-04 1.901859386544447756e-04
2.398463102437119968e-03 6.320393559443056655e-03
-7.576814992040462222e-03 -4.660673189186992187e-03
1.355154668846649414e-03 -3.170734271978362280e-03
-1.029386213417761084e-03 5.271656667843502286e-03
-2.235578874722675587e-03 -5.269932361510486218e-03
3.352969177875959102e-03 4.249423218768983400e-03
-8.172024174686582862e-03 -6.596061013085479166e-03
-2.806264460186811121e-03 4.433382430999598459e-03
3.943803709936853294e-03 3.700866425242373137e-03
-6.699839398831392359e-03 -2.749936731975154668e-03
-4.657256227910610766e-04 -6.134582271376341073e-03
1.994238126856546708e-03 1.224716352031731889e-02
-8.807786789533969193e-03 -4.127092423256024586e-03
1.214855805357137851e-02 -3.121303769100835721e-03
2.792214470509437729e-03 -7.839230724418897248e-03
-5.504120345032230584e-03 -4.412020256090764050e-04
5.014669393474150208e-03 -1.002113221518098445e-02
-9.487679218755604507e-03 7.573238609868840690e-03
5.847515172310114272e-03 1.120966685324905048e-03
5.649378200898821922e-03 2.912820959689598616e-03
-3.510552717084623568e-03 -6.861925358131090377e-03
-6.724490765517822377e-03 -3.031703142535601119e-03
-6.217413442110747944e-03 6.009473362105146634e-03
-3.433150004358158196e-03 5.133040498297631628e-04
2.809681421468419697e-04 -7.335602013680139581e-03
-2.200102243422093901e-05 -1.062786881275785446e-03
1.797123311486920755e-04 -7.681647185209090900e-03
5.828834993040468617e-04 1.794504618616903080e-03
1.385678288878555708e-02 -4.690369705368949670e-03
1.024883793326728182e-03 3.601334920578382059e-03
-9.337918942797979183e-03 1.171865955527478555e-03
-1.486362535035867143e-03 4.104963631317138859e-03
-4.433510200502902357e-03 8.550671745659951459e-03
2.793012738924184092e-03 -5.282800774265485749e-04
-1.294283024554798364e-02 7.023755778422817106e-03
6.767694541971517458e-03 -2.153673741905176662e-03
-1.465159781016393218e-03 -2.143200134399424368e-03
-6.513229842348569089e-03 2.628276435372277429e-03
-6.568631532642175280e-03 -3.684166091313931246e-03
1.798879269203270976e-03 1.901061118119690358e-03
-5.212806364884082534e-03 1.181298648954681729e-02
8.726009426213407515e-04 -5.732081602130411485e-04
-8.092482195722482292e-04 4.542589274754595466e-03
7.776005770873110033e-03 -1.253410284987888090e-02
-2.933097675789661171e-03 7.851556407762113124e-03
7.322478061920817752e-03 -7.170865710126871594e-03
9.199558312265520774e-03 9.416375462948522665e-03
-7.405181463153063040e-03 1.357677243595555028e-03
-5.729559027382162897e-03 1.849906308910509271e-03
6.880349998393689784e-03 2.379240193759772897e-03
-1.450311522925414476e-03 8.573598806013585719e-03
-1.529438541984897435e-03 -2.066595690087704926e-03
-1.222873888005471948e-02 7.884031037700942740e-03
3.838971516767082735e-03 8.181827283282034138e-03
-5.319842291014731384e-04 1.339092949649119124e-02
-9.722602167911379573e-04 1.484906428267014980e-02
1.198832417010914364e-02 -4.952785437748744718e-03
-5.328910433974570759e-03 7.501423776037174744e-04
-3.451702414125203816e-03 5.980447344833489734e-03
2.682879857249776366e-03 5.514721722041287209e-03
1.900933348616386243e-03 9.558056936643494206e-03
4.170168430205054878e-03 -2.636227468129124542e-03
-1.326926919988379505e-03 -1.374505347027300383e-03
-3.160931163378828332e-04 -1.179018719869578654e-03
-7.553887931686829697e-03 -7.643871866764479633e-03
-1.363571885702199310e-02 -8.468324657437322628e-05
4.355979718273132219e-03 -4.568964947774041552e-03
-2.730586053794504132e-03 8.543646750821375785e-03
-5.002343710129575176e-03 1.016201542046234890e-02
-9.457567742672456576e-04 7.038859575522908585e-03
2.318410045457083325e-03 -2.738153778035995554e-04
-5.774550412949632644e-04 -1.471348176589320350e-02
-6.308993914019253232e-03 6.585331866570616303e-03
5.304131297783476820e-03 1.032502741768145764e-02
-2.604678876108562895e-03 9.171458332911913702e-03
7.880454655527743043e-04 1.705574490961968628e-03
-5.792113482016508080e-03 5.191475841361304494e-03
-2.346637794315134876e-03 4.819054996811764774e-03
-1.043848114251837676e-02 -6.539733284873822279e-03
-1.101488237638447625e-03 -3.665613681546885626e-03
8.302433772462194592e-03 -1.649118993247007409e-03
5.636254249140860116e-03 -4.539012892582973066e-03
-4.665238912058078738e-04 -1.344553291836868975e-02
-1.460785130431167204e-03 3.407444830256738501e-04
-1.100121569522566518e-02 8.205200954927473200e-04
-4.428209511999624780e-03 6.988630804230635228e-03
-4.157842746861839869e-03 2.777110673409348418e-03
1.522413547147462125e-03 3.636715433779455931e-04
-9.700792217761178629e-03 1.000523014966728935e-02
4.203696867567744029e-03 -8.743508028565464760e-03
5.547835199504413083e-04 -5.017191968223056256e-03
-7.588214637464264778e-03 -8.847541953320488956e-03
3.461377753216209312e-03 -5.058543668837928164e-03
5.795689864188128745e-03 -1.001848187092991595e-02
-5.271656667843502286e-03 -1.029386213417761084e-03
-8.323508756977003945e-03 -3.459653446882050495e-03
3.881377024805812009e-03 -4.314500248153595521e-03
-1.242317169978972291e-02 -6.508056923348595410e-03
-3.943803709936853294e-03 -3.700866425242373137e-03
1.015684250146123464e-02 -4.792551554286509849e-03
-6.492154857833759736e-03 7.737048875501336201e-03
-2.631852817543898528e-03 -1.686223812779957202e-03
3.387295883652254036e-03 5.453093305326353613e-03
-9.930605550697697848e-03 9.812393866760634603e-03
-7.528566066090097361e-03 1.130578139663644156e-02
5.563800567801539115e-04 9.604709325764144295e-03
-1.326064766822002486e-02 2.579771970414163756e-03
-3.161857201303464038e-03 -7.744201639844577531e-03
1.230844027990203073e-03 1.082335543991579802e-02
-3.610211991253279868e-03 7.413930764324657384e-03
7.757453361107204994e-03 -7.066959554876513921e-03
-2.182699759176833128e-03 -9.533405569957062453e-03
-1.412408434976357647e-03 4.950262863000981853e-03
-4.472211556866705767e-03 4.863057041680205785e-03
6.048430257476919598e-03 -1.280884426560189096e-02
1.537389574742886646e-03 -2.764657220571697417e-04
6.978029427220217712e-03 7.552291394857336103e-03
-7.599869821896037755e-03 9.679461694238399722e-03
-9.861824369640664369e-04 8.627978340272504740e-05
-4.168316354367592597e-03 -5.455743649578563559e-03
-1.114739958901074437e-03 2.394886720261634990e-04
-1.213450806389514483e-02 6.527152062521496267e-03
4.353329374019561382e-03 -3.787944477059845307e-03
-2.590501116927885171e-03 1.220370420484450345e-03
1.037209476669943625e-03 3.742218125858605068e-03
-4.448358458595022547e-03 -2.166127194751696003e-03
7.547788974766303852e-03 1.894962161201666200e-03
4.154394134194664551e-03 -9.307040849688860001e-03
9.048329268985350407e-03 -1.016108938254315502e-02
1.485436497116455774e-03 -5.897807246386639959e-05
-4.388582117716409783e-03 6.630259949357108877e-03
-4.280173542376159573e-03 -2.677706938249803121e-03
-2.514024442120611942e-03 1.264158538730108042e-02
-1.471514276944888185e-03 1.482176257173014808e-02
1.241627447445559258e-02 -6.551803429207926285e-03
-4.938863217577178430e-03 2.774460329157138472e-03
5.817563117117904338e-03 2.401241216193993836e-03
-1.838506663485344741e-03 -1.542690263247524247e-03
5.301480953531266874e-03 1.110604788839679793e-02
1.458933054592563040e-03 7.751226634683374382e-03
-1.513536476470061110e-03 -6.752718514376093370e-03
-1.530364579904309238e-03 1.979389868765567967e-03
7.265448183411439553e-04 -1.035577774128727292e-02
-5.870570002167051563e-03 1.321916819809934585e-02
-3.935852677178864299e-03 -6.043927837387247370e-03
-2.694407272172316052e-04 1.655345719666536774e-04
5.878265495915928687e-03 7.151642801449525390e-03
-3.710413994830074735e-03 -8.335036171905473024e-03
-1.349218530748819839e-02 -8.780294006317844804e-04
5.725056607292489802e-03 7.023085279512517390e-03
-2.511246328363737641e-03 5.036287107401181233e-04
-2.331661766719710354e-03 4.178917731376649222e-03
5.029517651566272132e-03 6.956667252306647509e-04
-6.521180875105415768e-03 4.971337847515792073e-03
0.000000000000000000e+00 0.000000000000000000e+00
1.234139433647803152e-02 -3.351117102037354939e-03
-2.773662060743533556e-03 2.372087429416531133e-03
1.113229579191157836e-02 9.602186751015238247e-03
9.873224015063325476e-03 3.324070930107606969e-03
3.029052798284533055e-03 -5.943470294803844707e-03
-5.355413876498463926e-03 8.560347084750957389e-03
-2.087670674602514279e-03 -3.579333898144161120e-03
-2.040220017068257972e-03 5.076170040685781641e-03
9.993032235828739132e-03 -1.797027193364666812e-03
1.566415592015904003e-03 2.489245305929516702e-03
7.386629053386017420e-03 4.109466051408171977e-03
-4.330402313667290615e-03 8.047457994812155443e-04
7.834983843338335155e-03 -1.104866635276128238e-02
9.693511683914631666e-03 1.100571811531669830e-02
-7.047736646197805960e-03 5.443290196730682894e-03
1.537389574742886646e-03 -2.764657220571697417e-04
2.617004559451777904e-03 -9.030575127631690693e-03
1.348860892531772090e-02 5.705035430199035043e-03
8.959271371825752034e-03 9.906848570537382312e-04
-2.623231285875608082e-03 1.463860162791564071e-02
4.462536217777061595e-03 -5.784960717674626773e-03
4.298853721646509092e-03 -1.414637256260068733e-02
7.047608876694502061e-03 5.913646009116080987e-03
-7.741232453812073658e-04 1.305721000830431348e-02
8.883465195927637073e-03 8.237356743078943361e-03
-1.589342652368175421e-03 4.939533716491125185e-04
-1.852556653162718567e-03 -4.948538556666824337e-03
-2.475865815162444326e-03 -1.369562296740526978e-02
-4.940811411524165253e-04 9.767593553478587376e-03
-5.491794661689015575e-03 -3.003188203288529624e-04
-5.388814544356050921e-04 3.310691439346681369e-04
-5.579926520930344677e-03 6.805469860416129592e-03
1.148629199619873725e-02 7.157869527874717759e-03
3.636715433779455931e-04 -1.522413547147462125e-03
2.904742157428305722e-03 8.050619417092815325e-03
-1.192749402180645277e-02 -1.653749182841344860e-03
-1.734856047235010072e-04 2.073620684926282334e-03
-7.077688701390015893e-03 6.723564727599772549e-03
-8.574397074427191068e-03 -8.761262169919124473e-03
-6.388919201493483205e-03 -1.136581327652302215e-02
-1.170748379746674658e-02 8.974119629916730775e-03
-4.969613541182993713e-03 -3.256215786967481870e-03
6.191836037504906340e-03 -2.245254213812321060e-03
-3.787018439141794177e-03 -8.399314932873977457e-03
-1.171578765118441202e-04 4.340077652758076235e-03
4.792679323791175505e-03 -1.200093704384388007e-03
-1.299120694100165153e-02 2.414237398446148972e-03
6.485002093491658987e-03 1.916963183634526682e-03
8.679229267596960326e-03 4.280301311879463472e-03
4.423707091908592529e-03 1.884360784191249118e-03
1.972109334918803296e-04 2.254131284488579325e-03
6.984383923148713980e-03 -9.412671311272236344e-03
1.167567966643707524e-02 3.981260186600469805e-04
3.906826659907208267e-03 3.278216809401702809e-03
-1.453760135592590012e-03 2.043668629734072401e-03
2.793811007340292214e-03 6.782670569566941546e-03
1.237996792333444836e-03 1.169343380778572940e-03
-1.675750205275564932e-03 1.086470714053066819e-02
-1.709023103630285829e-03 -5.741884710725377906e-03
4.024910574339604988e-03 -5.107846402211007643e-03
6.016498356943943485e-03 7.920337588821648941e-03
4.509188606896571104e-03 -4.440407425837033552e-03
2.650344252209404193e-06 -7.810204707153387774e-04
-7.405053693648616826e-03 -9.999258962252569743e-03
4.326825931496810530e-03 4.022260230086035018e-03
-1.408832052802233884e-04 1.232568334321514449e-05
8.946147420067789360e-03 -6.461148995218834318e-03
2.341879835215257902e-04 2.676780900329249653e-03
-1.856133035333197567e-03 -1.215325270995726899e-04
-5.264280015890862932e-04 -1.088498385663187219e-02
6.574858259064863576e-03 -1.923860408968658311e-03
5.171326894764545837e-03 -3.362644516966965466e-03
-5.435594702981804902e-03 1.332307435335106441e-02
1.352651201326563433e-02 2.081699487187794670e-03
3.170191542572944193e-04 -2.866966838983694456e-03
3.796693778232799240e-03 9.321218608869539027e-03
1.110365308315848423e-03 -2.723433289451261501e-03
2.290150645204106633e-04 -7.118114364086837106e-03
-1.028274967914717501e-02 4.164739972195971064e-03
-9.333544292212753168e-03 3.655810572952576665e-03
6.160031906476376440e-03 7.126991434763095372e-03
4.028359187005420283e-03 1.422083774067363143e-03
4.274074585456774308e-03 -3.071202767314371203e-03
4.330402313667290615e-03 -8.047457994812155443e-04
7.758475517142234337e-04 -9.792244920163877681e-03
-8.772534045838480815e-03 -6.969407895554431340e-03
-7.358401304529107317e-03 -8.654705670414975655e-03
5.476020365678625247e-03 -6.370494561230882931e-03
-7.994163919376493649e-03 -6.185737080585521942e-03
1.230045759576597723e-03 3.512404792922086717e-03
-3.103805166757648334e-03 -2.212779583873707850e-03
-1.872035100848033892e-03 4.564590297188815537e-03
2.864316494731484510e-03 1.098039624972633414e-03
8.420389917390146833e-03 1.321754000988406477e-03
-1.157349781752065390e-02 -4.098066405983008531e-03
-2.133397025805114540e-03 -8.969872748834806925e-03
-4.883333757780269208e-03 -2.270033350003415433e-03
-4.484409470705475430e-03 -6.634762369448141128e-03
-5.265557710923898663e-04 4.719523492148915795e-04
-4.050487978944306011e-03 8.872065550502471892e-03
-8.688106338273219459e-03 2.108745659117323198e-03
5.485567935266108053e-04 5.908345320608939747e-04
-3.620685598759033029e-03 -8.189235586632539424e-04
1.159735091579233886e-02 -2.931117830448894991e-03
-7.784978959664333800e-04 1.057326539087921624e-02
-4.311179404991084124e-03 1.400548935731932287e-02
-1.408832052804736331e-03 1.232568334323705080e-04
8.258303958089307367e-03 7.582243450049546037e-03
2.401241216193993836e-03 -5.817563117117904338e-03
-4.422110555080240382e-03 1.273754050979480912e-02
-5.209229982712461002e-03 6.985980459978207574e-03
9.178483327750709686e-03 4.307603022819463459e-03
-6.695464748245024030e-03 -2.659921145514170145e-04
2.468968589828312698e-03 6.357626148487475473e-04
8.197218270780009565e-04 3.690265048233316511e-03
7.704190937049214781e-04 3.126732227109920402e-03
-1.150829301863159730e-02 -8.220656409149360022e-03
5.289283039692497211e-03 -3.917715227315511466e-04
6.360946991644541790e-03 -6.802819516162558755e-03
-4.172818774457263957e-03 3.417247938844463102e-03
2.253205246570528196e-03 3.848774625362534445e-03
-3.876874604716139781e-03 -4.558491340269431140e-03
-1.098093897912560263e-02 -1.381658111370542147e-03
-1.201019742303799593e-03 -7.466937649379027210e-04
-8.681879611850530296e-03 -3.499280841165266793e-03
7.062681022410827007e-04 -8.153599534423981721e-03
-2.472417202496629898e-03 -7.165692791126899650e-03
-4.995190945788836184e-03 5.080033613253441376e-04
-3.390201766915153583e-04 1.804179957707908576e-03
-9.220314454988663352e-04 1.136661154493777068e-02
-1.245312375498079313e-02 -5.227782392480867513e-03
-5.512071377788202095e-04 1.901859386544447756e-04
-1.532088886238467621e-03 -1.285575219373507813e-03
-1.770779289849884648e-03 4.910635468717766856e-03
-1.005373461462676435e-02 -2.953374391890865609e-03
-1.437858070078895569e-03 -2.642454194552955153e-03
4.127092423256024586e-03 -8.807786789533969193e-03
1.664222790347097154e-03 -3.694639698818542525e-03
3.712266070667537450e-03 2.430650541977844893e-04
6.092304532840915263e-03 6.736657027978047024e-04
7.146342112945107232e-03 -4.316224554485251566e-03
1.274734361839026039e-02 -6.012921974772321085e-03
8.419591648974038278e-03 -5.989196646005084078e-03
1.171968171130551538e-02 2.523699781211617005e-03
1.725851207062031184e-03 -2.990223672416064855e-03
-4.323249549316758242e-04 -8.849266259659167595e-04
-7.362105456204032748e-03 7.529236565000398812e-03
5.785088487176788573e-04 -6.894399988068341395e-04
-9.103762610670933578e-04 -7.160392102621119734e-03
1.341902947584023035e-03 7.343680815946876037e-04
-1.163685054056974762e-02 -8.067447520524561114e-03
-1.137801119036179268e-02 -5.108900209634864575e-03
1.680124855861933261e-03 -8.380762523106930970e-03
6.358168877887667922e-03 5.335137160398402238e-03
-1.834930281313723859e-03 -6.369696292816136134e-03
1.901987156039102161e-03 -5.844864828056544302e-03
6.624160992439084503e-03 -1.360327587846622225e-03
-1.382325445142286620e-02 -1.416910855067390548e-03
5.961352205666736737e-04 -2.110597734956146370e-03
8.430065256479791005e-03 2.243657676982827032e-03
-1.883434746273197988e-03 3.777215330541775374e-04
9.113022989865055944e-04 3.114406543767846841e-03
2.153801511408480994e-03 -4.589241663875246423e-03
-5.306909411540350688e-03 1.812929258879502703e-03
5.568399106000734150e-03 3.645975812973569624e-04
-2.502497027192143730e-03 5.471517945588953019e-03
-1.144692014092142706e-03 1.519763202893891938e-03
4.387656079796997330e-03 -2.584274390503835984e-03
-8.341933397239603351e-03 -9.349446357726448262e-03
-1.095536157451976016e-02 -5.145877259663369022e-03
1.583115925944344809e-03 5.114073128634837387e-03
-2.060368963665015762e-03 -4.078587958297692773e-03
1.399156713715091508e-03 -1.045160509426790738e-03
-4.563664259270764842e-03 -5.918020659702448449e-03
2.850266505055252999e-03 -2.307808668448026700e-03
-2.235706644225979485e-03 6.087003844336277662e-03
-1.210972892770405263e-02 -4.548017732763677545e-03
5.842342253310140593e-03 -8.673928579092542168e-03
-5.213828520924173801e-04 1.026684761363233847e-02
5.089293992433951584e-04 9.492053869344207594e-04
7.254910109184284708e-04 5.047144023412763851e-03
1.276139360806649234e-02 -2.607073681351661405e-03
-7.569789997200523923e-03 -2.957749042477451646e-03
-1.272349052011857717e-02 -1.016262261659579835e-03
-1.055471298111331120e-02 -6.245641190968799494e-03
1.065437225527994958e-03 -8.030214931495596080e-04
-2.628404204876942651e-03 4.843706363497052476e-03
-7.880454655527743043e-04 -1.705574490961968628e-03
6.558157925136421686e-03 -4.548688231673978996e-03
-1.376520241687819238e-02 4.114511200904840890e-03
-1.014266474228055562e-02 -3.158536358140953508e-03
5.490996393275411093e-03 -7.010631826664856167e-03
-1.217838233925778134e-02 -6.955357905877057947e-03
5.707430235443495745e-03 8.444243015661830054e-03
-4.534638241997747919e-03 -3.152309631715762006e-03
-1.320339390209031641e-02 8.002433793915433163e-04
-3.840695823101240684e-03 -1.144679237142110992e-02
5.359660757580386910e-03 5.280533738520903735e-03
-3.329212197721305271e-04 7.553089663272082900e-03
9.184550633272448028e-04 -6.539605515369157490e-03
-1.157707419969113485e-02 7.289396235842437663e-04
-1.210628031503573412e-02 1.981912443514474015e-03
1.130670743455449226e-02 3.482580507235683021e-03
1.316111616355603378e-02 3.391479461959615721e-04
-5.415317986891752785e-04 1.112089614648865141e-03
-1.100651638373144510e-02 2.382561036922282993e-03
3.213938048436624237e-04 -3.830222215599571279e-04
-2.903049108828554886e-04 -4.667257138086434824e-03
-4.828452929430074141e-03 -1.297483655689273853e-02
-9.932996464333373327e-03 -6.675013824845119764e-03
8.607310275713637646e-03 9.085227773808136897e-03
-7.838878726495579485e-03 1.171601488532326117e-02
-6.369792763223273632e-03 2.678110794021298403e-03
3.082141328213234416e-03 -8.183533761308500395e-03
5.154003735553190288e-03 -1.185339154761772852e-02
-6.864705641852101442e-03 -6.506640999168629945e-03
1.249817556462404049e-02 -5.723308613903193773e-03
2.640367350695357537e-03 1.339495308106194819e-02
2.383544729641372088e-03 -5.051233276181144385e-03
1.183700258857360056e-02 5.590718564081781881e-03
2.538292123608829921e-03 -8.573689273499621177e-03
-1.307784573330825076e-03 -1.082368939289516351e-02
-7.382893660964602242e-03 3.377325309382566473e-03
8.892523419512240318e-03 5.083521813212947202e-03
6.925389875974552988e-03 3.610730889045707479e-05
-1.357977958736084068e-02 -9.931513842550583875e-04
5.732824958384199338e-03 3.164876189131454048e-03
1.018936248052851323e-02 -4.383938794071553721e-03
-6.299258803547463231e-03 8.189647374434677260e-03
-7.244971654952143958e-03 -9.241590993075660815e-03
6.930612618629057760e-03 1.160792358613689512e-02
-3.191429352434090559e-03 1.170966153150708976e-02
1.863634308519870105e-03 8.458954341747105740e-03
-1.093958868038739582e-02 3.902337112771301492e-03
4.972115706637118653e-03 -1.022895106279192966e-02
6.591911921581725640e-03 6.623451812518180160e-03
9.924849971509134769e-03 5.192673344952580469e-03
-5.057862865320043259e-04 1.013626289253399121e-02
-5.686855302219310550e-03 9.336219073628831099e-04
9.770929528302491410e-03 1.032019532365794322e-02
-1.916489656670304458e-03 6.013842361278610472e-03
1.336566857563039300e-02 -6.407654222824119006e-03
-1.269861916816088926e-02 3.105116224085478251e-03
-3.839223301915396444e-03 7.229503998380432984e-03
-4.418605259522972485e-03 3.523972745321327874e-03
7.773891777378125201e-03 -3.398963780473246866e-03
-3.335739065451684762e-03 1.039529988638984194e-02
1.513514717391361251e-03 8.018101581593868252e-03
6.214997616031338670e-03 1.249056811115499890e-02
5.421043427789353809e-03 6.857151764671690249e-03
8.186059976797766674e-03 -9.789228329555567376e-03
-1.000161844977999655e-02 -8.661282841113058725e-03
-7.316707226919854853e-03 -2.054189739199764435e-03
-5.391268507725110494e-03 -1.323629570965411534e-02
-1.238629395183189243e-02 -3.459158894158411313e-03
-1.054158495091201721e-02 9.396636524089714212e-03
-5.069342747273028298e-03 -5.003913254295321586e-04
-2.455423892681938766e-03 -6.077196167460841188e-03
