-1.341028017467184308e-02 -2.375791581091456564e-03
-9.704240830429495396e-03 3.475299973389136925e-03
5.903044632107024361e-03 -3.923526993835649290e-03
7.598017746058574606e-03 -1.587490576530713356e-03
-2.601102493938084112e-03 4.344452303344664007e-03
1.046856096721389059e-02 -6.097477451842030390e-03
-4.318076630325216186e-03 9.456290047627998775e-04
9.065443398909305180e-05 3.470127054387803656e-03
1.034265378952931025e-02 -6.725289033931428594e-03
-1.349853980342012030e-03 1.608693330550186847e-03
-1.274734361839026039e-02 6.012921974772321085e-03
-5.993571296590310959e-03 -1.090353626639913726e-02
5.452167267406942026e-03 6.586896752010192903e-04
-2.201379938455128276e-04 7.290673930889080131e-04
-7.537187597753382479e-04 -5.019044044059596315e-04
3.480728431398220739e-03 -3.214736316846803291e-03
-6.286865122080367504e-03 -3.708817457999220683e-03
3.366220899137444683e-03 3.443208651972948404e-04
1.037790653322479689e-02 -9.567604506229834480e-03
1.276404395231870229e-02 -3.388094152066999966e-03
1.041382977583194674e-02 6.257966874313375394e-03
3.506976334913002036e-03 1.168893138769970183e-02
-2.782539131418431799e-03 8.761134400414458817e-03
7.015134246754528395e-03 -3.381995195147615568e-03
1.038135514589355211e-03 -3.037674329946676074e-04
9.421676151452940823e-03 -1.076159925369619789e-02
-6.889227069071090365e-03 4.009806777238374663e-03
7.147140381359854029e-03 2.994726092507097107e-03
9.474810806014042578e-04 -3.773894487383831937e-03
8.052343723424473104e-03 3.602229307109890664e-04
3.191010988079566284e-03 -8.470235380180013776e-04
-1.377487775596919831e-02 3.192607524909279321e-03
3.036077793121969015e-03 -4.240546148094086025e-03
2.258505935074947221e-03 2.286733683931856890e-03
-6.435699360118798951e-03 -1.353430362513633346e-03
3.487625656732352367e-03 9.845124035709718405e-03
1.719624480639342454e-03 2.617802827866525135e-03
-8.946019650555616905e-04 -4.895787210627444057e-04
-3.272916120895923327e-03 2.344785718477672594e-03
7.730694379573496743e-04 2.345711756397084180e-03
5.353050722639841018e-04 4.495936885633943642e-03
-7.290673930889080131e-04 -2.201379938455128276e-04
-1.509289595389499885e-03 7.088162308894627173e-03
4.167390316448181010e-03 9.501729208431834717e-03
1.694174845538165206e-03 -4.974914229686270423e-03
7.862030015266722668e-03 1.116595199877893317e-02
9.631883267198338913e-03 1.030130208891307832e-02
-4.708922115137355313e-03 -8.389639593782969793e-03
4.503089649977185839e-03 -1.018931713140120744e-02
-3.663889375212727676e-03 4.366453325777524055e-03
1.078545235196788112e-02 2.392491915021039035e-03
1.494984066704157372e-03 1.221986180937845862e-02
2.780687055580969083e-03 -6.691632827067718007e-04
-7.044288033531991532e-03 1.197322037300905390e-02
-4.612040954724432734e-03 -1.052753903967911832e-02
3.628636631517021590e-03 -1.524137853481620725e-03
2.324636771887279992e-04 -5.881841878086845705e-04
-1.749704305334855853e-03 1.001940790884932840e-02
5.134318193344279517e-04 -7.923786201487464237e-03
2.795790852681058827e-03 -1.266623675398750870e-02
-3.909477004159417346e-03 -2.497196338686364248e-03
-4.416554327565349464e-03 -1.153837284332847289e-02
-1.165275260608480273e-02 -3.381324696238675442e-03
-5.564822723829113485e-03 -5.191603610865969283e-03
-7.408757845323542257e-03 6.184683273162805590e-03
9.637311725207420993e-03 -2.617675058363220803e-03
-2.544646996229489111e-04 -4.746026934671009837e-04
1.515388552308665707e-03 -1.339252603332955188e-03
9.380068911828957912e-03 9.045678924731780438e-03
-5.888994642429650102e-03 7.329375287254948079e-03
2.274408000588641447e-03 -2.399389140355170664e-03
3.489477732569814649e-03 1.753152918002031605e-03
1.455059753817875695e-02 -1.627916239227532834e-03
-1.253898857848281378e-03 3.516779443509815504e-03
9.101080615025385762e-03 -3.067626385142749670e-03
-1.973290911846183569e-03 4.218545125659865086e-03
9.614033007729711963e-04 1.098889001188245104e-02
2.135249101642576822e-03 8.779016311271203420e-04
-7.579465336291529853e-03 -3.879652718473014517e-03
7.941444224721589187e-04 7.454484196526143386e-03
6.693740441912007962e-03 -2.998972973589019222e-03
2.844167548140169631e-04 -8.056718374006272389e-04
-3.051979858638166013e-03 8.926668972381332154e-03
-2.417941550122435293e-03 3.192735294412583219e-03
-4.407805026393755987e-03 -6.570483608479637562e-03
-6.442724354956234044e-03 -3.056354509223392461e-03
9.643410682126806258e-03 3.131234647200953087e-03
1.307576241807728752e-03 -4.693020049626820669e-04
-1.348250996839855248e-02 4.387427536263477368e-05
4.937937179657766844e-03 1.271525229696134204e-03
7.413930764321231305e-04 3.610211991257361889e-04
-1.352504324594221326e-03 2.389713801265525624e-03
1.188614232119158259e-02 -1.252845050424423144e-03
-7.746724214592342131e-03 -7.414058533829322173e-03
1.028367571706522571e-02 -8.210725531050386272e-03
-7.038987345026212483e-03 1.041117943157951822e-02
-1.208044737142376784e-03 -2.449617911646301271e-03
-5.769314191167539477e-03 1.356521336962943775e-02
9.835320927118569242e-04 6.947406873126138385e-04
9.895225037497545548e-03 4.386857811383391981e-03
1.782178935273687854e-03 -7.237667045842701959e-04
-4.182749652554440967e-04 2.520921667454743571e-03
-3.042975018456101077e-03 -8.819314204462436538e-03
-7.353228385526632167e-03 1.140189594002251686e-03
-3.621611636678444181e-03 3.227062000190018733e-03
3.948306130027886413e-03 -5.172125163179512077e-03
-4.237895803840516055e-03 -3.817098263836166128e-03
-2.826413406783570212e-03 -4.721375567983875088e-03
4.320854744080729164e-03 -1.308358568132490102e-02
4.099535173308055044e-03 1.440533968231216821e-02
-2.650660766320054283e-04 2.649479189391751571e-03
8.245180006331126119e-03 1.304095977744702817e-04
-1.937910398646032137e-03 -9.980706552484163233e-03
1.084628250026806878e-02 -4.214042705568831967e-03
-2.613428177280157239e-03 4.203569098063079240e-03
-4.049561941024894425e-03 4.826079991649199867e-03
6.570483608479637562e-03 -4.407805026393755987e-03
-6.449749349794812320e-03 -4.759278655931790253e-03
-4.039758832430583729e-03 -5.608952538202001577e-03
7.959964983096215257e-04 -6.374869211815452569e-04
7.360923879274853133e-04 1.923062140553911080e-03
-3.303666444501738176e-03 -3.685890397646948615e-03
1.110365308315848423e-03 -2.723433289451261501e-03
3.521281863599487298e-03 -7.619092730574744850e-03
-7.251844805025177941e-03 -9.870701440315560876e-03
8.576249150270581116e-04 6.692910522071351259e-05
-2.935620250538566352e-03 -2.724359327369312196e-03
9.050755725613143093e-04 8.722433044050657142e-03
-5.215201170128542368e-03 -1.011986545143273020e-02
3.167636152522654378e-05 1.984690557271347883e-03
-5.645801818727201257e-03 -7.739826989258210069e-03
-3.528179088933618493e-03 -5.440767621981777713e-03
7.043234226108133732e-03 3.429701391692343768e-03
-8.772661815342927896e-03 4.387528310293693432e-03
1.836782357151186358e-03 -1.722274824891551533e-03
3.248136984706188543e-03 8.730384076808643534e-03
3.368871243389653762e-03 -4.366996055180437201e-04
-1.885159052605996132e-03 -2.887243555083756578e-03
-4.342600227505839100e-03 -1.069307361164462990e-02
3.702590731576531520e-03 -6.788386217977775139e-04
-5.032966264232085693e-03 -7.225596901509035754e-03
-1.547990951753303729e-03 3.400547604914880631e-03
-1.012558109983513390e-03 -3.460451715298158183e-03
-1.130763347247390298e-02 5.634050516175890047e-04
7.088162308894627173e-03 1.509289595389499885e-03
3.517705481427866199e-03 -2.792086701006133830e-03
-5.050592636079938302e-03 -5.804439165361083980e-03
2.107149122288971485e-03 -5.933794955712838777e-03
-5.155424829249709295e-03 -1.323478307321422978e-03
1.720550518558753824e-03 -1.428182730986747974e-03
1.124163040517123929e-02 -3.751765695444946210e-03
1.139046464320945216e-02 -6.107152790933036320e-03
-1.038933783004101791e-03 -7.007183213997680848e-03
4.978490611857891088e-03 -3.132831184030447115e-03
8.532247105397353787e-03 -1.456282710341494976e-03
9.342293593387773374e-04 1.312078661892176210e-04
6.189345114144995282e-04 6.263139793313348205e-03
7.258199300952313318e-03 -7.094261265815153018e-03
1.150790971012668985e-03 4.229146502668921712e-03
-5.284908389106129749e-03 2.875716140155288800e-03
3.557205106199565984e-04 8.206478649974125426e-04
-1.987340901522415514e-03 8.126968322392047559e-04
-1.194074574306908110e-02 2.251353170731705024e-03
2.797387389509410540e-03 1.955664539998549535e-03
-1.797154962870473049e-03 1.363903970018243757e-03
1.039182875339886812e-02 5.195179993036229057e-03
-6.668163037306166357e-03 -7.652461747038063512e-04
8.822762817123464647e-04 3.486955157825210715e-04
-2.245126444307388690e-04 -1.754877224336189988e-03
-7.506437274151431943e-03 1.011632072064101804e-03
5.834391220552151598e-03 -6.330867166947667067e-03
-2.881942866580479434e-03 3.231181111766790338e-04
-4.446634152262225054e-03 1.098837893386238329e-03
-3.294917143330144266e-03 1.281998837201886498e-03
-5.107814750819998639e-04 7.142765730774627148e-03
1.069307361164462990e-02 -4.342600227505839100e-03
-7.103936604906158948e-03 -8.180102976947874888e-03
6.032400422458779159e-03 3.234214764533261365e-03
8.276728598348481779e-04 1.347203636089802517e-03
7.933461540585540032e-04 1.435335495324327926e-04
-1.105862888224815738e-03 -6.149558298970623713e-03
1.277636963566191816e-02 -3.247210946786777824e-03
-8.983922738511038869e-03 -1.272451267615545573e-03
1.053111542184779733e-03 -9.439046984297831590e-04
1.217320942025780853e-02 -2.839537358540389703e-03
-3.510552717084623568e-03 -6.861925358131090377e-03
1.360404249549676536e-02 -1.900007310696973789e-03
1.618368669641192560e-03 2.271757656337574250e-03
1.140189594002251686e-03 7.353228385526632167e-03
-6.541329821702174425e-03 -4.183420151467681473e-03
-2.940920939036619484e-04 -1.162318385937930859e-04
8.608053281294323830e-03 -8.702954596365341383e-03
-2.877440446489446749e-03 -8.549873477245204662e-03
2.878366484408858769e-03 4.503887918391932636e-03
-8.627403959476337425e-03 6.859147244374215642e-03
3.680461939631717158e-04 9.615310702776359852e-04
8.499644705954075355e-03 6.050122912415719159e-04
1.044378183102415668e-02 4.977692343444287473e-03
3.653287998203670617e-03 -1.242371442918671284e-03
-5.398362113944189453e-03 -8.968148442500649409e-03
4.345378341262714703e-03 -1.444883064916331096e-03
-9.941334697209135499e-04 2.429341195546238716e-03
-6.743841443699834237e-03 -4.875510494526725559e-03
4.931551032343653961e-04 -5.721607994624173035e-03
1.035577774128727292e-02 7.265448183411439553e-04
-8.796259374612790507e-04 -1.129715986496499175e-03
1.661572446093526750e-03 -2.913619228104345413e-03
7.469332454617120393e-03 9.922654517940849433e-03
-6.175007934073160551e-03 -6.486854169329122136e-03
1.210695081394805306e-03 1.668597440933465050e-03
-2.606914260456375323e-04 5.133423806815489224e-03
1.075112564619000672e-03 1.188821828460025036e-04
3.596162001577047924e-03 -1.081977905774531706e-02
-4.251147525103141783e-03 8.800408973688375602e-05
3.108179817344016230e-03 4.696724201297445070e-03
-5.241704612652434668e-03 -2.309660744285489415e-03
6.271889094484942549e-03 4.348954723434335368e-03
-1.027135003372200983e-02 8.351608736330609281e-03
4.008082470905357728e-03 3.624261980930653694e-03
8.712757704959649477e-03 -1.826979248556876746e-03
-7.651822899521327180e-03 9.896949343830343040e-03
-6.216359634688032459e-03 -9.393448402594890140e-03
2.447893605319431437e-04 -4.473009825284612363e-04
3.800397929907724237e-03 -6.862723626545836307e-03
-5.158873441916884614e-03 -7.853408483600936296e-03
-1.050461197932570437e-03 1.628842277144442732e-04
2.414365167950814194e-03 1.634270735156028885e-03
-1.352478770693398002e-02 1.183265600951500553e-03
-9.910328834597633557e-03 7.610215659897345136e-03
1.910864226716502308e-03 -1.223391179905469056e-02
1.123885229141436716e-02 8.386190981116013049e-03
-1.777932054193125978e-03 1.456464752785498890e-02
-4.455383453433818530e-03 -3.869051341462597000e-03
5.178064699207958477e-04 -5.439841584063727017e-03
-3.680589709142310581e-03 1.741625503073563177e-03
-6.139882959879617783e-03 2.027766564220377741e-03
-1.150669648180324516e-02 6.401244884836697346e-03
7.634068758170169805e-03 2.881144598164371746e-03
1.139391325587504888e-03 4.227773853428316939e-05
-2.100124127450394076e-03 7.636719102421236569e-03
1.892184047444792332e-03 4.590167701794658009e-03
7.537187597753382479e-04 5.019044044059596315e-04
1.096516468311657319e-02 -5.289155270188051865e-03
9.778067160983200390e-03 8.726935464141688525e-03
6.015700088529196687e-03 6.093869418293007025e-04
1.588544383953428406e-03 -7.804904018641461300e-03
4.086538991054539452e-03 -4.403430375808529973e-03
-2.509394252525133043e-03 -7.588342406968930434e-03
-7.314527029163969338e-03 4.827804297983359118e-03
-6.665129384545625049e-04 -3.561707526296308077e-03
3.003475393678691450e-03 -2.179251146511018700e-03
1.208843005555981266e-03 9.760568558640009967e-03
8.576249150270581116e-04 6.692910522071351259e-05
-5.800862783189463315e-03 2.235866065113272828e-04
1.303693329220425093e-02 2.976301452244497700e-03
6.048845217382678007e-04 2.857291499892688526e-03
-4.494212579300926706e-03 3.800270160404420339e-03
-3.639238008527439106e-03 4.648219736339330964e-03
-1.960039190584917431e-03 3.134427720856734290e-04
3.136279796697621566e-03 1.150842078813740441e-02
4.993466639454676934e-03 -3.772968449464420351e-03
5.165227937846522330e-03 -9.111554222529997041e-03
-1.131638277364549645e-02 -4.404484183231246325e-03
8.129746436152298500e-03 7.735452338672984055e-03
7.339178395851761114e-03 -4.546037887421769917e-03
-4.569763216181061674e-04 -1.166693036526363428e-03
-3.623463712515906897e-03 1.131903311789770640e-02
-1.076038602538412258e-03 3.927103376007270823e-03
-2.582550084171038058e-03 -1.122690991659063648e-03
-4.496735154048690439e-03 -6.775645574728365005e-03
-1.940688512402906005e-03 2.157250124076797761e-03
6.824022270183174345e-03 1.127832259266176723e-04
3.406167135198666374e-04 1.281772133627815009e-02
-1.627564582111400496e-04 -1.240739740377933345e-02
-3.292139029573269531e-03 -1.085595783935907471e-02
5.012945087141135875e-03 -1.328609730332142025e-02
-7.458986616615813879e-03 9.667136010895185580e-03
8.854439178655981041e-03 5.471645715093399233e-03
-2.956024736143294130e-03 1.083475508533959970e-02
-2.256781628740788838e-03 9.782314042072193239e-04
-1.044234471508739825e-03 -5.445142272569506933e-03
5.001800980718011398e-04 -4.018683847914414353e-03
8.424892337479818194e-03 -7.551237587434619751e-03
1.240647136587015240e-03 3.883229100643759363e-04
7.466011611454610730e-03 -7.964211864184285450e-03
-5.878393265419232586e-03 4.205293404397238491e-03
3.667337987881044443e-03 2.163476850500628372e-03
5.605376156030380044e-03 7.872471971380272902e-04
-3.376822276147642757e-03 2.779761017662918388e-03
-8.209001224716227021e-03 -7.018710628926149928e-03
-1.447664343811924832e-02 2.473215470911375828e-03
-6.503554503258924049e-03 3.550180111366697984e-03
4.306676984900052740e-03 -5.132497768897437661e-03
1.176368375618511023e-03 4.649273543760952163e-04
-8.331013178439318836e-04 1.157177351118649639e-02
-3.323943160603161188e-03 -1.483712190784799729e-03
-5.777105803040738334e-04 8.000390645800544570e-03
1.406976811828896876e-02 4.234574960678004658e-03
-1.226724916412945746e-03 1.437446158920168901e-02
-1.504787175298467200e-03 -1.784829279527258040e-03
4.045985558853272893e-03 9.260379194115861412e-07
-1.215995769899224114e-03 -1.065564995027872778e-04
-3.195385638666153189e-03 -1.636921079408238397e-03
3.779322945392915318e-03 -1.197149606667489638e-02
-1.357677243595555028e-03 -7.405181463153063040e-03
-9.660111016056608171e-03 -5.756062469907416088e-03
-1.342710827810608860e-02 6.356316802050205640e-03
1.135256155526039555e-02 -2.483816847920433321e-03
9.139526432375732253e-04 2.333386073053868737e-03
8.730256307304198188e-03 8.108799221141936228e-03
-4.348826953931031469e-03 -5.085047111361821331e-03
1.982040213019138370e-03 7.493441091901121252e-04
8.048735689870222150e-04 -7.026533892179692709e-03
1.076345132953366104e-02 1.329705033745253590e-03
-2.792438358126840200e-04 1.060056710181921623e-02
-7.416581108577085905e-03 -2.829191520540443646e-03
-1.189581766028258852e-02 3.309413744288615747e-04
-5.991846990256151709e-03 -7.638571178260061476e-03
7.883360538790643024e-03 -6.439147972785754827e-03
-2.663529179069125397e-03 -3.670914370051304651e-03
1.549843027590766878e-03 -1.149251872262256786e-02
1.160782452329695014e-02 5.301736492540377876e-03
-1.290875907878145414e-03 3.094129827666642837e-03
-1.181669064121787949e-03 1.097113587053221611e-03
6.569685340064891632e-03 -1.171875567338610466e-02
-8.267979297178953274e-03 -8.504147126043967025e-03
3.653958497121043017e-04 1.742551540991614089e-03
3.810073268998730167e-03 -5.940819950550274738e-03
-9.994756542161536625e-03 -1.467937894773267520e-03
-8.232982092492575898e-03 1.136740981335137429e-02
2.390512069679130974e-03 8.663454971587930889e-03
1.843807351991124440e-03 -1.935067818201142639e-05
5.924310688892459043e-04 1.407334450045944971e-02
-7.017656821500493653e-04 -7.193920539979021915e-04
8.964540408930242975e-04 -7.602392396644943803e-03
1.361901852309355121e-02 -2.540144576130948760e-03
-1.302380934044492823e-02 4.475532400029217164e-03
-4.163143435367619785e-03 4.339151614838884091e-03
2.056122082583094080e-03 -9.762292864974169218e-03
3.652361960284259464e-03 2.803614115934602042e-03
5.667930610666086985e-03 -2.554322335311626051e-03
5.080672460775453002e-03 -6.832771571354768689e-03
-3.229712344443589137e-03 -2.840591165964247503e-03
-7.416708878081531252e-03 8.527744685307680692e-03
2.645104538805383675e-03 -2.218878540791731357e-03
-2.070970340674072822e-03 -9.545060754388396762e-04
-1.123447764082913941e-02 -5.902246363690916674e-03
-9.057078570156945618e-03 5.193200147694320562e-03
-1.026608099660887216e-03 -6.866300008717457840e-03
2.835418246963133243e-03 -1.302460760885967503e-02
-7.222020519337414221e-03 2.059602346634742398e-04
2.483944617423737219e-03 -4.374650586367895971e-06
1.440508414329963200e-03 1.861433723838977483e-03
-5.166824474674874476e-03 -5.510347071456061195e-03
-8.699505983702732290e-04 -2.078123105009369010e-04
5.908345320608939747e-04 -5.485567935266108053e-04
-1.306781138531337011e-02 2.349958637477644538e-03
1.714323792133562755e-03 4.179843769296060808e-03
-2.425764813374618051e-03 -5.821139499289525003e-03
5.917605699803057777e-04 -4.594542352379884023e-03
-7.177220206055366994e-03 9.642484644208755562e-03
-1.439710145916358068e-03 5.449516923154732947e-03
8.985616557434603774e-05 -3.840823592604545450e-03
1.407107746473080720e-03 -3.388221921571665622e-03
-1.293526252130355143e-03 3.875150298381981398e-03
3.917428036916264025e-03 1.541349265428502546e-04
9.315119651949010579e-03 -9.545603483795612673e-03
-3.759844497707599993e-03 2.458367212819256072e-03
-4.554116689683062810e-03 6.360819222139877001e-03
5.064068244956315343e-04 -9.626710348198364367e-03
6.305417531847632567e-03 -1.758325837002004417e-03
6.743362017067443953e-04 1.257558231999841500e-02
-4.693020049626820669e-04 -1.307576241807728752e-03
-7.691194754795431174e-03 -1.245855221298987695e-02
7.400008544151947046e-03 -1.115257250801164092e-02
6.605417510384820057e-04 -1.354413838511462839e-02
-1.782977203688434868e-03 -6.587183942408078585e-03
1.179561449279515912e-04 2.970872994235413886e-03
-6.436625398036849646e-03 2.692555196340781429e-03
-1.253898857848281378e-03 3.516779443509815504e-03
1.283614597654074950e-02 5.549176197324531129e-03
-7.998666339466385319e-03 2.687254507835001947e-03
9.278014832414702498e-03 1.388683106209338564e-03
-4.226496158406701652e-04 3.697705002964546059e-05
-2.483018579505686090e-03 -4.041610908268046878e-03
7.878985888205417010e-03 -8.923092590210852937e-03
-2.051619662487274968e-04 8.893012765493441094e-05
4.432584162584851661e-03 -4.504686186805537118e-03
-1.203797856060674111e-03 1.139126291162305751e-02
-1.419222668330659062e-02 1.667543633509608117e-03
1.451300863621451248e-04 1.382855513992864611e-02
-9.963878449052417444e-03 -6.794197984495410625e-03
-5.995838332324883186e-04 -4.419332441322224199e-03
-9.322815145697889438e-03 -1.082520751575325943e-02
5.027793345232112882e-03 -2.569298362908411897e-03
-1.550641296005513458e-03 4.181568075630219192e-03
2.106350853874224688e-03 -1.324474560270518658e-02
7.918485512984187527e-03 2.075472760763744182e-03
2.523572011705810768e-03 -3.627455054585340070e-04
8.039475310676106289e-04 -2.980548333326419816e-03
2.204828551116860304e-03 -7.607437546141345569e-04
-4.010732815157567674e-03 -2.843241510215315133e-03
3.929625950756176003e-03 1.165195433766983736e-02
-3.762367072455363292e-03 -8.117548522313529705e-03
-3.149659287463552927e-03 3.753617771282408925e-03
-1.238922830252856639e-03 2.876642178074699952e-03
-1.655473489174141919e-03 8.662528933668520170e-03
-8.290108089118980450e-03 1.790002198527230852e-03
6.149558298970623713e-03 -1.105862888224815738e-03
-2.804412384349348406e-03 -3.658588686708089642e-03
1.131028381672611292e-02 -1.344425522332928433e-03
1.326939696939161833e-02 2.388117264434671573e-03
1.217720076233382498e-03 3.371521587641863275e-03
1.237042035374968929e-02 -5.854060740518108111e-04
7.677144765118057781e-03 9.052703919570576421e-03
1.171703136705444862e-02 3.304720251925595542e-03
3.716768490757208811e-03 -8.629926534225241738e-03
4.646495430006314029e-03 3.742729203870024356e-04
-1.293567748120474231e-02 -2.630256280714404933e-03
-1.094463242801012098e-03 -1.962689534837126944e-03
1.057074281613145164e-02 -9.797417839166351963e-03
-5.034020071654802045e-03 8.177324863191001020e-03
5.834263451047486809e-03 5.026069038897954498e-03
5.892571024601271634e-03 -1.215638131682356127e-02
-5.051518673999350756e-03 -1.758453606507811087e-03
3.119835001776930655e-03 -1.383027944626280537e-02
-3.945655785774316443e-03 4.391104692465314964e-03
-2.213577852288454648e-03 -4.207145480234699905e-03
-7.978485741470843495e-04 8.729458038889232815e-03
7.390205435557638952e-03 -7.175399781604394761e-04
7.846255719257693231e-03 4.495138617220338292e-03
-8.581549838770432398e-03 8.927498892180988667e-04
2.682081588835029135e-03 -1.796228924951061463e-03
-1.206192661303772187e-03 -1.054158902935534853e-02
-4.244920798679312039e-03 -5.520022410547067125e-03
2.888967861417914961e-03 1.379806035533080082e-03
-7.261775683123934851e-03 1.192126729538376534e-02
3.329243849107580214e-03 -7.832875064587782599e-05
-1.967064185422352958e-03 -1.389481374624085795e-03
1.293752955704220373e-02 -5.461714836993283168e-03
1.461838937860030331e-04 -1.574366624772750682e-03
5.831740876298581629e-03 -5.549846696233470822e-03
-2.779761017662918388e-03 -3.376822276147642757e-03
1.776079978354302806e-03 -6.472676410148444845e-03
-2.418867588040485989e-03 7.238720853266997560e-03
7.625958304527391540e-04 -5.887142566592187820e-03
6.832132723830035281e-04 6.186535349001629630e-03
3.984357142136978405e-03 -7.034899884842077487e-04
6.345044926129706116e-03 -2.116696691874170744e-03
-5.872166538996544290e-03 -1.402733095885351933e-03
2.099996357945729288e-03 3.720217103424384129e-03
3.889200288059355224e-03 4.699374545549654149e-03
3.324869198521211884e-03 -2.562273368069615045e-03
-1.909012150877679352e-03 4.141940681348145643e-03
1.012558109981495690e-04 3.460451715289508852e-04
4.016033503662204407e-03 1.281200568787139917e-03
-1.038135514589311539e-02 3.037674329951681618e-03
1.778602553112296040e-04 4.103239324985968753e-04
-5.058671438341232063e-03 7.895558452630555002e-03
-1.137628688402877487e-02 -1.843935121494428772e-03
-6.220063786364318781e-03 6.790493832819343746e-03
-1.471514276944888185e-03 1.482176257173014808e-02
-1.863158030171775193e-03 -1.824456673807970915e-03
-1.057419142879862696e-02 3.267487662886839946e-03
-1.271911586953220971e-02 1.467682355764157384e-03
-6.101852102429054011e-04 -1.295250558464513526e-03
-5.322013208640438697e-03 1.381000273016023960e-02
-1.322274458027096651e-02 -1.043563972598439242e-03
-6.012123706358716603e-03 -5.436392971396550831e-03
-9.829349739698185762e-03 1.015843903829072824e-02
-1.295953057947642380e-02 4.398927955717496854e-03
-1.481860114946195132e-03 -4.768027957105886935e-03
7.862030015266722668e-03 1.116595199877893317e-02
7.995728804812427329e-04 -5.464492950750157035e-03
-3.334544537612217814e-03 1.640369692074052609e-03
-1.206320430809579075e-03 8.153471764916330605e-04
-1.259997814767665775e-03 -2.232130262054358386e-03
-5.544673777233497143e-03 3.963154388118864287e-03
-1.153569084768182613e-03 7.908810173893181597e-03
4.889560484202957504e-03 -3.337993150279174558e-03
-3.863878422462625056e-03 1.425027871785126618e-02
-7.158667796288322241e-03 4.175341349205028557e-03
-7.832875064587782599e-05 -3.329243849107580214e-03
7.916761206650028276e-03 -1.189492327375331598e-03
-2.562273368069615045e-03 -3.324869198521211884e-03
5.763885733159598845e-03 -6.462362223544999493e-04
4.000131438147368733e-03 5.967323393075528795e-03
-5.008314897545655675e-03 -6.943830490948588868e-03
7.639241677170143484e-03 1.267603986258181853e-02
-5.720681956706122340e-03 -4.539140662088780170e-03
6.237690158211952815e-03 -8.211651568969796991e-03
-7.696495443301211090e-03 -1.089651127156033954e-02
-4.423707091908592529e-03 -1.884360784191249118e-03
1.016134492155134489e-03 -1.366554314270453270e-03
2.618728865785936721e-03 -5.765610039492615781e-03
4.067858811784189933e-03 1.242064912504196178e-02
7.922860163569411807e-03 4.559417378188842726e-03
-1.367352582685200067e-03 -8.327085139147483162e-03
-5.181002233855551767e-03 2.440740840971403463e-03
6.433049015865228114e-03 2.134450833227830458e-03
-9.333033214193656429e-04 -4.177193425042490839e-03
-4.295149569971583661e-03 -2.037569672814688003e-03
4.628869058157319971e-03 1.795430656536314666e-03
-4.523238596573943629e-03 1.034559132417734329e-03
-2.913619228104345413e-03 -1.661572446093526750e-03
-7.819081777822138590e-03 6.362543528474035384e-03
2.048171049825104652e-03 -7.419231452829294984e-03
-4.842780325581066969e-04 -6.674389763726133089e-04
6.358903843520511204e-04 -1.382590479567507614e-02
-1.822349058964555912e-04 -2.894268549923694443e-03
-5.794636056764271813e-03 -5.384439893771481717e-03
-1.031707638492461096e-02 2.961069885639962176e-03
-2.335110379386666664e-03 -2.351012444900360890e-03
1.338326565413543601e-03 5.561374111161938166e-03
-3.408498637672869626e-03 7.950704603915707217e-04
2.359761746073316124e-03 2.632778855463310547e-03
-3.832074291432951540e-03 4.878033069274488424e-03
1.175148584233518846e-02 -6.848545867365158149e-03
2.775258597571885269e-03 1.224981386456952710e-02
-3.083656220162032426e-03 6.941978415111126587e-03
3.054502433384568855e-03 1.649246762750311741e-03
4.280971810790906371e-03 9.988657585242151360e-03
1.842210815161630412e-03 -1.464125197216670921e-02
-5.847355751415093603e-04 6.297466499090785021e-03
1.216921807818635917e-03 -3.939429059350485832e-03
-2.202178206863290334e-03 -2.027671610006233881e-05
6.694538710325613311e-03 4.311977673404690341e-03
4.379705047040150651e-03 -2.412129783603222076e-04
-2.710979836603381703e-03 -1.232641830888124568e-02
1.116847457352783748e-02 2.713885719864701784e-03
-2.925018873529509726e-03 -5.848441210228164967e-03
-8.972523093091318768e-04 2.914417496514524900e-04
3.196439446090010988e-03 -1.376600068529315948e-02
1.828831324394339028e-03 6.207865872519620267e-04
-1.094753831126757740e-02 3.867997534038739200e-03
6.374869211815452569e-04 7.959964983096215257e-04
-4.216820819325705835e-03 1.291674176292892644e-03
6.544906203873795958e-03 -6.435858781009295461e-04
1.630694352984408003e-03 2.412640861617797693e-03
-5.266483748843529475e-03 8.765509050999684831e-03
-1.554089908672688560e-03 -2.348362100649293259e-03
-7.143691768692678710e-03 3.535204083772415344e-03
-7.959038945184310904e-03 2.328883652962836052e-03
2.031342946390856958e-03 1.312876930312366353e-03
9.996608617998999774e-03 -6.624033222934418846e-03
-2.062891538411418604e-03 -1.465450369342933580e-02
-4.835883100243509695e-03 6.385470588826307886e-03
-9.546529521715025127e-03 -5.269134093095739421e-03
-4.132137572752694367e-03 -1.234404468073024147e-02
5.093924182038080464e-03 -1.073787392492781684e-02
1.017526714172383405e-02 1.097241356557886183e-03
1.701072070872296834e-03 8.084946122870251273e-03
-1.313802968230417482e-03 6.077328505245271732e-03
2.019017263048783831e-03 1.171993725030782453e-03
-9.412543541762129727e-04 -1.834132012898976845e-03
7.715047853067114395e-03 5.429367976557974290e-03
-3.839897554685133864e-03 -4.135841724427618930e-03
-1.180870795707041586e-03 8.408064234045570934e-03
9.809743522509567840e-03 1.071162602141167638e-02
-1.328874764757363020e-02 -4.231924616425795579e-03
-7.537187597753382479e-04 -5.019044044059596315e-04
4.271424241203204339e-03 -2.290182296600174090e-03
-4.135170061487169167e-05 -2.906594233265768004e-03
1.530236810399644015e-03 9.377546337080053598e-03
-4.322323511405778279e-03 -1.289525181850791936e-02
-4.648219736339330964e-03 -3.639238008527439106e-03
9.192533317433527074e-04 7.713451316243330642e-04
-1.695771382367658800e-03 -9.646987064298426923e-03
2.820314449863043065e-03 -1.027534137578937912e-03
-1.145618052011335500e-03 5.565748761749667387e-03
-7.528438296585652015e-03 -5.115480921168407552e-05
-2.166127194751696003e-03 4.448358458595022547e-03
2.293630909265988518e-03 1.080135441748157621e-02
4.065336237036426201e-03 1.844733389909175353e-03
-1.989991245775985483e-03 1.593717302953401652e-03
6.155785025395814347e-03 -6.713889388507624303e-03
2.678632976169214273e-03 -8.326159101229432466e-03
-1.087716059337968943e-02 9.540302795291192781e-03
1.179944757788990023e-03 -4.362078675191155726e-03
-3.033427448869759936e-03 3.459525677378747031e-03
5.105323827463244778e-03 -6.551005160793180356e-03
5.353050722639841018e-04 4.495936885633943642e-03
-2.380038462174520128e-03 -4.306006485986593225e-04
1.179813823145469884e-02 -5.503992575527566662e-03
1.210362997078352418e-02 -1.200891972799134587e-03
-4.722173836398841328e-03 -4.484537240211281667e-03
1.327852957907791091e-03 -2.671480211825972510e-03
-3.284443535824391538e-03 9.514853160189797390e-03
5.499745694447004569e-03 -2.042742591816021705e-03
7.247470154439951927e-03 7.386756822890463633e-03
-3.189957180655709351e-03 -1.455589822668339542e-02
1.223138922430692770e-02 -8.665051508416283035e-03
-2.509522022029578824e-03 3.768593798879193903e-03
-4.450210534432484828e-03 5.925843922955992098e-03
-5.195052223531783711e-03 -9.651074524492570840e-04
1.782306704779494308e-03 -1.208070291043125341e-02
-2.409990517365587746e-03 8.496738822690691169e-04
3.608934296210706411e-04 1.061554312941349887e-02
-1.094846434918562983e-02 7.913983092893154409e-03
6.395273697421977738e-03 -5.599149429606550300e-03
1.510087863804246682e-03 2.227883380977222589e-04
1.957388846331347028e-03 4.675776986285235751e-04
1.121605300056539856e-02 1.245345284787979789e-05
-9.648839140135890072e-03 9.787742500075346033e-03
3.352969177875959102e-03 4.249423218768983400e-03
6.126759008122797424e-03 -9.479600416494310747e-03
8.178378670613717372e-03 -1.036890169304523560e-02
1.179561449279515912e-04 2.970872994235413886e-03
-6.005098711518997963e-04 -3.733468824689513605e-04
-8.194951235038853629e-03 -3.612862335506849838e-03
4.991614563617213784e-03 4.319002668243267749e-03
-7.342754778022021755e-03 9.373043916991521951e-03
-9.026998745460070028e-03 -7.444010589020389791e-03
1.789203930113625936e-03 9.791574421252700194e-04
9.368797035898448599e-04 -6.498126045247603743e-04
-5.142300877491747489e-04 6.128355544951149137e-04
-4.148965676185580737e-03 -3.611936297587438685e-03
8.654577900910530308e-03 3.998534901319017454e-03
-7.289077394063933971e-03 1.242052135553751470e-02
1.019116920723867059e-02 -3.588881467730502262e-03
-6.307269607685093982e-03 9.850296954709692951e-03
-1.074489891976661456e-02 -6.796848328748981462e-03
7.721434000379379797e-04 6.391697315250357073e-03
4.919384769890721223e-03 6.738668524699861426e-03
2.901293544761130404e-03 1.520689240813303308e-03
8.922166552291440483e-03 1.192497144705868990e-02
6.705140087336030827e-03 1.187895790546979451e-03
5.851889822895340286e-03 3.604911302750002725e-03
-1.260349471892451348e-04 1.072912462375622336e-02
1.232204365829602140e-02 -5.194924454028478945e-03
-3.380270888814818075e-03 -3.750169158616594497e-03
5.917605699803057777e-04 -4.594542352379884023e-03
5.649378200898821922e-03 2.912820959689598616e-03
-1.386288184570608206e-02 -1.058540000193863330e-03
-5.884492222338617851e-03 -1.543616301166935833e-03
1.063569207601025753e-02 8.793864569362402905e-03
2.497068569183059916e-03 7.447459201687346535e-03
8.393886474864893643e-03 9.131958708134504943e-03
-1.016201542046234890e-02 -5.002343710129575176e-03
6.819647619596806883e-03 -2.371161391497119113e-03
2.291108334518224786e-03 2.254386823487899982e-04
2.556174411151591105e-03 -2.424040507041820124e-03
-1.507437519550676496e-03 -1.003808808811919263e-03
8.264530684513137979e-03 1.974216949765595589e-03
-7.061786635875179352e-03 2.037441903311384105e-03
2.256781628740788838e-03 -9.782314042072193239e-04
-2.200102243422093901e-05 -1.062786881275785446e-03
1.043238218559899150e-02 7.908235793096483890e-04
-1.125303005059640447e-02 -4.351030686896920074e-04
-1.307576241807728752e-03 4.693020049626820669e-04
7.716772159401272778e-03 8.694333064697050070e-03
1.233622141747076940e-03 -1.314601236645164062e-03
3.040452443708555920e-03 -1.756601530667846033e-03
-1.384180686119447978e-03 4.050232439941779585e-04
2.968350419486508705e-03 -1.069387188005937669e-02
-1.194949504424067457e-02 -2.716536064117129438e-03
6.695464748245024030e-03 2.659921145514170145e-04
-6.231463431788122204e-03 2.603625068685847411e-03
6.797646597158284263e-04 -3.433948272778833627e-04
-4.433510200502902357e-03 8.550671745659951459e-03
2.114174117127767902e-03 -4.230870809001937780e-03
2.209203201702086752e-03 1.723200862810963336e-03
1.972364873928132874e-03 -1.725595668054500948e-04
-8.419591648974038278e-03 5.989196646005084078e-03
2.614354215199568392e-03 -8.249554656916352133e-03
6.941180146695018899e-03 -4.227294426831458563e-03
-5.061512854878822895e-04 -1.308716206349652342e-02
-7.074112319219755252e-03 1.896558698030018347e-03
5.485695704769630310e-03 -5.448590885235320494e-03
-1.293037679270146387e-02 -4.192297222143722031e-03
-2.614896944603844380e-04 -2.177526840176860316e-03
-1.234921759973021602e-02 -5.662757691664753283e-03
5.779787798673293071e-03 -5.332359046641527503e-03
1.142967707759125770e-03 -4.784728291034328826e-03
1.163244423859188109e-03 -6.986906497897619160e-03
-5.490996393275411093e-03 7.010631826664856167e-03
-4.445708114342812600e-03 -2.947147665467034564e-03
-6.079180581082734014e-03 6.778168149477270185e-03
6.079851079993035465e-03 1.188971870336320326e-02
1.260923852687077578e-03 -1.813855296798914506e-03
-3.077429493738201381e-03 1.333951914827175705e-03
-3.813521881665686911e-03 -5.891102257267353745e-04
6.139882959879617783e-03 -2.027766564220377741e-03
-1.591066958702334021e-03 -2.771011716489963587e-03
4.068784849702239761e-03 8.374663566187545705e-03
8.083221816528366431e-04 -4.966037159013218143e-04
-2.290150645204106633e-04 7.118114364086837106e-03
-5.328910433974570759e-03 7.501423776037174744e-04
6.611835309094508603e-03 -1.501210793127987983e-03
7.450109545940916504e-03 -3.278089039897257029e-03
8.997046690269001543e-03 8.724285119888118556e-03
9.982430858818320749e-03 1.327054689493044511e-03
1.953588576544176142e-04 1.034610240219626699e-02
-4.220269431992881154e-03 -5.238255999986620240e-03
5.710208349201511061e-03 -3.693713660900491830e-03
-1.027661907083603134e-03 8.536621755982578066e-03
-6.336966123868193780e-03 -1.158330092611496547e-02
-5.635328211221448530e-03 4.930273337297010408e-04
4.170168430205054878e-03 -2.636227468129124542e-03
1.279837065809613997e-02 -2.184424065510991511e-03
6.582809291822852571e-03 -4.266921821113532978e-03
7.113132517377503128e-04 1.299823193584022721e-02
-6.268855441724887397e-04 -3.920078381168473972e-03
1.255623164181297879e-03 -2.518143553693787248e-04
-1.693376577123199833e-03 1.228586487668112230e-02
-2.939196632710187451e-03 2.102646702199299691e-03
3.667465757384348775e-03 -9.193459355346135509e-03
6.719190077013404219e-03 4.593744083966278674e-03
6.164119366667357956e-04 -4.312775941819437138e-03
-2.730586053794504132e-03 8.543646750821375785e-03
-4.304952678565894357e-03 8.397462857036514308e-03
6.254262722635947624e-03 5.770112459583648032e-03
8.674854617011734312e-03 1.796356694454365795e-03
5.371571481028072741e-04 -3.596034232072602144e-03
5.614253226706639177e-03 -5.601799773858759379e-03
4.443983808008655084e-03 -3.178174226720412165e-04
1.257385801366539893e-02 -3.939301289847181933e-03
-6.070303510407836639e-03 3.891211784793416339e-04
-1.047373388621522516e-02 -3.697417812576558275e-03
1.783903241607846454e-03 2.541198383554805693e-03
-1.097471225270177202e-02 -6.989684611654493028e-03
1.135814943415884007e-03 4.869283768102894948e-03
2.081571717683129447e-03 -2.169575807420012770e-03
-2.046318973987642370e-03 -6.727396648783928994e-04
-3.349520565207642336e-03 2.280506957509168160e-03
2.150225129238001343e-03 2.377643656920050072e-04
8.285988977542597641e-04 -2.698781922763470592e-03
-5.180076195937501071e-03 -1.605244717883011962e-03
5.459320031750184224e-03 -8.995322383936205785e-03
-1.779656360525924338e-03 1.129968243971705630e-02
-4.702280428807328709e-04 2.738409317046686022e-03
6.183885004748059661e-03 9.780719833119315074e-05
-5.676679911837680462e-03 -2.413566899537209279e-03
1.341104679170417903e-03 -6.576582565399021960e-03
-7.604914971392706668e-03 -1.147236977602581094e-02
2.092971363108293327e-03 2.017292956714625447e-03
-6.360946991644541790e-03 6.802819516162558755e-03
6.421649370441425558e-03 -2.052417930905666744e-03
-4.561939952936606459e-03 -2.653055571563372669e-03
1.452064548298769020e-02 -3.476417083598058039e-04
1.046233424079005998e-02 -4.894509515580795084e-04
-1.160530194854918554e-02 5.274179242592407467e-03
-3.506178066499397988e-03 -4.377980740705992267e-03
7.210620873913610798e-03 -4.392828998796971009e-03
-5.105994326372183603e-03 -1.211688169204615251e-02
-6.560393309488097777e-04 4.671146796691603466e-03
8.574524843931636414e-03 -2.595674035929000298e-03
9.572905194734471213e-03 8.815865591796622977e-03
-7.344351314851733925e-03 -5.248857376995676866e-03
-1.672844322014026275e-03 -1.263018574187591350e-02
1.041303150741834140e-02 -1.052983772680334169e-03
5.661831653746701720e-03 -8.303232040875799941e-03
-8.044392690667624690e-03 -2.703284342854503711e-03
-6.853846555869578042e-03 -1.018944490090451134e-02
5.308761487377812970e-03 -9.904900376587189720e-03
8.303232040870575821e-04 5.661831653744637399e-04
3.339717456613332941e-03 8.154525572342034151e-03
9.439973022211094883e-03 6.485129862996323775e-03
-1.378017844447383677e-02 4.754648466337454103e-03
1.980443676189425767e-03 -1.387255718479708799e-02
1.522413547147462125e-03 3.636715433779455931e-04
8.670479966425365115e-03 -6.875879229693718578e-04
8.719910469302892542e-03 -1.148099130769410052e-02
-4.009008508824769314e-03 4.217235779226191986e-04
-1.324276575736169992e-03 -2.155525817742639377e-03
-6.433049015865228114e-03 -2.134450833227830458e-03
-9.358258961671287249e-04 -1.475310916017527618e-02
-3.096780171920212807e-03 -5.098554371639487347e-04
5.436392971396550831e-03 -6.012123706358716603e-03
1.302818282711666002e-04 3.111756199515637762e-03
7.458858847112510848e-03 1.689800194951577867e-03
2.061295001583066892e-03 3.260239944327756462e-05
1.102414275557859428e-03 -3.803718773063869416e-04
-1.084787903710006385e-03 -1.040785858841564724e-03
-2.962123693063819976e-03 5.085845379776786704e-03
1.156567455426711286e-02 -4.915808387720242006e-03
-5.581650827263362480e-03 3.540504772275692054e-03
-7.254622918780691786e-03 2.267255236246541565e-03
9.800834800446816056e-04 -5.835189488966899263e-03
5.647653894564663539e-03 -3.521441284494775982e-04
1.186679164300957073e-02 -3.096652402415548018e-03
-9.439973022211094883e-03 -6.485129862996323775e-03
-1.820082023222744684e-03 4.347102647596873086e-03
6.125832970204745861e-03 -5.433614857639896406e-03
1.403809175676374275e-02 2.249884403406656776e-03
-3.009702120101380614e-03 7.787277646793608690e-03
3.036077793121969015e-03 -4.240546148094086025e-03
4.939533716491125185e-04 1.589342652368175421e-03
-3.701664693658480391e-03 -3.367146937056637260e-03
-4.800630356549165367e-03 3.543155116529262023e-03
-3.537854428024624423e-03 -6.362671297977339283e-03
-8.645030331325331482e-03 8.280304980523527439e-03
3.445475687701373205e-03 -3.724208445495397202e-04
7.405181463153063040e-03 -1.357677243595555028e-03
1.459859092513116508e-03 3.705241075828741033e-03
-2.122795648794696156e-03 -1.209395463169251825e-02
3.517705481427866199e-03 -2.792086701006133830e-03
1.452834097673178209e-03 2.002316929119200492e-03
-1.220926043236940373e-02 -1.629097816154695400e-03
2.379112424255108108e-03 4.476586207451931781e-03
2.501570989272732144e-03 -1.425532386735680343e-03
4.886782370446082768e-03 8.799963526281786436e-03
7.741423526087703663e-03 8.976099475257497823e-03
-3.831020484010236055e-03 -1.052488869542554661e-02
-7.326724943002739000e-03 -6.670015113144989530e-03
-2.597526111766462580e-03 -4.825537262239483136e-04
9.798471646589068315e-03 -4.832178948568584265e-03
7.070663706546870741e-04 -8.426488874302726995e-04
1.762029988676929414e-03 -9.878524703567743634e-03
-9.061293799840302275e-04 6.680488720649381366e-03
7.834728304329225887e-03 1.166520605893246396e-02
-6.563330844136395364e-03 -5.246207032743466919e-03
-3.722867447676594076e-03 2.881016828661067848e-03
2.518271323202534058e-03 1.199295435970782874e-03
-1.521487509228050539e-03 -4.409657102231218269e-03
1.629896084569660772e-03 -4.898309785374551847e-03
6.454379539383923699e-04 -1.547064913833892143e-03
1.038665583439775386e-02 -4.599715271379855967e-03
7.769779044450420870e-03 -6.926076349596290045e-03
-4.622770101237934706e-03 3.953479049027859224e-03
5.835061719462233606e-03 1.233701968589030404e-02
7.818954008318834692e-03 4.994392677372728497e-03
-1.310213809109080606e-02 1.146288550921636951e-03
-1.535537498904281616e-03 -7.815505395651879683e-03
2.154599779823227357e-03 2.721708983117103117e-03
5.869516194744335211e-03 2.183753566600690928e-03
-4.863184811183510550e-03 6.884724648980058113e-03
-5.939095644216116354e-03 -5.451081808596548207e-04
-2.341879835215257902e-04 -2.676780900329249653e-03
6.655039085548203684e-03 -6.686587677568765764e-03
-9.797545608669657596e-03 7.861933897153122394e-04
-2.636355237633789764e-03 7.186767775640566687e-03
8.842241264817212246e-03 -6.026173696034948547e-03
8.267468219154364834e-04 5.393189194943075193e-03
-3.090681215000827976e-03 5.239054268400225589e-03
-3.622409905093190979e-03 -4.083888646802330373e-03
-4.341003690677488688e-03 3.928827682341429206e-03
3.750711888031099065e-04 2.664455216987176092e-03
-1.013206336527013897e-02 -6.282618240998664831e-03
1.045530924595262402e-02 -2.192375098267839058e-03
9.446327518139589416e-03 -1.047983284313324867e-02
4.918586501475755851e-03 -5.722821222949900193e-04
-1.254824895767692964e-03 7.562765002363087963e-03
9.638237763126833446e-03 -6.663660617216494997e-03
-9.501729208431834717e-03 4.167390316448181010e-03
-2.253109128454860999e-04 -9.065827871328539095e-03
-7.007310983502344770e-03 1.239586998884972466e-02
5.884619991844424088e-03 -9.813319904680047057e-03
0.000000000000000000e+00 0.000000000000000000e+00
7.283648936054851024e-03 4.984557917387844213e-04
6.977358928311278019e-03 -1.111559545798199503e-02
2.745434311885482440e-03 2.173152189591633868e-03
-1.295422989097314709e-02 2.836887014288180624e-03
-2.122923418299361813e-03 -7.370184258468971163e-04
3.354437945198942596e-04 3.022826071860702877e-03
8.177324863191001020e-03 5.034020071654802045e-03
1.005533115144716973e-03 1.757527568587257619e-03
-2.308606936862773497e-03 -1.016121715204760211e-02
-1.017434110380578335e-02 -5.143226915412300523e-03
1.467937894773267520e-03 -9.994756542161536625e-03
-4.930273337307953261e-05 -5.635328211233961090e-04
4.152669827861867058e-03 -1.257200593782679607e-02
5.993699066096117196e-03 -4.533999394478456339e-04
-6.744639712113438719e-03 -1.218646114152043512e-02
1.058559107422243038e-02 9.193811012466563889e-04
1.488342380370705556e-04 -2.355387095486729220e-03
-1.901859386544447756e-04 -5.512071377788202095e-04
3.980780759965357740e-03 4.123516041084403921e-03
-3.274640427230081710e-03 -9.201793696614036198e-04
4.222919776245091100e-03 4.457235529271281679e-03
8.240805355744758656e-03 -2.353535019649266070e-03
-5.666206304333070050e-03 5.819287423452062721e-03
-3.200686327170571780e-03 -7.488013797756084243e-05
-8.659080321001563427e-03 4.874456687102868627e-03
1.002470859735260511e-02 1.876633639055396222e-04
8.251502850870852043e-04 -9.228712099042982175e-03
1.113229579191157836e-02 9.602186751015238247e-03
-4.372552282696907586e-03 -9.412799080776902000e-03
-8.192300890786645418e-03 -4.393882806222188832e-03
4.443856038505351186e-03 1.103911878317472353e-02
-1.381795376291822947e-02 -2.978951796495566198e-03
-8.800408973688375602e-05 -4.251147525103141783e-03
1.048605956955843931e-02 3.838301017856782151e-03
-7.546447976947499425e-04 3.544081154447313586e-03
6.339744237625067648e-03 -5.546557504459955282e-04
1.658922101842459336e-03 -2.132598757390367309e-03
1.989991245775985483e-03 -1.593717302953401652e-03
1.942412818737064605e-03 1.107714964062278236e-03
7.669321501865875891e-03 3.882912586846863287e-05
-7.671844076614781072e-03 -1.061474486099989525e-02
-6.433049015865228114e-03 -2.134450833227830458e-03
-7.047736646197805960e-03 5.443290196730682894e-03
2.073492915421836121e-03 1.153042181057162621e-02
-4.848208783588086462e-03 6.244587383544942562e-03
1.102414275557859428e-03 -3.803718773063869416e-04
1.161060263705496545e-02 -6.836220184021944007e-03
1.050646405516294721e-02 -9.720813394854633388e-03
3.038728137375539418e-03 -5.021566618808282270e-03
-4.514489295400989262e-03 6.002448367267711540e-03
6.344917156625040459e-03 9.240239513971451255e-03
-4.805931045053802100e-03 5.105196057957437673e-03
-8.452992316838428858e-04 7.395410005950982160e-05
3.346455261062893441e-04 -4.288124575133007120e-03
-3.743942432192763885e-03 -2.227755611469132372e-03
-4.030083493339578667e-03 -4.687048862206439140e-03
7.586490331130106395e-03 5.582576865181412308e-03
1.942412818737064605e-03 1.107714964062278236e-03
2.178452878096271902e-03 -4.307475253313657222e-03
-2.454918600152080754e-03 2.770085678571912891e-03
-1.990630093293430450e-04 5.837839833219108342e-03
-5.994625104014167892e-03 4.499385498302260408e-03
-6.657146700398152740e-04 3.749243120696041029e-03
4.252999600942402973e-04 -8.179975207438423563e-04
1.779528591021478558e-03 5.725376613106858154e-05
7.118912632501802479e-03 7.539965711515262542e-03
-2.557740460584203776e-05 3.764219148292826007e-03
4.871934112355104027e-03 -1.916835414131222567e-03
-9.824847319609655849e-03 1.285447449869061599e-03
-2.514822710534217291e-03 5.330634740307369120e-03
2.878366484408858769e-03 4.503887918391932636e-03
6.525427756188480199e-03 8.869542975754709027e-03
1.646596418499244111e-03 -2.273481962670591185e-03
-1.111387115164897896e-02 -3.712393840170840915e-03
4.017757809996363658e-03 4.546165656926216131e-03
-6.772069192556743472e-03 -3.302708755199214481e-04
5.002215940626271277e-03 1.194920785384414978e-03
-3.851424969613602076e-03 3.034225717284506733e-03
4.245846836598723625e-03 1.474036851693794233e-03
5.724098917982939176e-04 -6.438349704371007162e-03
-8.118985638244577419e-04 5.323609745469934026e-03
-1.325534697971424494e-02 1.017731028984628083e-03
1.803253919789857664e-03 4.385005735545930566e-03
-1.274906792472305962e-02 2.747956886634387620e-03
5.480395016264992709e-03 -3.886549943807145711e-03
2.919047686113429227e-03 -1.125740470118277367e-02
7.935185846912627683e-03 4.700300583469065735e-03
-2.449617911646301271e-03 1.208044737142376784e-03
7.458986616615813879e-03 -9.667136010895185580e-03
-3.063379504060827555e-03 4.739800208246475362e-03
-5.345738537407457996e-03 9.482250760746520693e-03
6.074678160993062653e-03 2.094823438945756042e-03
-1.037512841946928478e-02 -2.570352170332269263e-03
1.051336128049707927e-02 3.339046957701890476e-03
1.399571673621725302e-04 4.033659875511200199e-03
1.149437079846003101e-02 -6.542128090116920355e-03
-5.362311101833956879e-04 -4.499513267806706405e-04
-1.116502596085952245e-02 3.816044456413450643e-03
-1.170939917608066101e-03 -1.338390450165125381e-02
6.007749055772349141e-03 2.952448353972814046e-03
-2.428415157628188020e-03 -5.040119028575328758e-03
1.254697126261886076e-03 3.794171203483894493e-03
-6.095082646597571423e-03 1.146429097376565863e-02
1.224543921398430282e-02 -5.259203214996982512e-03
4.526016710328800447e-04 -1.317251580898734249e-03
3.581058204478319504e-03 1.177294413536561935e-03
1.190986764995996192e-02 3.074906918990438082e-03
1.036545308037827885e-02 1.648448494336706392e-03
-3.340643494532744527e-03 -4.108540013488760391e-03
3.274640427230081710e-03 9.201793696614036198e-04
1.076955028645304457e-02 7.078614739309426612e-03
-6.750994208041934119e-03 4.778501564609137324e-03
9.302793968606939620e-03 -9.686486689077195705e-03
-2.004041235453359309e-03 -1.812130990465897788e-03
5.000491634292112894e-03 -2.070044302754660802e-03
8.430065256479791005e-03 2.243657676982827032e-03
-8.334110133987420593e-03 -3.355715640243400397e-04
4.871934112355104027e-03 -1.916835414131222567e-03
4.309199559647815606e-03 5.443417966235347683e-03
8.657037172872094483e-04 -1.363306851276956458e-02
-4.875382725022279345e-03 -4.613094762148290534e-03
4.386857811383391981e-03 -9.895225037497545548e-03
-7.801327636469840635e-03 -6.415550413522040293e-03
2.569872743707121016e-04 1.105051842859988698e-02
6.897178101827937044e-03 -6.352868189381888006e-03
-1.361636817883998124e-02 1.759124105416751647e-03
-2.855567193559890599e-03 3.869849609876201916e-03
4.561013915017194872e-03 6.699041130416645562e-03
8.618654658304743948e-03 -1.182703647922305097e-02
6.956954442705409226e-03 2.443518954728277331e-03
5.620352183627165890e-03 1.471099317040536203e-04
-3.043901056375511796e-03 -4.773328645609164513e-03
4.480992509432084672e-04 7.555740007524291979e-03
-9.761494596559203846e-03 5.254828564411757365e-03
-1.149066664678510602e-03 -9.641814145298453894e-04
-1.855206997413785981e-03 -4.167518085952845799e-03
1.115614889018326158e-02 2.573002514583336460e-03
5.123748467725844184e-03 -6.612122499487825891e-04
-8.863316249330878416e-03 9.174012559045293183e-04
1.326767266305882084e-02 -8.768478237032627590e-04
4.693020049626820669e-04 1.307576241807728752e-03
1.086639979547468667e-03 -7.051185258866122726e-03
-4.778501564609137324e-03 -6.750994208041934119e-03
2.829862019449383773e-03 1.125130574426224522e-02
1.052568696384051372e-02 3.479930162984616257e-03
9.012150487369091287e-03 -3.272788351392619428e-03
-6.287663390495332877e-03 -1.101976810499407169e-02
8.509447814548385183e-03 -9.830020238609628661e-03
-5.992773028175563295e-03 -3.592585619406788149e-03
-4.874456687102868627e-03 -8.659080321001563427e-03
-1.485436497116455774e-03 5.897807246386639959e-05
1.805105995627320162e-03 -3.706965382161757534e-03
-8.726009426213407515e-04 5.732081602130411485e-04
-4.004761627742846331e-03 1.426260440119448206e-02
3.863622883453513620e-03 8.463593693842480156e-03
-1.781252897355637159e-03 -3.322218854270144687e-03
-8.097271806212325701e-03 1.560188865590712501e-03
7.946713261841095027e-03 -2.469766858243059929e-03
3.708019189585614467e-03 -1.359781576907407620e-02
-2.452140486395206886e-03 -9.367870997989049403e-03
-8.304509735928642528e-04 1.079075304047251958e-02
-1.066922051337294494e-02 -2.686584008926062254e-03
-1.409758090724147917e-03 4.169242392285643292e-03
-5.099224870543860380e-03 1.229991486635735425e-02
-7.656197550107694642e-03 7.413004726406605821e-03
-8.618717961089801191e-04 -1.390780992849257464e-02
-7.480859869546731787e-03 -2.752587076227363747e-03
2.659952796897504732e-03 8.497920399619916104e-03
-6.154731217971956547e-03 -8.689032376193773360e-03
1.030184481832507881e-03 2.039293979148846386e-03
-9.333544292212753168e-03 3.655810572952576665e-03
-5.635328211221448530e-03 4.930273337297010408e-04
-7.706298551895520918e-03 -4.614787417091389607e-04
7.246927425036818905e-04 -2.263806623579585255e-03
-4.825281723234453070e-03 3.261388705967455115e-03
-1.206320430809579075e-03 8.153471764916330605e-04
7.105149833230039493e-04 5.687281288847879403e-03
-2.459293250737306768e-03 2.861410611468145643e-04
-7.633940988663440695e-04 -1.423808080401521743e-03
2.338686761557145881e-03 -2.475993584666889673e-03
-1.269711484709798791e-02 2.530469237039942830e-03
-6.676912338479120725e-03 -5.733135409553783562e-03
-8.502295050205142118e-03 1.760081794724066215e-04
-2.827211675197174694e-03 -1.203232621497758552e-02
-1.752099110576593906e-04 -1.191344403212793879e-03
-8.261880340260928032e-03 -2.755237420480933716e-03
-1.929288866979102148e-03 6.344118888210294530e-03
1.077060409387575919e-02 -8.324307025390607559e-03
-8.143796425829671892e-03 -1.114130063209228458e-02
-4.775180721446626794e-03 1.113587217408320076e-02
-3.605101211159433133e-05 -4.468635174695085102e-03
4.457107759766616890e-03 7.134016429600530465e-03
-3.460451715289508852e-04 1.012558109981495690e-04
-6.194486381758477177e-03 3.026274684526517305e-03
8.420389917390146833e-03 1.321754000988406477e-03
-7.387427321799136179e-04 -1.142041669841075075e-03
1.027997156539029941e-02 7.973216704364989929e-03
1.232906865313345562e-02 -3.492000307318719396e-03
1.496037874126873290e-03 -3.183059955321576855e-03
4.003707820318989398e-03 1.140317363506916691e-03
1.120040647406854136e-03 -1.801529613455699281e-03
5.897807246386639959e-05 1.485436497116455774e-03
-8.048767341253992152e-03 -5.187228960278240930e-03
1.053271195867909113e-02 5.182854309693014049e-03
8.903869681532144975e-03 -5.321757669632470877e-03
-6.624160992439084503e-03 1.360327587846622225e-03
2.475993584666889673e-03 2.338686761557145881e-03
1.043583079826616682e-02 7.320753755589161707e-03
2.270033350003415433e-03 -4.883333757780269208e-03
9.386040099240034601e-04 2.615152483614315623e-03
-4.794403630125333889e-03 -2.064871383754687990e-03
8.435365944984429473e-03 6.816167355546518154e-04
3.517705481427866199e-03 -2.792086701006133830e-03
1.076038602538412258e-03 -3.927103376007270823e-03
-2.133397025805114540e-03 -8.969872748834806925e-03
-1.198739813218973119e-02 9.067998788954735601e-04
-5.265557710923898663e-04 4.719523492148915795e-04
2.682081588835029135e-03 -1.796228924951061463e-03
1.131995915581711885e-02 -4.225218463373659958e-04
-5.925588383950525749e-04 -2.716408294612465083e-03
1.008981727813034173e-03 8.287457744865410481e-03
-4.992412832031962316e-03 -1.162995331523561729e-02
4.107613975570709695e-03 7.053420643216704641e-04
8.452992316838428858e-04 -7.395410005950982160e-05
-1.276314840175966307e-04 -3.892776670229834007e-03
-1.503062868965450482e-03 1.480135808613178630e-03
5.984949764922020514e-03 -5.421289174296462822e-03
-2.832767902712064745e-03 1.224358713814569649e-02
-7.851556407762113124e-03 -2.933097675789661171e-03
3.263240781806278287e-03 -3.266689394472092715e-03
2.401241216193993836e-03 -5.817563117117904338e-03
-3.913979424250449597e-03 6.375795249735520531e-03
-3.604113034335255927e-03 1.316284046988768809e-02
1.784829279527258040e-03 -1.504787175298467200e-03
5.295381996611882476e-03 5.357138182832623177e-03
-2.933097675789661171e-03 7.851556407762113124e-03
-2.035654294203752962e-04 1.471083142164099355e-02
7.901657409549938532e-03 1.080758114390540509e-02
6.890951375403887857e-03 -7.448416891004403309e-04
2.229479917802148874e-03 -4.789773440523269980e-04
-5.299884416701553837e-03 3.515853405590404351e-03
-2.316557969619621044e-03 -7.818155739904087895e-03
5.062120051009548830e-03 -1.365628276352402358e-03
-1.189766973612004994e-02 8.422912492136549675e-03
-8.204754343634306640e-03 6.822170194345712063e-03
1.287299525706524315e-03 1.732876201901969049e-03
2.225105267216922859e-03 -2.962921961477425325e-03
9.856523681133523562e-03 6.992431074011439679e-04
-1.215995769899224114e-03 -1.065564995027872778e-04
2.950181318230734803e-04 -3.929753720259479902e-03
2.308862475871884500e-03 -1.255265525964614423e-02
9.149585079983500735e-03 -9.815044211014204573e-03
-1.064907156677618802e-02 6.468173990057411726e-03
-4.848208783588086462e-03 6.244587383544942562e-03
-6.043001799467835784e-03 -1.101328816744085934e-04
2.911096653355439798e-03 -8.914343289037897702e-03
-2.269107312085364737e-03 8.373481989258537827e-04
-3.604113034335255927e-03 1.316284046988768809e-02
1.366554314270453270e-03 1.016134492155134489e-03
9.668317587820549021e-04 -1.930087135393849379e-03
9.040250466722696623e-03 3.538908235447340775e-03
-2.224306998802175628e-03 1.027387260846977443e-02
-1.250865321477770409e-02 -1.832887133203127406e-04
2.483944617423737219e-03 -4.374650586367895971e-06
-2.248830595983941725e-03 -1.364830007936294670e-03
8.769755932077088643e-04 1.910736457210696071e-03
-1.558592328770087192e-04 6.524629487771886789e-04
7.723126655329769046e-03 -8.270629641432523244e-03
3.869977379382008153e-03 -8.501369012287091423e-03
7.774153695035646017e-03 -4.442131732171191935e-03
4.939533716491125185e-04 1.589342652368175421e-03
6.330994936453474171e-03 -5.522544985294830858e-03
2.138825483814197920e-03 -3.949104398441491762e-03
-7.343425276932323206e-03 -9.294842935848949758e-03
1.198209744368531303e-02 6.552410625352052959e-04
5.207377906874998720e-03 1.105990657729480527e-03
-1.053376576610180748e-02 1.022006745500702272e-02
4.093563985893335436e-03 -2.700506229097628975e-03
5.794348866370903350e-04 -4.735425557660107032e-03
-9.220314454988663352e-04 1.136661154493777068e-02
-3.011298656932234665e-03 -6.834623647192231838e-03
1.097391398428816667e-02 -3.212660353392165352e-04
-7.235272240600040816e-03 4.111062588236524123e-03
-5.401012458195257951e-03 -8.187127971786670871e-03
-7.977208046437801259e-04 -2.627478166957531065e-03
-4.203441328559776209e-03 -1.397036438312692155e-02
2.698781922763470592e-03 8.285988977542597641e-04
-2.290182296600174090e-03 -4.271424241203204339e-03
-5.956722016065110412e-03 8.760495552896578435e-04
5.842342253310140593e-03 -8.673928579092542168e-03
-9.034790357329625966e-04 5.899468249935403696e-03
-4.182494113548269887e-03 2.495344262848901533e-03
-9.178483327750709686e-03 -4.307603022819463459e-03
-4.355851948768467430e-03 -6.787971258071580014e-03
-5.630027522718171820e-03 -1.069013607699616057e-03
3.227860268604765097e-03 1.093256228367079329e-02
2.028820371643093225e-03 -9.263038804820419858e-03
-4.044133483015810611e-03 -8.092897155627099687e-03
1.076038602538412258e-03 -3.927103376007270823e-03
3.360920210632806649e-03 1.906361806625470057e-03
-2.627478166957531065e-03 7.977208046437801259e-04
1.384308455622752093e-03 -1.176195944984094119e-02
4.868485499689290466e-03 -8.446765590409592919e-03
1.215385874207579667e-02 -4.683344710531513709e-03
-8.401263126838693154e-04 9.868849364476956279e-03
-2.340411067891304264e-03 -7.889715034721861073e-04
1.082137559457796872e-03 1.821806329556903501e-03
-1.006340995371640852e-02 -3.875278067885285730e-03
-2.192119559261012686e-04 -3.316918165764365205e-03
-2.850138735549446762e-03 -9.049127537398955756e-03
-1.252720562454474884e-02 5.283854581683413397e-03
-1.359529319433017743e-03 6.867896545546248437e-04
-2.407340173112017777e-03 6.865341155487211279e-05
1.263641246830110587e-02 -7.280870822296833973e-03
4.385516813555064355e-04 -4.723099874318034339e-03
-3.092405521333625902e-03 1.974089180262291257e-03
1.470460469522173134e-03 5.811591929698882615e-04
-1.013298940318954969e-02 -2.236632682145391505e-03
-8.060166986678015885e-03 -9.374097724414238303e-03
-1.382325445142286620e-02 -1.416910855067390548e-03
5.265557710923898663e-04 -4.719523492148915795e-04
-6.060755940820134607e-03 1.266796106032166795e-02
8.662656703173184092e-03 -9.701462716671480080e-03
4.410583140150629855e-03 -5.567473068081322564e-03
1.755675492749794904e-03 7.086438002562971128e-03
-3.339972995621300761e-03 1.455934683935035043e-02
5.891644986681859181e-03 -8.110395757970286640e-03
7.727501305914995060e-03 -5.786685024007424266e-03
-1.253860526996991229e-02 1.096985817548775180e-03
-5.482119322598009645e-03 6.215848556667090408e-04
2.108873428621987987e-03 -2.668829867572402106e-03
-1.480135808613178630e-03 -1.503062868965450482e-03
-2.210640317635639840e-04 4.775052951943322896e-03
4.401578299969925376e-03 1.217851010876358844e-02
-3.129382571363490372e-03 1.551439564419118374e-03
3.003475393678691450e-03 -2.179251146511018700e-03
-1.779656360525924338e-03 1.129968243971705630e-02
9.329041872123081808e-03 5.217181015470450864e-03
-7.780252651955031282e-03 -1.306777973392981521e-03
-3.294789373826839934e-03 -1.007493736864487760e-02
-9.388945982505217044e-03 -2.656631953734993768e-03
-1.841284777242218826e-03 1.059526641331343631e-02
3.522718979541423871e-04 -5.709282311280958894e-03
-2.304232286276405601e-03 -7.677272534623864886e-03
1.770619868951221060e-04 -6.900626714494893787e-03
-3.080143140765890727e-04 -1.487901633786121655e-02
3.463900327963972611e-03 5.517372066294858046e-03
1.130642024415910545e-03 -4.925611496314551835e-03
-1.269673153858671705e-03 -3.154033938049920389e-03
-9.583506571743527838e-03 -5.691783708937770206e-03
3.661941181257091088e-04 9.053502187985323219e-03
-1.140358859496763341e-02 -1.344681061342039435e-03
1.208070291043125341e-02 1.782306704779494308e-03
-5.483971398435472794e-03 8.713555973374396274e-03
6.750068170122523400e-03 -7.325160057558644314e-04
-5.056819362503769781e-03 -1.964126650771335324e-04
5.018916274554712301e-03 3.819748608089736531e-03
-5.246877531652408347e-03 -1.210455600870293663e-02
2.790362394671975013e-03 2.527403932887904194e-04
-6.211186715688059648e-03 4.014468618225570766e-04
6.855698631708401214e-03 2.097473783197965555e-03
-1.179111323661726288e-02 7.206916722237326212e-03
3.728168136182373558e-03 -4.443057770090603521e-03
-1.095536157451976016e-02 -5.145877259663369022e-03
-5.934848763131034873e-04 1.329577264241949691e-03
2.940920939036619484e-04 1.162318385937930859e-04
-1.297102634301976025e-03 8.702156327950592851e-03
3.860174270786556443e-03 1.933663517565470478e-03
-1.176805840676032645e-02 -7.133218161186925983e-03
8.175600556858203527e-03 1.769054983516867279e-03
-1.188441801485856479e-02 4.517810138564860682e-03
-2.133524795308418438e-03 2.387063457011955655e-03
1.777324858054226894e-04 1.176726013834557966e-02
-1.246465116990926048e-02 1.942285049231257284e-03
4.308529060737514155e-03 -1.322446888660512576e-02
-5.926769960874042793e-03 -4.042249755780700539e-04
1.018149386814766466e-02 -4.510785143726063831e-03
-8.629256035316959289e-04 1.495111836207461487e-03
5.284110120692525267e-03 -1.018666678714899750e-02
3.394320878490831011e-03 7.156017452034752271e-03
-5.725982645210541365e-03 -2.977099720658103049e-03
-5.942831447280690765e-04 -5.981373382752902187e-03
-3.246540447876476373e-03 5.891517217178555282e-03
7.359455111951823669e-03 -6.748216094285060251e-03
-9.403283162581618435e-04 -5.880117571753391836e-03
3.073853111566580282e-03 3.493054114741436181e-03
-1.872035100848033892e-03 4.564590297188815537e-03
-1.658922101842459336e-03 2.132598757390367309e-03
2.675886513797687272e-04 7.926436545741034206e-03
2.577249395665258576e-03 2.684731933088599105e-03
2.464721708746391016e-03 -1.320511820842311390e-02
-4.502420091032251215e-06 8.872991588421884346e-03
-6.247365497302958745e-03 7.289747892974235421e-03
-7.029982504846649452e-03 -7.334803745264032761e-03
-1.279306996959035832e-02 6.223831240814558380e-04
8.972523093091318768e-04 -2.914417496514524900e-04
-7.713323546734316902e-03 -2.164402888420039958e-03
-5.909143589025047869e-03 -1.825382711727382935e-03
-1.556868022428201971e-03 9.789594575912809182e-03
-5.326547280117745892e-04 -5.276957356349282202e-03
-5.619995870721154058e-05 -1.362339317367991867e-02
9.289286708329976385e-04 1.693248807618753403e-03
4.712626266812280744e-03 -7.794302641632404674e-03
-1.400548935731932287e-02 -4.311179404991084124e-03
-1.481208723263914215e-02 -5.496106009493266151e-04
-9.949030190960297254e-03 3.922600955916236837e-03
2.010267961877189920e-03 -3.795895509818052443e-03
-5.555275154243914659e-03 7.087236270976575610e-03
3.708689688495916351e-03 5.070071083766396376e-03
-3.768721568382498235e-03 8.847414183817185057e-03
2.227883380977222589e-04 -1.510087863804246682e-03
4.097938636479703765e-03 -2.165616116738919728e-04
4.826207761153864656e-03 -7.307374264820728008e-03
-5.843012752219082021e-03 -9.993958273746789828e-03
1.417581353977691132e-03 4.844632401417607245e-03
3.697290043070751604e-03 8.832023196317583761e-04
-1.498560448875778470e-03 -7.392855779809847164e-03
1.321339041086295324e-04 -4.980214918192050338e-03
-3.229712344443589137e-03 -2.840591165964247503e-03
-1.242674808196134531e-02 -1.681050893779983957e-03
1.145646771051211585e-02 -2.918792147105679115e-03
2.088596712521925865e-03 -4.666516607091118806e-04
5.779787798673293071e-03 -5.332359046641527503e-03
-5.344014231074661371e-03 1.274721584888445503e-02
9.043028580479572226e-03 -8.599048441113619351e-03
-1.188694058960584367e-03 -6.058105596576793869e-04
1.021396849808763919e-02 4.784856060537632724e-03
7.256347225114850169e-03 9.977098518925346486e-04
-7.283521166549044787e-03 -1.185539199758576731e-02
-8.442518709327670803e-03 8.972395323582571525e-03
-1.369469692948585907e-02 -1.570119743690829434e-03
4.121395629997246998e-03 1.052915347811366614e-02
3.405023088097664224e-03 -4.663272245478353346e-03
1.430267733579933948e-02 4.234499935059784451e-04
-1.162113336691613166e-02 7.279440124563837412e-03
1.093625345204324133e-02 -3.091598375334350494e-03
-4.107859220621243659e-03 4.546358242773218539e-03
2.613186248322017444e-03 2.650209375473188723e-03
-3.213795421591282911e-03 7.930779145942439337e-03
7.086009675389188904e-03 8.733728776614328032e-03
3.741667387658646239e-03 -2.111560057058194714e-03
6.220677768853706373e-03 1.330111395963851952e-02
6.232543804563028290e-03 1.005984696355923663e-02
7.402624748479849290e-03 -1.123369486343213722e-02
1.170050706034079374e-02 8.446371849419978192e-03
1.020535768825488014e-02 -6.122812035136361748e-03
-2.402000451205518750e-03 1.280423934415887699e-02
6.223977579371250089e-03 1.307202199685960319e-02
-1.444391537374655138e-03 1.462523022312537183e-02
-9.271357405135705401e-03 -5.206102008939042861e-03
-1.178332399462730766e-02 1.796182138883348515e-03
-7.892880602511934129e-03 -2.544457500358058774e-03
-9.146305169631063076e-03 -6.113830844444436037e-03
-2.771262191190337790e-04 9.798504101673988220e-03
9.773930018537581310e-03 5.142922009003197785e-03
-1.816940994792646819e-04 6.063259300502632856e-03
-3.677066851606873230e-03 1.351293853002395219e-02
-6.865172190642233017e-03 6.648909075944589749e-03
2.668369275375448435e-03 1.076010321485690834e-02
-2.829321300475358446e-04 1.262537048246226146e-02
1.066032175344478784e-02 -6.793237235786689365e-03
-4.135590154339227782e-03 -3.920576124398818772e-03
-2.724191479072672530e-03 -6.061290114347249978e-03
-5.764690802324480556e-03 -8.764748019561870510e-03
1.674126938443188566e-03 1.323387203648655102e-03
8.189889642485699735e-04 -7.176355222510418658e-03
-2.794514169046085402e-03 2.911568797641698580e-03
1.248224733470282592e-03 1.431150465106453828e-02
-1.381258008175325312e-02 4.503713736915567097e-03
6.123975928732399397e-03 -7.305688607825397939e-03
-1.343439010616550092e-02 4.762398890524042680e-03
7.866484963487610851e-03 -2.946852215888217264e-03
-2.678124771593844849e-03 7.062367171689017988e-03
-9.747128052321829897e-03 6.246970167628833684e-03
6.312794166336833240e-03 -1.248707383356254886e-03
4.879230032422082405e-03 4.710277950028774092e-03
-5.239305038966145071e-03 2.566860392594850528e-03
-1.413230082678385013e-02 1.804453659559604331e-03
-8.244287525363070204e-03 1.145515249473958060e-02
-3.842075369531165133e-03 -1.431483892900841867e-02
-6.917490002752551756e-03 -8.325312010418082706e-03
-6.417066534608135454e-03 6.750669013267564071e-03
