-5.552960059445494548e-03 -3.027727626157858225e-03
1.565026535136895477e-03 8.558223644210678077e-03
1.391668699917269743e-03 -7.250918767104843482e-04
2.989297634498451419e-04 5.771836765921451503e-04
-1.031648559645977938e-02 -1.041885909963422875e-02
9.818157574225440734e-03 6.345571829840954137e-03
-4.318411879778435297e-03 -8.388314421656975842e-03
-8.533173143316193782e-03 5.502268269194087423e-03
3.407572599752886882e-03 3.250915098462382833e-03
1.013080207789693842e-02 9.946603734328424498e-04
-7.923913970992698882e-03 1.084350438651187493e-02
-2.024445721057296053e-03 1.174698342224483709e-02
8.741783722233237991e-03 9.387317794291301191e-04
-7.288614375104338766e-03 1.039752857610962665e-02
2.466414363694064554e-04 -8.539272100236148036e-03
1.195618478962489142e-02 -4.914483215592886298e-03
-1.045703355228485079e-02 -1.072589989870775286e-03
-3.508828410757050737e-04 -3.596960269995220366e-04
4.838868693952801982e-03 2.167452366879051712e-03
6.160957944395787159e-03 3.081005875909822913e-03
-3.541893829154700146e-03 4.873275110177988957e-04
1.054285031672912154e-02 4.081765206261368448e-03
3.320366778432110380e-03 6.310718220352730737e-03
2.001853910158814687e-03 5.701586817528874048e-04
-8.035052601031768618e-03 -1.111532409327917713e-02
-1.945989200908114763e-03 3.719291065505652989e-03
-2.725285365289294506e-03 6.981605809392520123e-03
5.732081602124702076e-04 8.726009426220210884e-04
2.839537358536307790e-04 1.217320942025438158e-03
-3.881840043765627090e-03 6.337493027578980365e-03
1.645670380579261367e-03 1.772503596183362369e-03
5.582113846222957684e-03 -5.563497551703580103e-03
5.731283333715749689e-03 1.415058779229246954e-03
-2.820905238327875084e-03 1.440746312285312754e-02
-1.259071776853697535e-04 -6.278115820912198806e-04
-2.886780536125302388e-03 -1.378337268205310270e-04
6.940126339271731823e-03 1.117562733786925909e-02
-2.641400387125938422e-04 -1.396506369461521322e-03
-4.988038181445593119e-03 -9.146008697811878335e-03
-6.328679841655054060e-03 -4.592418911839602977e-03
-2.465136668655307488e-04 -2.817664105611294989e-03
4.939789255495229126e-03 -6.820445888011553680e-03
7.058210253703558687e-03 2.789564126257228216e-03
4.125112577912099367e-04 1.064112053401319261e-03
-1.989065207856573897e-03 -2.452268255899871241e-03
2.471746703585757723e-03 -1.150219406171289205e-02
9.860563082264958007e-03 -6.150755701592853196e-03
1.159331151466169198e-02 3.918880978546925367e-03
1.461583398844772553e-03 6.970206163968035822e-03
-4.983280222349095821e-04 -4.073287269792592868e-03
4.398129687306395253e-04 5.648579932482495876e-04
-4.104835861813264236e-03 -1.284329874088331255e-02
2.270703848913716016e-03 1.378455309506020424e-02
-4.820907072649226947e-04 5.745333323392553008e-04
1.167954323900136007e-03 4.830981545947035660e-03
4.207975400037783364e-04 8.054994067677363062e-03
5.507441188192238124e-04 1.832806840773442813e-03
5.602725811778170098e-03 1.568267667853366068e-03
-1.551567333924354537e-03 8.227553634482812073e-03
4.465649580987725298e-03 -8.588973967816491625e-03
3.867199265624563127e-03 3.636587664274549148e-03
6.014774050610354958e-03 4.655372500681893150e-03
2.439016534637244212e-03 1.916037145716475770e-03
-2.251480940236940537e-03 -5.838095372227782194e-04
1.268525218271436897e-02 -4.694345221748053021e-03
-5.239054268400796313e-03 -3.090681215000147530e-03
8.518995384135516491e-03 2.448819643233376368e-03
5.239054268401804621e-04 3.090681215004472521e-04
5.088367954525122028e-03 1.353803942819592487e-02
-5.801661051604209245e-03 -7.087364040481020956e-03
-3.998407131813781074e-03 -2.702358304935771702e-03
-9.904900376587189720e-03 -5.308761487377812970e-03
-8.348623142623249477e-03 -1.718427078017112537e-03
9.335731617505366176e-03 -2.413838264240027610e-03
-4.220732450952477226e-03 -3.215263220558732191e-03
8.363934419673254433e-03 1.041223323900291459e-02
4.473009825282242731e-03 2.447893605313965215e-03
2.167388482126829038e-03 8.395994089712607291e-04
-9.504714802139196256e-03 -4.385532639256717151e-03
5.533146362304458207e-03 3.206913053593941389e-03
-6.594208937247445293e-03 8.005305697821388233e-05
1.072945987321137495e-02 9.459978373609480989e-03
4.768027957105316211e-03 -1.481860114945515120e-03
-5.649378200898821922e-03 -2.912820959689598616e-03
8.703417615323795140e-03 6.585060501867797539e-03
6.400909635380976764e-03 2.172753055383690179e-03
-3.106455511009857846e-03 -1.431759113158368856e-03
-2.069118264836039382e-03 -9.046477193147207246e-03
2.914082247064731651e-03 -3.614203333325387551e-04
4.292115917210119046e-04 3.688939876107782696e-03
-2.204828551116289580e-03 7.607437546134543285e-04
-7.317177373411174173e-04 5.608824768698259227e-04
-6.900961963950044513e-03 -9.511005413315358828e-03
-2.898307951053770599e-03 7.032233714891594420e-03
3.535331853273435371e-04 -4.213244437151363497e-04
-8.526946416892933894e-03 -1.057582310891825791e-04
8.800889564197334576e-04 -8.932767929300278751e-04
-7.513127019534287902e-03 8.642651351775259422e-03
6.134582271375769481e-03 -4.657256227903806313e-04
2.548223378392241653e-03 -8.097909489808712176e-05
5.195307762585989122e-05 -2.174876495926230595e-04
-5.101284426331237007e-03 -2.989936482014968200e-04
-8.711368648081212543e-03 -4.241999089723604184e-03
1.102712834928665751e-02 4.749204182634662527e-03
-5.678867237130864193e-03 -3.655539208249078322e-03
-6.068451434569802766e-03 -7.702849939229026478e-03
-5.414040291847299321e-05 -1.024484659119925941e-03
-2.558233966938968165e-03 -1.017486800751703224e-02
-8.383412867359140916e-03 -8.991043851465942670e-04
-1.223298576113585057e-02 -5.956849785569096056e-03
1.879986133612607734e-04 -6.907651709330482918e-04
1.897947754909026221e-03 1.005133980938594960e-03
-1.229945184739696801e-02 -7.122217649969924368e-03
-4.536825567290360059e-03 -4.394281940428311495e-03
1.234085160706673663e-03 -3.337594016073051895e-03
4.471413288451958970e-03 -1.217400768867255532e-02
-3.709615726415327937e-03 -1.024085524913123484e-03
-7.410019132698675293e-03 8.967254055965230737e-04
-1.338582104427878073e-04 1.715249830052974342e-03
6.576710334902896582e-03 -1.001583152667702599e-02
1.442860199212015956e-02 2.251209575532871904e-03
-6.167519920274768495e-03 -6.806922802046108320e-03
-3.310691439340971961e-04 -5.388814544362854290e-04
5.630027522717600229e-03 1.069013607700296502e-03
3.837710229392520857e-03 2.893869415715069875e-03
1.982040213019138370e-03 7.493441091901121252e-04
-8.276728598354191188e-04 -1.347203636089122072e-03
4.681285154742205468e-03 -4.450497724835158347e-04
-4.299061201597785195e-03 -6.544507069666992416e-03
-7.942673860711020606e-03 -4.380231950752079551e-03
1.021818489175612635e-04 -3.699940387324322007e-03
1.089638350205646491e-02 3.660440762546232369e-03
7.741886545047520045e-03 6.953106695832111245e-03
3.147344192667636022e-03 6.361346125851805901e-03
-2.431991539799808685e-03 -2.131129990067164373e-04
-1.377155691281441510e-03 2.107947390703256846e-03
3.027200722446500049e-03 2.148500822904522971e-03
-2.870080202196289773e-03 2.486994095884109864e-03
-7.599454861991687508e-04 5.106122095877990708e-03
-1.866271393383799786e-03 9.795565763327529225e-04
1.230971797495438586e-03 -5.335807659305058384e-04
6.831047265020610305e-03 1.815707372636376788e-03
-6.297131249635063571e-03 8.749207851278046483e-03
-9.683964114328862116e-03 1.273121766525166579e-03
-2.999899011507070785e-03 -2.647754883057593187e-03
-3.128456533444078785e-03 -2.494545994434154302e-03
1.462408861927924283e-02 1.240375771883516463e-03
-5.163838880967513804e-03 3.042575884248836966e-03
1.405383440138921903e-03 -6.653187009710741402e-03
-1.265298503272874533e-03 -6.700893206255031584e-04
7.376618464839860764e-03 -6.146381051007626314e-03
1.131440292830086618e-03 2.385339150678477283e-03
-3.345944183037952852e-03 -2.546499072059905163e-03
-9.385960388797067941e-03 5.896291001971726287e-03
-1.343804490457029682e-02 1.464552584888208220e-04
7.132930970785177939e-04 -6.450675387714223039e-03
-1.750502573748461202e-03 2.708457261855617970e-03
-2.437292228303656987e-03 1.348927942423280889e-03
2.204828551116289580e-03 -7.607437546134543285e-04
1.360795412712410835e-02 2.606930086153969733e-03
3.440174999196164447e-03 1.189620096879315725e-03
3.345145914621845164e-03 -4.764451574933586259e-03
1.685297774861906290e-03 1.414132741310516030e-03
-1.174605738432610638e-02 -6.070431279911140537e-03
1.274065387300604354e-02 1.618097304937694651e-03
1.245021787172241471e-03 2.872267527489473938e-03
3.147008943211914139e-03 -2.972597300567750376e-03
-2.190778561439486911e-03 4.166592048033434213e-03
-1.939762474484284151e-03 -1.888735434778297459e-03
-8.103833782091306170e-03 -2.165728060545574207e-03
2.537622001383184594e-03 3.043102787960765433e-03
1.868458718676983734e-03 2.624157323791156873e-04
-2.512507615738299952e-03 -4.784329156826845272e-03
1.120375896860644187e-03 7.532413812963396210e-03
1.469997450562576628e-03 2.604151972397775877e-03
-2.495472032352776155e-03 7.174442092299174005e-03
1.123026241113643433e-03 6.751393342249879109e-03
7.525787952332652769e-03 8.321752799252007428e-04
-9.444347672797462345e-03 -8.969074480420061862e-03
-4.565516335108227124e-03 2.173950458005238784e-03
7.784755072044703510e-03 -7.566213615030044706e-03
-8.919643977542536170e-03 -1.349055711927265016e-03
3.735065361515934462e-03 8.616802582466599053e-03
4.126038615833309969e-03 6.595134975166067580e-03
1.057372840983960074e-02 -1.244494883459632342e-03
-1.628842277144442732e-04 -1.050461197932570437e-03
1.193531728505977827e-03 1.066762397654209219e-03
-7.901050213420827625e-04 -1.430448300552128113e-02
-3.293448376005096451e-04 2.726083633703471013e-03
-5.203801524703948779e-03 -5.932996687297411968e-03
1.198600907531129425e-02 5.162178459385007370e-03
8.096808787253870210e-03 4.628039138358142242e-04
1.033894963785302566e-02 9.458653201482805292e-03
-1.655473489174141919e-03 8.662528933668520170e-03
-3.631749994729046183e-03 4.328151103622344779e-03
-2.135839890106837682e-03 1.250202735414638819e-02
5.961096666650908017e-03 1.607895062134759388e-03
-5.802714859027496321e-03 8.315557724219695829e-03
8.377649159894907244e-03 4.484138106002656665e-03
-8.730256307304198188e-03 -8.108799221141936228e-03
-3.934000601341401150e-03 -1.413589895509493460e-02
3.154832206464096463e-03 6.041277493134358280e-03
-1.150173104275318756e-02 -4.494739483012394170e-03
-7.348311005537129514e-04 3.364895727011230422e-03
-1.111291346233328394e-03 6.769418848304996697e-03
6.031602154041092005e-04 -4.076735882463874711e-04
1.041256848845795516e-02 9.700090067457315529e-04
-3.288227397947858597e-03 -6.349020442508590892e-03
-5.288357001773085625e-03 -3.654214036121721746e-03
-1.112493554761842182e-02 1.434680822114076278e-03
6.097014432882434318e-03 1.249155374664177864e-02
5.349698228088333764e-04 -4.838006540786293080e-03
4.687048862206439140e-03 -4.030083493339578667e-03
4.078923207752271907e-03 7.273574462755900971e-03
-3.017860632810644844e-03 -1.056054057332919682e-02
2.607201450857468510e-03 1.404457402219510317e-03
6.213837059939698870e-03 -1.182467332537215192e-03
-4.032733837591217022e-03 -3.906028391491780591e-03
-3.083528450657586212e-03 -4.414957790736998185e-03
-2.391901126558139065e-03 -2.594476633306770381e-03
9.039915217267546765e-03 -5.795035190972895947e-03
9.984618184111506214e-03 2.569026998204912687e-03
-8.716749047032897307e-04 -3.472777398641373626e-03
3.445347918198069306e-03 1.098451536129722329e-02
7.609417391483739787e-03 2.599378187603925295e-03
3.841621861019292247e-03 7.400806812566694710e-03
-1.108968280392157342e-02 -1.407634650183187293e-03
-4.296410857344785950e-03 -7.325527540380509517e-03
-7.492163396856654778e-04 -9.374895992828986835e-03
2.466318245576674343e-03 1.416783085563405771e-03
-2.795200064216797533e-03 -7.136922312860004801e-04
-4.960992009515274859e-03 1.306860965372879692e-02
-6.071564797780466469e-03 -4.898836689087160759e-03
-1.177166644032116155e-03 -7.775878001369805267e-03
9.728764427611480067e-03 8.163402643019434732e-03
-6.806395898334179420e-03 -1.533940962075930337e-03
1.207287964717828135e-02 -7.231568088924436241e-03
3.361383229591831997e-03 -1.166309728017373305e-04
1.333990245678474268e-02 -3.296513680159177291e-03
1.147805377305308964e-03 -4.323776453035976450e-03
-5.462640874912123162e-03 -8.891543998189610845e-03
6.595134975165496856e-03 -4.126038615832628223e-03
-5.995886391388730204e-03 -7.885723692647029874e-04
2.763060683732545750e-03 7.519944534418600930e-04
-3.046934709146503512e-04 3.007850044264598344e-03
-5.473242251921751379e-03 -5.767462115330078062e-03
-9.861824369640664369e-04 8.627978340272504740e-05
-9.122283369039854576e-04 9.315790150858875964e-04
-1.330040283200404098e-03 1.429507903113423455e-03
-6.935879458191170598e-03 2.665253485401461453e-03
5.520054061943567396e-04 7.120764708339726197e-03
3.965469482915352784e-03 -4.570290119901397261e-03
-1.482176257173014808e-02 -1.471514276944888185e-03
-1.601668335710819705e-03 3.530701663682087391e-04
-1.519476012502370306e-04 5.159400345628813514e-03
-3.763293110373414421e-03 -4.071562963459115364e-03
-8.384020063497109321e-04 1.313381445261603206e-02
-7.573701628827866038e-03 -7.464686439328396469e-03
1.015910604533001860e-04 9.679988597949187173e-03
5.444551484104673614e-03 1.233569451376544980e-02
2.366323721952296594e-03 6.358695781599596822e-03
5.845200077511694160e-03 1.123593058245933932e-02
-1.431631343653704067e-03 -8.250480694835762852e-03
5.287430963850029818e-04 7.700199594976573671e-04
-8.941181981017731761e-03 -4.434835372630258066e-03
9.588807260246367398e-04 4.129742767503447889e-04
-5.689133364684770960e-03 8.802486101030010737e-03
1.607767292630775044e-03 5.395839539195285139e-03
-6.159105868558324010e-03 -1.117297699361751058e-02
-4.513898506938089292e-03 -7.377480618006940390e-03
-5.221427896552372112e-03 -4.511838951148780183e-03
-2.106223084370349632e-03 1.887809396857743991e-03
-6.612122499493537468e-04 -5.123748467725163305e-03
-3.652824979243855970e-03 -7.806213365067137758e-04
-5.683704906676477963e-04 -4.116491046248110276e-04
1.239460870147652063e-02 1.719353115936524123e-03
6.289515466333366750e-03 2.927796987285704016e-03
4.062845313673795963e-04 6.672138553685270576e-03
1.037996608901410600e-02 3.031304008329479324e-03
-2.993337035628089449e-03 1.078162043078693087e-03
4.541663236836543036e-03 4.855233778426663004e-03
-1.176149643088134425e-02 -3.407301235050640142e-03
1.831609438150775529e-04 -1.151717008931400343e-03
-2.998174705172911968e-03 6.172102050814828097e-04
9.146806966226054408e-03 2.322912465547435999e-03
-2.291571353478040300e-03 1.797554097076595496e-03
8.354722099542634742e-03 7.467336783581286427e-03
-6.883798611060646527e-03 -8.909170370036783443e-03
3.686225647102669631e-03 6.030276981917818968e-03
-3.979982491551180800e-03 3.187434605908625630e-03
-5.785886755593248193e-03 -4.165506589219659418e-04
5.006127572253042668e-03 5.701858182236039380e-03
-1.240184117626057844e-03 -2.411315689491121995e-03
1.795845616434563457e-04 3.675289020637211544e-03
2.095366168350953386e-04 2.395014489768802768e-03
8.408862502461107030e-03 8.491821442701212586e-03
4.746362184124885975e-03 6.789296430197794274e-03
-3.644873946486437265e-03 -3.123682748650908215e-03
5.407829973083349423e-03 -1.080082751377078876e-02
8.728995019929635876e-03 2.820841353574971965e-03
-6.731515760356619228e-03 -4.734627289246501683e-03
-4.678970059945145379e-03 -9.669914124652059448e-03
7.642482809886042699e-03 -1.484909593406348767e-03
-3.537982197527928321e-03 4.994264907869424598e-03
-2.042359283306765302e-04 -3.957055431199479889e-03
3.406646561834836186e-03 7.296900657316797607e-03
-5.191938860319759118e-03 -3.769120702589980922e-03
-3.914649923159391025e-03 -1.229209160310381146e-02
7.155889682531447506e-03 7.962615327355931569e-03
6.697652073538208628e-03 1.507964423263285624e-03
1.098140199808462884e-02 -6.413346680566650235e-04
6.863314415010098035e-03 -9.579531055365785377e-03
1.474835120107398931e-03 3.065103810394986372e-03
4.641194741500534980e-03 1.936313861816537892e-03
8.755833711908678901e-03 4.344580072847967905e-03
-3.448612667746042693e-06 -6.529930176278832439e-03
-6.329142860616011890e-03 -2.569426132412857243e-03
-2.063945345834705680e-03 7.484180712713808760e-04
-1.198497167556036511e-03 9.829221970194883598e-03
1.393393006250857186e-03 2.539873211429271877e-03
3.387423653156700250e-03 -5.903842900521771159e-03
1.340178641250435159e-03 -2.530597006545069055e-03
7.506900293111027148e-03 -3.034624851491988986e-03
2.394551470809777420e-03 1.813456162592111832e-03
2.882405885539505216e-03 -2.346110890603886421e-03
-2.859478825185872691e-03 -6.370877869736008090e-04
-5.282130275349255014e-03 -9.262240536405671326e-03
1.697288208749399632e-03 -7.778927479828817021e-03
-6.983920904190259356e-03 7.389678531845710052e-03
5.202540237330176634e-03 6.450388197322700322e-04
9.415912443988136427e-03 -7.176565532839454184e-03
-6.919977392676904780e-03 -2.020869338886246546e-03
7.787740665753423337e-03 9.867093406759953368e-04
9.254624753103974505e-03 6.394874563214495052e-03
5.591581705356675393e-04 -2.533247350797958580e-03
-3.412075019846993063e-04 5.622076489960400750e-04
-3.869514360421622348e-03 6.478376232861026568e-03
-9.245540202472006834e-04 7.906958098056641538e-04
7.072723262341318318e-03 4.172419640250462150e-03
-6.177195259365774425e-03 -7.728826478041670757e-03
-2.977897989072849846e-03 -1.584968001781807308e-03
2.797387389509981264e-03 1.955664539997869090e-03
-1.519763202893891938e-03 -1.144692014092142706e-03
1.507900538511633675e-03 -1.019183970614826688e-03
8.131598511990198366e-04 -3.565187790296981763e-05
-1.091349879588416564e-03 -4.766702784978531227e-03
4.508262568977158651e-03 -3.944218669837606592e-04
1.087438247962224484e-02 2.597653881270446923e-03
1.543904655523981907e-05 -2.663130044860500395e-03
-2.001390891199788906e-03 -2.593151461180094684e-03
2.875301180252519320e-04 -3.609685087543173729e-03
8.479495759356745974e-03 -8.549745707741222486e-03
1.256889257461477061e-02 6.956683078002590462e-03
1.090551611174240491e-03 -2.544247862014497891e-03
-1.965339879088765299e-03 1.875483713515670430e-03
-4.094825273267108448e-03 -2.587451638467512527e-03
-2.331997016175431803e-03 -5.155025695042907488e-03
4.151616020442091821e-04 2.830915826878028108e-04
7.252898612448465884e-03 -5.532220324385155909e-03
-1.337250485622801938e-02 5.357808681742243749e-03
-1.175043203491190139e-02 -8.554375897335557768e-03
-1.349853980342012030e-03 1.608693330550186847e-03
-1.138768652945336933e-02 -6.030803885629747868e-03
9.117653179449602182e-04 1.091413764341319899e-03
7.481195119001311788e-03 1.208653050264828048e-02
9.706428155722108403e-03 -2.233327664676588737e-03
2.910170615437960261e-03 -4.868357730184163373e-03
2.344785718477101436e-03 3.272916120896603338e-03
-4.790619768002437120e-03 1.379900221894438117e-02
7.053372584158735734e-03 2.328612288260018155e-03
-2.902601727165624902e-05 -2.765711027985544562e-03
-2.350549425941906266e-03 3.121175999601397220e-04
1.893573104323229266e-03 -1.478810636485822488e-03
6.979753733554376963e-03 1.081725648299641102e-02
1.135479693960733498e-03 -4.464659658317341774e-03
1.071103523294877555e-02 3.570185462765084090e-03
-8.157048147090367740e-03 -7.236198278518772391e-03
-4.451344052303171650e-03 -1.071905015045841736e-02
1.090088592215215143e-03 -5.212550825872907211e-04
3.325204447976933767e-03 6.771670058349941665e-03
-9.659057208634329404e-04 -2.115898423461245841e-03
-1.760976181254213929e-03 -5.524397061132293139e-03
-9.116519661579267075e-03 5.730756430004391513e-03
-1.121432869423317179e-02 3.252511635290734546e-03
8.610112837083634674e-03 3.895953918193972420e-03
-2.001390891199788906e-03 -2.593151461180094684e-03
-1.115959750285100936e-02 -9.102932690862168899e-03
7.679795109371627751e-03 8.271683448856381043e-03
-3.322554103724724255e-03 -7.552690529065280226e-03
8.519793652550261553e-03 9.759770290225724607e-03
-1.967191954927588905e-03 9.967454831222216649e-03
1.579539543773294218e-03 9.941079158202768828e-03
2.023391913634009845e-03 3.655938342455880563e-03
-3.649376366577469950e-03 5.749308839770976565e-03
-1.610752886338134848e-03 -1.394876249490018330e-02
3.962739428264473317e-05 -3.583708548728464479e-04
7.568528709827321635e-03 -2.330208825088369434e-03
-4.313366730283698866e-03 1.276351704860677339e-02
-2.083759042975742454e-03 9.276034987074639315e-04
-4.352275566596845897e-03 -1.161497728764019147e-02
-2.229815167257870757e-03 -8.854966082367229929e-03
-2.683869197904335032e-05 -1.523738719272995723e-03
8.997972728188413996e-03 4.678299561034845663e-03
-1.535665268410088720e-03 3.541430810195104074e-03
9.738567536208511026e-04 -2.271629886829483816e-04
2.485205904798869821e-03 5.283583216979915488e-03
-4.970667348597763296e-04 1.214670597773690299e-03
1.716335288939841927e-05 6.018350432785753851e-04
2.337888493143540532e-03 -9.786944231660599236e-03
8.712294686000623262e-03 1.960135308703304241e-04
1.116464265235233254e-03 3.025476416112912389e-03
-1.449115644675643896e-02 1.090359956917462750e-03
3.310691439340971961e-04 5.388814544362854290e-04
-1.163244423859188109e-03 6.986906497897619160e-03
4.926409764728727908e-03 8.441592671408940096e-03
-3.809610250039704819e-03 3.917827171123067567e-03
4.807016503864855982e-04 5.494445005941225521e-03
1.675622435770900576e-03 4.922290653149538099e-04
-5.061657032049952758e-03 -6.573645030754854748e-04
-1.589677901823325929e-03 -8.839990054771124095e-03
-2.730921303248293533e-03 -7.902966755977197059e-04
-7.131829104307917458e-03 5.699080068479165512e-03
-3.845661262149367970e-03 -5.508080035715560985e-04
5.954534690771926680e-03 -2.118021864001526887e-03
9.348201478024675826e-04 -1.324872111908361079e-02
1.335534150333919298e-02 -5.959643725021500013e-03
-1.074489891976661456e-02 -6.796848328748981462e-03
1.123202069675923245e-04 -4.801029490755967175e-03
-5.538574820318194550e-04 9.712064093679613616e-04
9.209776380755796930e-04 4.036310219762946974e-03
-1.574829643731776464e-03 1.876808885641204462e-03
-3.509291429711423015e-03 -1.573967490565267996e-03
-6.929987981221700545e-03 -1.227671644130090382e-02
-4.281099580294210269e-03 1.368278620604611653e-03
-5.824204803444503562e-04 -3.817497398044791129e-03
-1.363399455068840457e-02 3.180281841565383433e-03
-3.245071680556871254e-04 3.187035471700680640e-03
-5.712730923949275660e-03 -6.882202074232294381e-03
3.237663377200436683e-03 4.975297538207335089e-04
-1.945989200908114763e-03 3.719291065505652989e-03
2.447893605314074069e-03 -4.473009825280991128e-03
-7.625654706453155462e-03 -7.247198789736454018e-03
5.518505584164754701e-03 1.318099374544861452e-02
-1.404998967680288514e-05 -3.405848293419979668e-03
-6.251612378383300311e-04 -6.551132930293980831e-04
-2.584737409464222223e-03 -2.364663300370932041e-03
4.151616020442091821e-04 2.830915826878028108e-04
1.792317293324289856e-03 -1.824855808016595917e-03
2.617339808907499787e-03 3.033682987878651496e-04
-2.483353828960837249e-03 -1.337555433468828360e-02
-1.728038532355214915e-03 1.748251363704196246e-03
9.008238855742319029e-03 -7.779725748244243830e-03
-1.305363362613326354e-02 -5.601129274949137940e-03
7.562301983402702592e-03 3.277817675193759120e-03
-1.453297116632203557e-03 2.067585030800678670e-05
-3.399749336500704992e-03 5.762959695239724955e-03
-2.297798079901870478e-03 7.405580597360545726e-03
-1.387629298786623080e-03 -6.124906932285335143e-03
1.911199476170292576e-03 -2.899968372635596588e-03
5.634865192262422315e-03 1.529965445697506346e-03
7.292861256184899124e-03 3.443352247161092592e-03
8.920106996501562385e-03 -6.739370674999425881e-04
8.759873113040687539e-03 -2.505418736146709704e-03
4.797053974377543835e-03 1.283850913039349213e-03
-2.716280525104155532e-04 -1.076437736745214716e-03
-7.735324569169460714e-04 -3.227189769691961850e-04
2.344785718477101436e-03 3.272916120896603338e-03
1.333951914824016232e-04 3.077429493730912723e-04
-1.848645021535375802e-03 -4.416011598158791880e-04
9.001549110359463937e-03 -1.487064685330866456e-04
7.660444431171926645e-05 6.427876096850412195e-05
-8.823561085544929378e-03 -1.079790580481508090e-02
5.749324665466285910e-04 4.137566030761097302e-03
2.223716210338485925e-03 3.106056376803055172e-03
-6.955102366868516801e-03 -1.053549007243528499e-02
5.078022116523814647e-03 -6.051751100640110140e-03
-1.117032664936530063e-02 5.378085397842987184e-03
6.739003774153080537e-03 4.414558656529054062e-03
1.213610460072349698e-02 8.094749231464562836e-03
8.070768363687641500e-03 6.250015841554706388e-03
2.334647360427070592e-03 4.374005224328248939e-03
-3.022826071860702877e-03 3.354437945198942596e-04
-1.246283074546013399e-03 -8.160225395054615874e-03
-8.996583671309977062e-03 -1.074727789931532659e-02
7.713658796188677461e-03 1.149834631483845349e-02
-9.788221926709094606e-04 1.112314735653203990e-02
-1.693248807619324343e-03 9.289286708336780838e-04
-1.884025534736098392e-03 1.375765051832882752e-02
-9.181133672002919632e-03 -3.526582552104124899e-03
1.437985839582199901e-03 -8.714482011293808728e-03
-4.126629404296209939e-03 6.784794010108584350e-03
3.925842088632708511e-03 -4.211919265028550921e-03
2.654779877896960329e-03 -1.296974864796849800e-03
4.466447849401901371e-03 -1.278023320823463158e-03
-1.098657491708596168e-02 -9.153560596361923207e-03
-1.105064619810068724e-03 1.161392348021725611e-03
-3.374634950854459026e-03 4.021733326374786997e-03
1.134090637082296130e-03 1.604318679963138723e-03
-1.404776709585417623e-02 -3.171788079402899224e-03
-5.515056971497008659e-03 -6.651063569169780344e-03
-1.137674990298780109e-02 1.790576579327792656e-04
-3.518966768802428511e-03 -2.495871166560830433e-03
-3.975516378651889476e-05 1.171530706072029110e-02
8.690293663566404925e-03 -8.667733504054550217e-04
4.733701251326520240e-03 -2.685530201502665457e-03
1.091539893078332518e-02 -3.829695311882879913e-03
1.473573832734197510e-03 -2.222854057170835576e-03
-5.261518309794042600e-03 -2.130475316848725806e-03
-4.103111555479677444e-03 -9.578333652743555027e-03
6.874251041474304519e-03 -3.369669511804400993e-03
5.515519990456034007e-03 4.628070789742573174e-03
-2.871341489569491628e-03 -2.800963771681712084e-03
-7.135868505439924361e-03 1.254907887747384355e-02
-5.430166244972721087e-03 4.040972060747661555e-04
-5.115797434975362856e-04 -1.681849162195434998e-04
1.368893322202162366e-02 5.155153464546891398e-03
-3.608232145912513254e-03 -1.203497655922979373e-02
-4.204622905480571039e-04 1.278949358742194516e-03
2.227883380971513181e-04 -1.510087863803566454e-03
2.172689170632037363e-03 -7.224415324575946071e-04
1.183280018668785537e-02 5.033620937447998503e-03
1.378879997613668279e-03 1.157017697435357715e-03
-2.844167548140169631e-04 8.056718374006272389e-04
-2.033865521139762572e-03 -1.188879266544379254e-02
2.084557311390489685e-03 6.383347148284885392e-03
4.299987239515835891e-03 2.498521510812578509e-03
-1.374840596483021399e-03 -8.007016506431176989e-03
-1.021039211591601679e-02 -9.611862090106244177e-03
1.774227902516840524e-03 1.619294707559243473e-03
1.322711923085676325e-02 3.527508590022856473e-03
-7.456671521819327117e-03 -4.478278862397096910e-04
-4.184090650377192758e-03 -1.212655703113647669e-02
-3.074316130525606063e-03 -1.470061335314228577e-03
1.442595164786794962e-02 3.032230046248210464e-03
-7.775718580470217939e-04 6.527279832025942481e-03
1.591992996621174666e-03 -1.274973842362629077e-03
-1.144679237142053746e-02 3.840695823100560673e-03
2.474269278334092180e-03 -9.262783265807883427e-04
-3.427386296894494814e-03 -3.071729671025619224e-03
2.065510231277355342e-04 -6.157908465936095394e-03
-1.078177868779205302e-04 -4.071962097667059487e-03
9.495502482008576564e-03 1.440636183835089425e-03
-5.335009390894526748e-03 -4.998767327959776838e-03
-1.386368011412060985e-03 -8.369490647183708797e-04
-7.252435593488078779e-03 3.509227544959090620e-03
-1.701199840376171673e-03 3.271990082977191752e-03
2.773917599752206541e-04 -2.508595984111528128e-03
-5.640628899727228446e-03 2.055068275159236714e-03
4.587517357542448063e-03 -1.111163576729453338e-03
-3.664687643627474040e-03 -2.944497321214825051e-03
1.242144739345556539e-02 3.243091835209519630e-03
-9.842345921952273813e-03 -8.650331019829288204e-03
-4.895196422163887277e-03 -4.433909334711526491e-03
1.323350537818119080e-03 6.201511376597053718e-03
8.972523093087807905e-03 -2.914417496518630774e-03
-7.151515031945650767e-03 -5.478670709931514338e-03
2.313907625367982255e-03 8.599176210618746444e-03
-1.241442239861812943e-02 -1.540167688499760948e-03
8.517606327257079557e-03 8.517797981513856864e-03
-5.967323393075528795e-03 4.000131438147368733e-03
5.067420739507820428e-04 -2.927669217781280787e-04
1.169343380778572940e-03 -1.237996792333444836e-03
4.394808844140239527e-03 -1.223828644964105976e-02
-5.410687797282182077e-04 -9.109031647778808097e-04
-2.617802827866525135e-03 1.719624480639342454e-03
4.780513061342765192e-04 6.275465476656564082e-03
9.655401116015661575e-03 -6.061825573937237865e-03
-4.001855744479947108e-04 -9.232288481210959271e-04
-3.546731498700883556e-03 2.637567301944695325e-05
3.642223602234227753e-03 3.904703219366246775e-03
1.413462242392487904e-04 -2.035318462770422613e-03
-4.922290653149538099e-04 1.675622435770900576e-03
-3.088829139162794536e-03 -2.852916849308142957e-03
1.411124758840850459e-02 -4.215767011901848903e-03
5.806961740108628053e-04 5.525323099050343618e-04
-1.343274421606644939e-02 -1.415585682941176288e-03
1.444185371338278789e-02 -1.653892778040178847e-03
-8.548151498854886579e-05 6.324768210028962681e-03
-1.042708149709378404e-02 -2.352864520738504484e-03
2.283157301760806515e-03 2.568500094492984220e-03
-1.663296752427685351e-03 -3.513458600347304757e-04
-8.030677950445971880e-03 -8.631379475854759897e-03
-2.346510024813410335e-04 -6.537881209038643761e-04
1.943338856654544360e-03 -2.938270594791456310e-03
-1.959703941129766706e-03 9.647386198505910476e-03
-6.012921974772891809e-03 -1.274734361838958038e-02
6.623697973478698264e-03 6.626651915794426299e-04
-3.539962042869400968e-04 2.444317223143024128e-03
-2.822038756197201449e-03 -2.237430950560137868e-03
2.157250124076797761e-03 1.940688512402906005e-03
6.763192121880484339e-03 6.719317846516708118e-03
-1.095489855556073568e-02 -7.168870039090576192e-03
7.899007065297730321e-03 1.158860161462074365e-02
-4.683472480034818475e-03 -7.969225362290330034e-04
1.220833439445407308e-03 5.675083375011393287e-04
6.380760688786149722e-03 -6.982004943599321931e-03
-7.863419072145732061e-03 -5.096973660497772229e-03
6.335752895561342149e-04 -3.710940898540861753e-03
6.726215071851410904e-03 6.296668230675357344e-03
9.905570875498633920e-04 2.397664834021692726e-03
5.234424078797943322e-04 2.332060900926512595e-03
-4.020871173208388251e-03 -1.742152406785492076e-03
-5.466217257083744695e-03 -4.064537968620998525e-03
-2.916732591316370006e-03 1.142440804047197087e-03
-3.231181111772499746e-04 -2.881942866579799423e-03
-7.154756164662121574e-03 8.682278746057333838e-03
1.559390597176536428e-03 7.863211592192962578e-04
3.796821547736103572e-03 -2.035717596977225288e-03
-8.459554292711835011e-03 -2.986375925542305871e-03
-2.601565512896538736e-03 6.367445082771191166e-03
-2.764657220565988009e-04 -1.537389574743566875e-03
-2.340411067891304264e-03 -7.889715034721861073e-04
-4.265612474680124423e-04 -4.469960346821299363e-03
-8.041742346415987203e-03 -3.484304813569161392e-03
-4.227773853428316939e-05 1.139391325587504888e-03
-7.366815356244981079e-03 -4.288651478844255141e-03
7.445607125849312662e-03 5.594902548525308196e-03
1.173903238948673794e-02 4.367507133200920419e-03
6.749940400619219502e-03 1.062442020009089945e-02
8.264195435057986386e-03 -7.359726476654640699e-03
-1.362730480530475845e-02 -4.450737438143951424e-03
-2.636770197535682776e-04 -3.419499148888728926e-03
-5.028591613646288955e-03 -4.741652284084618522e-03
-4.480034820119678692e-03 -4.150817752023723897e-03
-7.159003045744043690e-03 -5.158602077214528153e-03
1.142041669840504134e-03 -7.387427321792333895e-04
6.071692567285702849e-03 -6.458099516759141685e-03
-3.767332511504060868e-03 2.778435845536704127e-03
-1.020290410211898563e-02 -9.931930722824371810e-03
4.408731064313167573e-03 2.524498049626364669e-03
1.293832782545831228e-02 1.849235810000207821e-03
-5.525786118011301665e-03 7.829954519535374871e-03
-5.431283355175273164e-04 -1.350981167933719418e-02
-4.091041411145571703e-03 1.327642196423041432e-02
2.346510024813410335e-04 6.537881209038643761e-04
-1.638980635196976565e-03 -9.403522875893841060e-03
-5.066031682635749496e-03 -3.141309120499903140e-03
-6.899030177658597041e-04 1.444483930709528421e-03
-3.217051411645223402e-03 6.634235465736212228e-03
-4.550540307512012869e-03 1.533813192571945776e-03
4.962125527384601657e-03 3.576284419684468488e-03
6.686124658609740416e-03 8.678031864975411722e-03
7.202206822196377881e-03 -2.677480722739150956e-05
1.370138667486950346e-02 -6.060899536018507158e-03
-2.472544972000504521e-03 4.191243414720545110e-03
-9.641814145298453894e-04 1.149066664678510602e-03
8.217080026978310081e-03 -6.681286989063665860e-03
-5.631879598555633235e-03 7.022957510008071176e-03
1.452834097673178209e-03 2.002316929119200492e-03
-1.032834826084146670e-03 -1.258273508434187620e-03
6.204161720848692940e-03 -2.104371008532777195e-03
-2.177063821217834969e-03 -1.761503084966822841e-03
-2.840926415419398228e-03 -6.104231081976647585e-03
-3.310691439340971961e-04 -5.388814544362854290e-04
2.223716210338485925e-03 3.106056376803055172e-03
-1.475298139066424496e-03 -1.042111030967778768e-03
-3.031703142536171843e-03 6.724490765518503256e-03
8.463002905379581053e-03 9.516306101821138744e-03
6.038164129923013698e-03 -3.508189563228019010e-04
-1.041248877800590071e-03 3.107780683137213989e-03
7.217055080287926479e-03 1.069002413318493813e-02
-1.165460468192283661e-02 4.710646421469693104e-03
-1.087623455545970799e-02 5.494317236437240744e-03
-2.528409681252565336e-03 -9.820633253913770705e-05
8.270820713711579328e-04 1.472713262136263190e-02
7.726910517451304923e-03 7.593243961265405337e-03
-3.192735294413153943e-03 -2.417941550121754848e-03
1.070321196969523103e-02 -5.443689330938165580e-03
-1.207990464201571731e-02 5.528643942214677559e-03
-1.169215611275269476e-03 -1.011893941351331774e-02
-2.280043938549572088e-03 -5.372513344635529951e-03
3.257940093301069529e-03 -1.704648453043237271e-03
7.879656387115718461e-03 9.744794262629620507e-03
5.284445370147675125e-03 -8.527233607287612073e-04
6.608721945883844900e-03 1.302802457013877736e-03
3.879061930008752788e-03 5.800463648981980629e-03
-8.685328224516345591e-03 -1.002921101744363823e-02
6.109467885729523949e-03 1.275500746074557760e-03
8.215739029154634551e-04 -4.401706069474371590e-03
1.064848077831385964e-02 6.911754995216560192e-03
-1.497299161500645435e-03 -2.104897912243564213e-03
6.225108935861207353e-04 1.436133763744736969e-03
5.664817247454061525e-03 2.496909148290977869e-04
-1.138593057173329249e-03 7.268672908458746057e-03
-7.426384217172536314e-03 7.605841009312117387e-03
-1.247777512166722315e-02 -5.509548803041315265e-03
-5.980910363791945225e-03 -1.428709634698676657e-03
1.892184047444792332e-03 4.590167701794658009e-03
1.670321747265691818e-03 2.054270006743809038e-03
3.382458214108001807e-03 4.992141467328462673e-03
-8.187926240201419403e-03 -1.909938188797091155e-03
1.319325554404028600e-02 3.008457240401022845e-04
6.701563705164980018e-03 6.014901820114910459e-03
5.511145339870237268e-03 2.144126172318155076e-03
2.598915168644899947e-03 -5.586424612056531749e-03
-7.965600921063293108e-03 -1.397033273173449788e-03
1.190083115839592458e-03 -5.463167778623481338e-03
-1.764711984322217021e-04 -6.479302270779757275e-03
-8.100464879869952433e-04 -2.768361372237754074e-03
-3.199425039796799635e-03 5.213077729587580443e-03
1.058247771101119596e-02 3.723394351389202987e-03
-1.388534588709875936e-02 -9.833410204312161701e-05
-2.348362100648722535e-03 1.554089908672008115e-03
-1.376420725643237933e-04 -1.414862377264495229e-02
3.324869198521783042e-03 -2.562273368070295491e-03
1.231434816454463933e-03 -2.556573545357713334e-03
1.456776089106815580e-02 -1.026081195948958316e-03
-3.340180475573148455e-03 -6.131532792916647573e-03
1.229242685255953205e-02 5.419293503260164818e-03
-1.722274824890980809e-03 -1.836782357151866586e-03
-8.799372737818096299e-03 -8.493146614826745100e-03
5.176962832724904887e-03 4.409257968024415594e-03
5.484641897346343234e-03 9.954330879465395424e-03
-6.206684295596455805e-03 -8.471544726600008582e-03
-1.002419751934053053e-03 -4.561540818729123772e-03
-9.342293593382063966e-04 -1.312078661898980121e-04
-1.158742003769516315e-03 -1.886085090525407718e-03
-1.794041599657877515e-03 -1.440109280123160525e-03
5.239054268400796313e-03 3.090681215000147530e-03
5.582321326176166269e-04 1.512738208056456195e-03
-5.706168948068933433e-03 -3.156285148094866225e-03
-6.015827858033642034e-03 1.074754926401882277e-02
7.973088934861113572e-03 1.076964640457143615e-03
6.736353429901441314e-03 5.195579127243712611e-03
2.447893605313722029e-04 -4.473009825277808453e-04
-1.020256885266383404e-02 -5.979872964041359554e-04
4.627400290829113225e-04 -2.418340684330379416e-03
4.006358164571199344e-03 3.592968927915774803e-04
-1.112447252865939734e-02 -5.883119573131308927e-04
6.564719901015403022e-03 -8.227713055376935890e-04
-2.251943959195966318e-03 1.439183242204429385e-03
7.281126361306516567e-03 -1.007745994339332221e-02
-8.244253968413075423e-03 -4.176395156628885490e-03
3.486364369357790489e-03 4.557166168142755443e-03
-1.167833001068928345e-02 3.828944520552924474e-04
2.900958295305979678e-03 -7.813254185606932981e-03
-1.182266182863782496e-02 -6.134710040879644971e-03
3.662963337293886814e-03 -3.204677669249313913e-04
-2.338223742598691257e-03 4.530008052403630562e-04
6.821371925930965266e-03 8.938036966419566666e-04
1.911534725625443302e-03 6.433975053784639700e-03
4.789102941620125564e-03 3.626912325183543218e-03
5.948307964348666793e-03 3.490004636281743549e-03
5.508958014577053537e-03 9.021538636062864658e-04
6.639137020033937867e-03 -2.000464853281057765e-03
8.774386121680949942e-04 -1.122563222153694345e-04
8.106947145303902355e-03 -6.382851895958305093e-04
3.458136620500309229e-03 9.102405787150239999e-03
-1.032721474297464137e-02 4.062158989071607343e-03
-2.359761746073886848e-03 -2.632778855462630102e-03
-5.910867895359206252e-03 -5.090347799866458932e-03
-1.348129674007853647e-03 4.873658418689263278e-03
-7.429369810879896119e-03 -9.470819463927799067e-04
8.717595374505832453e-03 -1.366027410558523936e-03
2.602363781310714375e-03 9.435055642218386027e-04
5.354823088034203066e-03 4.819581900522551358e-03
2.132598757390367309e-03 1.658922101842459336e-03
2.442002128344604450e-03 1.046896010142137415e-02
-7.416581108577656629e-03 -2.829191520539763201e-03
7.205655434864123923e-03 6.503155369051440496e-03
1.863493279626925701e-03 1.115840010022820655e-02
1.393856025209882967e-03 5.168804320020644900e-04
9.239185706548164179e-03 9.058004608075676325e-03
-9.395300478434151547e-04 1.430833075238957270e-03
3.900264684028226930e-03 -4.477001167345834656e-04
-2.641528156634333734e-03 -2.608127488776199650e-03
-1.101354137856888106e-02 6.796368902125243111e-04
-2.042359283306765302e-04 -3.957055431199479889e-03
-3.576382171621098754e-06 4.827006029568611453e-03
-1.075112564619000672e-03 -1.188821828460025036e-04
1.020509142740931444e-03 1.117390303153964395e-03
-4.249647106390900056e-04 1.015194094716407799e-02
-6.550079122874340361e-03 -9.151309386315836791e-03
-9.676013081571444713e-03 -1.069939645619027643e-03
-7.012819151958040766e-03 -6.732968701987278835e-03
-1.301014265928747632e-03 4.195218931098968450e-03
-3.115667831141838429e-03 -4.376655568581138897e-03
-8.319724894854897343e-03 1.240422015581519460e-02
1.999538815362326624e-03 1.068512257888778322e-02
-2.798313427429393284e-03 2.090321018855403803e-03
3.516907213013119402e-03 -1.010303734799848294e-02
6.214635328353874076e-03 6.128483314455814360e-03
-4.711540807910568913e-05 6.784394875902946109e-04
-3.965341713411478161e-03 -6.786646085946045764e-03
2.698446673310251915e-03 -8.505344528665515630e-03
-1.771449788759395065e-03 -1.375725138412088600e-02
4.405282451645421531e-03 -4.005432126652467770e-03
1.414595760269541595e-03 -3.708290554289113677e-03
5.733135409553212838e-03 -6.676912338478439846e-03
1.033146162405656349e-02 9.778721834200252913e-03
8.796259374607081098e-04 1.129715986497179404e-03
1.744738866284227096e-03 8.765764590004448617e-04
6.123182625951175892e-03 -4.652594386925699294e-03
2.891745975175360420e-03 -1.075815064102856114e-02
-2.064743614250242210e-03 -6.562532575722790015e-03
2.134786082683551474e-03 2.900894410554327729e-03
-2.731384322208679771e-03 1.232696103828345800e-03
-1.518198317450015176e-04 -6.197535860217488063e-03
-5.463231663376384890e-03 4.488384987083898769e-03
-7.078359200300317344e-03 -1.194432212524070176e-02
-2.132470987885131362e-03 -1.301585830768876156e-02
4.574265636279821468e-03 2.793938776843595678e-03
7.336331159581935962e-05 1.422522821695667260e-02
5.715844287159939363e-03 4.078188824090427794e-03
-5.507568957698615736e-03 -6.971132201886767396e-03
1.333951914824016232e-04 3.077429493730912723e-04
4.307012234355202598e-03 4.201445657522798194e-03
-4.314164998697874072e-03 5.452566401613743834e-03
-1.962226515877530438e-03 -9.285295366268757344e-04
6.448951081380064655e-03 -2.551671991060558854e-03
-4.803152931296928232e-03 -7.032760618603523320e-03
-4.616080355855078747e-03 -3.677540230683298828e-03
-4.821242322104377781e-03 -3.588610103027683497e-03
-7.448257470102883498e-03 -4.813882077811111083e-03
-2.244455945397573829e-03 1.119114609487442550e-03
-6.474177992752956461e-05 2.099597223738926613e-03
-8.496738822696400578e-04 -2.409990517364907735e-03
-7.852019426721926904e-03 -9.101048963642758942e-04
-1.937447379686435198e-03 -1.200369933191205128e-02
6.111192192063111608e-03 4.540465834214314420e-03
-4.035719431299937716e-03 -1.245895134719782020e-02
7.761364992733405660e-03 -2.560022158024207774e-03
5.437989508226263868e-03 8.609777587628483081e-03
5.325669301258671544e-03 1.341080707838445199e-02
-1.315282988134346479e-02 6.651734068080080928e-03
1.007228702439266765e-02 -2.513768903111501807e-03
2.137436426935189829e-03 2.119873939839669180e-03
5.133040498297631628e-04 3.433150004358158196e-03
1.044390960052746058e-02 -6.379243862402477275e-03
3.848646855858089098e-03 9.103730959277595708e-03
1.430705305734072822e-04 1.229646625368653384e-03
1.067372293346397806e-02 -6.186407579495822526e-03
-8.225031059735727484e-03 9.024348401207861817e-03
1.404385546422740397e-02 -1.335149317448724310e-03
-9.640425088419446453e-03 5.421688308503945508e-03
-6.383283263533123288e-03 -3.593910791531641519e-03
-1.404557977056156495e-02 -1.929815770690350603e-03
2.818925392985176855e-03 5.041444200700862140e-03
9.530292206745036993e-03 6.213134909638902761e-04
-8.060166986678586609e-03 -9.374097724413558291e-03
5.791315213602332874e-03 -1.250242648835433318e-02
-6.455050038299449920e-03 -3.197237714503615470e-03
1.216790873175259934e-02 -1.277496417111534041e-03
-9.427775108372326088e-03 5.012689548132023137e-03
-3.605837340668054287e-03 9.897875381749753759e-03
-1.325753430500878870e-02 -2.242412797283828418e-04
-5.349985418489380980e-03 -4.358630062525341298e-03
-1.476762216881167579e-02 -4.470296178249628938e-04
7.734398531249126255e-03 7.273175328549098297e-03
-7.788538934167600278e-03 -8.297659987669023587e-03
-7.912721805519381396e-03 -5.660506481620487459e-03
-1.071162602141167638e-02 9.809743522509567840e-03
6.195252998787608226e-04 -7.116789191960160542e-03
-2.073492915419114448e-04 -1.153042181056934158e-03
1.071275953928236234e-02 6.835150550904840749e-03
3.228914076027481449e-03 -4.470359481029243486e-03
5.541560414022262716e-03 -1.159141137976318556e-03
-1.171530706071756888e-03 -3.975516378423556499e-06
-2.237303181054901922e-03 -8.534897449649100562e-03
-1.127528661203315227e-03 2.121598246173147552e-03
-4.462871467230279839e-03 -3.548982708745148946e-03
5.890591179258573840e-03 7.292526006730429278e-03
3.888402019644607993e-03 -2.611576101442694524e-03
9.209776380755796930e-04 4.036310219762946974e-03
-9.764480190267352949e-03 -3.298094391294962690e-03
-5.449516923154732947e-03 -1.439710145916358068e-03
-5.518968603123780917e-03 -1.115800096602140475e-02
1.263800900513002874e-02 7.341030471688543384e-03
-5.942544256884433121e-03 -7.075038357137805947e-03
-1.403196114845738172e-03 7.895159318422610012e-03
1.491535454036411329e-03 5.689931633099627045e-03
-4.610779667349870423e-03 -5.239581172112154489e-03
-1.278995660637969461e-02 -2.181630126060409881e-03
1.407506880679224547e-02 2.672534019248688428e-03
-1.463435474684166449e-03 1.121764953739190409e-03
-2.648888400927490276e-03 -1.364499506190551548e-02
-1.272740215174341695e-02 -5.523199658510742800e-03
-1.673435110477716412e-03 7.497432433969147998e-04
-8.931969660885750312e-03 -1.489938917207488459e-03
8.739931646394414819e-03 9.030702897135676338e-03
2.267718255206357079e-03 5.231630139355306942e-03
-3.784032845434433939e-03 1.536080228309215714e-04
3.236274320321998882e-03 6.566508092101214222e-03
-1.543153282206550028e-03 3.861499442912552128e-03
-4.348826953930459878e-03 -5.085047111362501343e-03
8.639601873315676944e-03 4.638672166753452127e-03
-2.397537064517137224e-03 -1.036637911829700956e-02
1.306999871060655558e-02 -1.107986328765776796e-03
-4.270035184324768272e-03 -3.778796041680306406e-03
1.122354101436436220e-02 -3.076151798697872655e-04
-5.790724425139431170e-03 -8.775024969203178843e-04
9.416582942899008601e-03 1.149132132000033925e-02
-7.614142535269387800e-05 -2.087271540395711604e-03
-6.478312348108803895e-03 -9.547982463345684734e-03
2.752922325682514472e-03 1.853083556873505152e-03
4.938527968122028572e-03 -1.210840375557737519e-02
1.684371736942494487e-03 5.460118300163788706e-03
2.284242760580814172e-04 6.261814621187134812e-03
-4.557437532846144931e-03 -1.152604715998457700e-02
6.624496241892874338e-03 7.973615838572471748e-03
-2.665381254906016954e-03 4.421056747655702571e-03
2.803614115934602042e-03 -3.652361960284259464e-03
-4.459119256500243024e-04 -6.313767698812423369e-03
4.402759876896649273e-04 -1.458134786178957908e-03
6.356907590513105610e-03 4.717929283143840885e-05
4.304824909062018867e-03 2.959473348810930018e-03
4.306549215396177251e-03 6.224438436950006232e-03
1.061322803461701124e-02 9.754070467513822895e-03
-4.821242322104377781e-03 -3.588610103027683497e-03
6.565182919974428370e-03 -2.845764084964900326e-03
1.783232742702551415e-04 -1.612668846928610403e-03
-5.930681592500243460e-03 -4.911162372430375768e-03
-6.001985348308114601e-03 -6.537482074828876444e-03
4.760539943306923288e-03 -1.161791482228528285e-03
-6.818242155051381856e-04 -1.225551368728142881e-02
-1.024265926590550366e-02 1.783376337895917554e-03
-4.776777258276910555e-03 -3.486029119903320209e-03
-3.508828410752397233e-03 -3.596960269992475600e-03
-1.851630615242735606e-03 -8.994524115520777241e-03
-2.422443970212107521e-03 1.206572688283560901e-02
-5.463566912831535616e-03 -4.845558439336337953e-03
4.647421467925154891e-03 -3.671712638465590445e-03
-4.199194447477282502e-03 -1.294835598557391408e-04
-7.902327908453873114e-04 -2.947546799674517683e-03
-4.458033797685456885e-03 -3.088030870747938451e-03
3.973755765127921780e-03 2.420591894374644806e-03
-8.448362127234567559e-04 -1.949038679366555792e-03
2.732645609581880759e-03 4.055261763737476148e-03
-5.785088487176788573e-04 6.894399988068341395e-04
1.255358129756476565e-02 -1.737123082983210720e-03
-8.903869681532144975e-03 5.321757669632470877e-03
-4.327879738912722755e-04 1.138066153461971073e-03
-1.650508050125444777e-03 -2.233455434181714529e-03
-6.050617582769531738e-03 1.156687195688934321e-02
-3.563431832629895737e-03 -2.598452149685193720e-03
-6.538216458490149832e-03 -6.987433401608405745e-03
6.194358612253812388e-03 8.330661521319103827e-03
3.723665716090770149e-03 4.429933818331961703e-03
1.025346812286324688e-03 1.578342141150494010e-03
-9.769317859812175903e-03 -3.759046229292173184e-03
3.765943454626984824e-03 3.290542492744918252e-03
-1.334877952746587292e-03 9.685560651150715121e-04
-2.751661038309312617e-03 3.434874310692316579e-03
6.321990096272768825e-03 1.222343819155008102e-02
3.665150662586499387e-03 9.215045417876178806e-04
-5.230640216684352695e-03 -7.456735406571548923e-03
-1.804179957707908576e-03 -3.390201766915153583e-04
4.753179699012977447e-03 -1.219865905535966709e-02
-7.589603694342130988e-03 -2.778563615040688904e-03
4.756500542176848000e-03 5.688207326766610977e-03
-1.533813192570694390e-03 -4.550540307512122157e-03
5.098171063120001713e-03 3.103006898344043418e-03
-6.801095209828971096e-03 -3.095981903504785998e-03
-2.560086042776431314e-03 -2.082896889809343274e-03
-6.038962398337188904e-03 -6.960131690670227217e-03
5.304674027191615820e-04 4.034985047636733581e-03
-6.790956851778939818e-03 -4.197071006936430732e-03
2.434641884051447474e-03 -5.679074717079420033e-04
4.049897190480615874e-03 4.507863434770355976e-03
-8.960069640239357383e-03 -8.301635504047447794e-03
1.003345789852476931e-02 5.155552598753694073e-03
9.880839798365020563e-03 -8.352933908456143530e-03
-1.652695375418628942e-03 -3.475427742893583138e-03
-8.394812512784304362e-03 -5.085973149281232050e-03
-6.334443549119859324e-03 -1.007385190982860133e-03
5.199937952134088548e-04 -4.197869275351177529e-03
-1.347842483608386113e-04 5.761235388907388899e-03
-1.140405161392723035e-02 6.783117180858486139e-04
-4.162680416407233547e-03 2.316158835412818369e-03
5.617238820414569705e-03 2.951123181845458337e-03
-6.615746940721280861e-03 -3.005726603723636418e-03
1.003875858702997850e-02 3.593511657324838411e-03
5.036670415908942738e-03 -8.958345333905878144e-03
1.553163870753276540e-03 6.394347659502566152e-03
4.869283768097451602e-04 -1.135814943420451046e-04
-1.029229724873294456e-02 -8.114099909645892950e-03
1.635995041488255653e-03 8.505999201878002578e-04
-2.150225129237430186e-03 -2.377643656926853441e-04
-1.181206045162762602e-03 -9.258791923739857765e-04
-8.305882385128009887e-03 -4.880811183031363160e-03
8.640655680738964020e-03 -1.076424959794726466e-02
5.178479659107218178e-03 -1.301665657610350836e-02
-1.826979248560521509e-04 -8.712757704958070445e-04
3.261516475472690628e-03 -6.531654482611849374e-03
-6.331793204867650245e-03 -1.788405661698198694e-03
-5.166361455715848261e-03 -7.533339850883268365e-03
-8.457622506428683420e-04 2.096946879486717100e-03
6.695129498790445763e-03 -9.067951311869500153e-03
-8.234115610362474288e-03 -5.277484260061211102e-03
3.176034960484141328e-03 -2.068862725828860428e-04
1.106721876252832713e-02 2.367840548334609017e-03
-6.162219231769560171e-03 -8.368963743474963982e-03
1.685297774861906290e-03 1.414132741310516030e-03
5.047607042373150089e-03 -2.748483790344494193e-03
-2.507206927232520470e-03 -6.346370098256380946e-03
-1.194729713102637980e-04 1.445504154989251007e-02
4.660545419682546840e-03 3.780121213807662115e-03
2.752922325682514472e-03 1.853083556873505152e-03
-1.263701966443952097e-04 1.395181197335987507e-03
3.147040594594458993e-04 7.247997058150059367e-03
9.052576150065912500e-03 3.679791440727563350e-03
1.374665000711114762e-02 1.352632094098886115e-03
4.742913571458499955e-03 2.593662539201037169e-04
-3.697705002907454683e-05 -4.226496158413505563e-04
-3.160595913928331002e-03 -2.456243772278295014e-03
-6.907986958787479606e-03 -1.121392956002511751e-02
-9.807220947760661792e-03 -1.357102862802510648e-04
-8.114355448654321772e-04 3.300616966042726422e-03
1.112089614648777494e-02 5.415317986881742346e-03
2.592225423260683097e-03 2.044594667653483553e-03
-5.036207396947985776e-03 6.935352554479132410e-03
6.744639712119804504e-04 1.218646114152113855e-03
4.715611860519070692e-03 7.586203140731732821e-04
1.150232183121744842e-02 -8.885189502261116312e-03
-2.500900490365810152e-04 2.009341923956636019e-03
-7.196107865276992616e-03 5.775684512791565833e-03
-5.591198396849702754e-03 -8.738335109565491948e-03
-1.386958799876103271e-04 1.254297992055764064e-03
-5.031241957898498901e-03 -3.960631813369279094e-03
-3.412873288258095640e-03 -1.688874157033527171e-03
5.519096372627655539e-03 -1.989352398260391466e-04
4.873658418689263278e-03 1.348129674007853647e-03
4.576117712117283749e-03 -5.298032340864091555e-03
-1.057486192770576688e-03 -1.540039918994634506e-03
-7.021696222633509732e-03 -3.439217309886702725e-04
-3.530031164770510484e-03 2.651203495725229509e-03
-1.048605956955843931e-02 -3.838301017856782151e-03
1.367269590705163726e-02 5.073328624150431204e-04
-2.996785648295835491e-03 -5.451768133200139352e-03
4.340205422262741891e-03 -1.123977832933377788e-02
1.746926191578771718e-03 2.118548767713455353e-03
-7.068348611755521579e-03 -1.688475022826044052e-03
9.747779856336980311e-03 6.732665685891805682e-04
9.811723367850334887e-03 -8.737281302142775596e-03
2.816738067691993124e-03 3.799471891988993530e-03
2.251943959195966318e-03 -1.439183242204429385e-03
-1.649374532256117978e-03 1.441143863923155174e-02
3.599945863699945126e-03 5.044094544953751230e-03
-2.187489369670754871e-04 -5.339910945191572375e-03
5.265557710923898663e-04 -4.719523492148915795e-04
4.174670850294727106e-03 -1.150921905655215120e-02
1.255139397227158192e-02 -2.979095391695080197e-03
-1.370928964856250442e-03 -3.500079109579551720e-03
3.288818186414841889e-04 -7.030908542762635176e-04
1.039494211660953182e-02 2.391166742894363772e-03
2.315759701205444970e-03 5.072050929110588852e-04
2.989425404001318058e-03 -5.585099439930317489e-03
-1.108265780908356674e-02 2.952894965258913776e-04
1.119449858942593058e-03 1.157839937181781055e-02
-7.546399917888437642e-03 -7.963940499481465818e-03
-9.540430564798142200e-04 4.797756124686532609e-05
-9.106253534025360308e-03 -6.727268879274696245e-03
1.153698378645003422e-02 1.652424010715130599e-03
1.211906901733933450e-02 -3.864022017660314993e-03
-9.486290161876596849e-03 1.504260271587679748e-03
-4.155064633104966001e-03 -9.360846003151613443e-03
-5.003141978545682864e-03 2.851064773468857914e-03
-4.517347119604473576e-03 -1.390741079428463138e-02
3.198035982918362267e-03 8.559006086928994030e-04
-9.564155893562877736e-03 -3.847976356947787648e-03
-1.873759407182192492e-03 1.299625209049739757e-03
6.027562752912596182e-03 2.773262926534908988e-03
5.086308398736382776e-03 9.391309136359319264e-04
-5.679330256089890408e-03 -1.632546428821870501e-03
-2.882070636083784200e-03 1.168005431702344270e-02
7.980912198114658088e-03 1.009083943416039415e-02
1.445346083875356444e-03 2.322385561835507099e-03
3.710481953430981583e-05 -1.093428659000495254e-02
-8.156988336177704163e-05 1.083170560688058795e-02
-9.812521636265870983e-03 1.426330655148604597e-03
1.860172436464415605e-03 -6.728466281896926596e-03
-3.688875991354878710e-03 -5.249256511202479540e-03
2.698318903805015968e-03 2.851591677180786814e-03
4.825153953731148304e-03 8.095547499879309633e-03
-3.098041459293985386e-03 -5.797813304729089803e-03
-6.096679183427282725e-03 -3.157610320221541922e-03
-3.229712344443589137e-03 -2.840591165964247503e-03
6.872526735136501915e-04 -6.634634599941897524e-04
3.923526993836220014e-03 5.903044632106343483e-03
6.910765072544925065e-03 -9.240271165365230611e-04
-9.528104881451854996e-03 6.206588177479774662e-04
-1.082785786000603837e-02 1.010383561641390975e-02
4.724317758434196102e-05 -1.203537569343659727e-02
-1.433092256329363164e-02 2.921841625564691736e-03
-3.887140732269475825e-03 7.899533969008977474e-03
-1.323478307321994136e-03 5.155424829250390174e-03
-5.624726834212391904e-03 -2.631054549129151730e-03
1.686559062235107927e-03 6.702090608876337327e-03
-2.826078157327847895e-03 4.612567858435681623e-03
-4.661008438641571321e-03 -1.757128434380454945e-03
-4.811231733558221126e-03 6.667236999388114795e-03
-3.235013032947437004e-03 -1.278550224534249959e-03
-8.479831008812468290e-03 -7.841977186783346578e-04
-2.209666220661112099e-03 2.997919166162441593e-04
-6.951653754200771626e-03 -4.005559896156452547e-03
-2.572411726119645890e-03 -2.223780095089567151e-03
6.322916134190820388e-03 8.177452632695666676e-03
-3.669988332132683231e-03 -1.382456379785969606e-03
-3.419898283096102325e-03 -3.391798303742605842e-03
-8.878755295886688742e-03 3.580531300765710592e-03
-1.044697490468336331e-03 -3.422149493141618450e-03
-5.468069332921206976e-03 4.027433149086688709e-03
5.355749125953614652e-03 7.735963416692784658e-04
1.617107382266630682e-03 -3.016200211229389579e-03
-1.183637656885947603e-02 -2.066149078793879171e-04
-3.801659217281497249e-03 1.574765758980695238e-03
1.213172995013770197e-02 5.610804614040143870e-03
3.781845520137738260e-04 -1.395580331546896001e-04
-2.491640111171693206e-04 -2.036643634896636874e-03
-8.278006293392942833e-04 1.000973256975832247e-02
9.364294615817997727e-03 2.374865543172724556e-03
-2.174078227509114274e-03 6.791419870739216769e-03
-7.775718580470217939e-04 6.527279832025942481e-03
1.193590807352482887e-02 -2.712305008729595963e-03
-1.051289826153748233e-02 -5.362039737129778091e-03
-8.841650476352378926e-03 -7.353755289239241946e-03
4.874584456608673996e-03 -2.697855884845419897e-03
2.181901490762657055e-03 2.222454922964033335e-03
-4.755239254801714964e-03 -4.002494592003271595e-04
-1.031648559645977938e-02 -1.041885909963422875e-02
3.715379433879562043e-03 -2.560948195942939348e-03
-6.700765436750803945e-03 1.296048826878118225e-03
2.928595255700559667e-03 1.021435180660233526e-03
-1.205697758166344308e-02 2.545445264636046930e-03
5.430964513386897161e-03 6.906853440918262962e-03
-4.579103305824644421e-03 -3.254890614840806173e-03
-2.724822346330269592e-03 4.958613029965312086e-03
-6.611372290135483255e-03 -5.217819862992196210e-04
-1.142041669840504134e-03 7.387427321792333895e-04
-9.663224379267844333e-03 -2.952049219764869489e-03
-1.153168309794482677e-02 -3.214464952143985393e-03
2.650660766320054283e-04 -2.649479189391751571e-03
-4.838150135985101914e-04 -2.690431755800501250e-03
5.107511152755856917e-03 -5.309032852080630867e-03
-1.402530305446092994e-02 -4.131993977554322683e-03
4.011195834117382321e-03 8.202487307899296396e-04
9.273304932375686649e-03 -1.042920493763485265e-02
-2.425429563919467325e-03 3.512803927130711285e-03
-7.594904382847340180e-03 -1.216522673611833243e-03
-9.892702462749210224e-03 6.189057923748713351e-03
-1.933663517564899320e-03 3.860174270785876431e-03
1.699810783497734089e-03 2.796988255303288311e-03
2.446632317939511757e-03 -9.760967692847954957e-03
-1.406678252457967820e-02 4.318347995027354939e-03
1.149967148696581093e-02 -8.104169031546457763e-03
7.215330773955128986e-03 7.425059045047003800e-03
-7.276783362110419116e-04 -6.289116332125312472e-03
-2.863853475773030319e-03 -3.121032404399160572e-03
-3.547322287163784393e-03 1.340630465829409888e-02
7.554941739109545182e-03 -7.759049897935556273e-03
1.098220026650016494e-02 6.669615978937506844e-03
-8.051607593849083311e-05 -4.571216157820128835e-03
-4.116363276742303172e-03 -5.673231299170505143e-03
2.120736093006748806e-03 -5.049538828656520472e-04
2.627015147998505284e-03 1.225271974783427153e-03
1.286967441390264935e-02 -5.581043631136314159e-04
2.192119559261012686e-04 3.316918165764365205e-03
-2.485541154254021848e-03 -1.461752664340015134e-02
-5.811799409654241390e-03 -5.986274937049377090e-03
-1.218103268350998955e-02 -6.174337435161717652e-03
-1.001158464558920018e-03 7.264170488371600454e-04
1.043734762464905083e-02 -1.010516078853944226e-02
7.622206093785409420e-03 7.172686134576220125e-04
9.792580169619598263e-03 1.010979097813377928e-02
-5.969845967823863252e-03 -6.575784296984736599e-03
1.983301500392339357e-03 6.037301976755934073e-03
-8.596861115821008079e-03 -7.801056271767021870e-03
6.870339409847533996e-03 -7.876606908656024961e-03
-1.028527225389493788e-02 -6.411175762936814279e-03
5.683704906676477963e-04 4.116491046248110276e-04
3.237200358240050011e-03 2.520522533246799014e-03
-9.095779926523469942e-04 1.505585443712291558e-04
9.008909354652620480e-03 1.088816110459622961e-02
1.066173249957512448e-02 3.006652641642368427e-03
-9.755267870135373234e-03 -3.531979358721926490e-04
-1.199522139544327570e-02 -8.107074914807776977e-03
-5.059134457301618301e-03 9.918551232056619857e-03
-6.859275013879451155e-03 2.729532246369965453e-03
9.345646087939281713e-04 9.465151292609453801e-03
-8.273376103796973441e-04 7.986739790330432687e-03
2.047708030866079304e-03 -5.396238673402087814e-03
9.893500731163386297e-03 1.121892723244317068e-03
5.110033727504191374e-03 5.266882883051474465e-03
-2.273481962671161909e-03 -1.646596418498563665e-03
3.947252322604028613e-03 1.023079660152188472e-02
1.372190252231383044e-03 8.788036977145835538e-03
-6.008212074731374489e-03 -9.294555745456068753e-04
-3.252974654251011496e-03 -9.191335914805854462e-03
-3.920206150673710352e-03 1.198382175001879053e-02
1.244702479806140787e-02 -5.211273130833063774e-04
-1.121301934780055340e-03 -3.486428254110122450e-03
-7.824254696823473160e-03 -3.432351735944552847e-03
1.038135514589355211e-03 -3.037674329946676074e-04
1.527458696644131038e-04 2.151550301364215604e-03
4.041147889309021531e-03 -4.600258000784789199e-04
-2.421390162797337395e-04 -3.337194881868775953e-04
-1.783903241607846454e-03 -2.541198383554805693e-03
-9.929216493819260914e-03 3.743415528480154540e-03
5.994960353468747026e-03 4.834557928118656325e-03
1.020509142740931444e-03 1.117390303153964395e-03
2.851990811388840658e-03 9.571564196917294173e-04
5.199889893077177389e-03 1.426059290445787133e-03
1.947378257786551697e-03 -9.788269403786133485e-03
-7.989820920169818722e-04 -7.915436034523352579e-03
-2.694407272178025461e-04 1.655345719673340685e-04
-7.804296822505069758e-04 -1.338257932952639957e-02
-5.111885803341653656e-03 2.825088234656213636e-03
-1.057074281613145164e-02 9.797417839166351963e-03
-5.589011071556519022e-03 -7.496362800853623339e-03
-3.641425333820052113e-03 3.406247427626782343e-03
3.949104398441491762e-03 2.138825483814197920e-03
8.192300890787216142e-03 4.393882806221508820e-03
-4.829193354861795184e-03 -1.245548690883489492e-03
5.035009412348830440e-04 1.386818253421004052e-02
4.152079039397606197e-03 8.079230474467144138e-04
-1.170112930153825205e-02 -7.990843076212842538e-03
2.206089838490062158e-03 4.527214112951687824e-03
4.349289972889486093e-03 3.062054331935293739e-03
5.441230640942163951e-03 -5.551171868359685083e-03
-9.958577760550719332e-04 -8.356238925928371726e-04
-1.064238182139447264e-02 -1.162845289652386302e-03
3.803718773063869416e-04 1.102414275557859428e-03
-2.277856613256959081e-03 -4.130541035922981330e-03
6.372346637068345213e-03 -2.615950752029062853e-03
-6.348049255432836047e-05 7.387555091304748994e-03
-1.109935814301257935e-02 -2.329538326178748862e-03
3.857523926533557197e-03 2.714683988278987145e-03
5.362311101833956879e-04 4.499513267806706405e-04
1.030163733836880063e-02 -2.979398407787813355e-04
2.644752881677441339e-04 1.073044979588175761e-02
2.915806553396958420e-03 2.903544754806075372e-03
3.264039050220454360e-03 4.044261252520936836e-03
-6.836347953525818630e-03 -2.536664312075215602e-04
-1.512865977560330817e-03 1.191516833846506009e-02
7.401317890589217095e-04 -4.926936668440085217e-03
-1.131440292830086618e-03 -2.385339150678477283e-03
-1.134553656042682369e-03 4.186740994629268913e-04
-9.700664448257874731e-03 -1.351706056179474529e-03
-2.860404863105284277e-03 3.408897771879671867e-03
8.040753005722758515e-04 -1.433748453917204138e-02
-6.734166104608257583e-03 -3.953606818531843134e-03
7.788331454221548295e-04 -1.239321964459659097e-03
2.983198677578058171e-03 2.292706035295229670e-05
-2.518734342161559406e-03 8.236973434564245130e-04
8.928521048219364292e-03 -5.039991259070201665e-03
4.720912549024849740e-03 -8.034206273563621742e-04
-7.729560861704304169e-03 -6.812223490551888236e-03
-6.348365769293358527e-04 -1.577016969024960195e-03
-1.228182547555047542e-02 -8.543375386119017589e-03
2.008415886039156481e-03 4.296075607890315236e-03
-5.549511446779110263e-03 3.502202550119832766e-03
7.099098935360766138e-03 7.719151138951345706e-03
3.198035982918362267e-03 8.559006086928994030e-04
-1.274767886784541025e-02 -3.321021451647914770e-03
9.822708053372948295e-04 -4.593217180254349774e-03
9.140244990347073939e-03 -1.403004460588850276e-03
1.654547451256091440e-03 -4.616543374814104962e-03
1.462174187309033414e-03 -6.409722821305473793e-03
-3.791520859230895248e-03 4.736766555483698429e-04
-5.514721722041858801e-03 2.682879857250456378e-03
-2.019017263048213107e-03 -1.171993725031462898e-03
-6.609057195338994758e-03 -1.063674588343411533e-02
-7.095889454035927968e-04 -9.733266847701153163e-03
-5.741293922261905477e-03 -1.167090588164504741e-02
-1.310689605019753779e-03 3.273315255103406013e-03
-7.387092072345042768e-03 -2.086473271980964373e-03
3.779530425343400821e-03 8.719383565590963642e-03
1.692658019155063483e-03 1.245100031443983207e-02
-2.718132600946052743e-03 -2.672406249744704084e-03
1.119577628445896957e-03 2.214631659710466160e-04
1.722737843851367048e-03 -1.862104222741989192e-04
-1.488120366315382956e-02 -9.339579946359586812e-04
4.231669077416685444e-03 9.425124764120116141e-03
5.658590521030802505e-03 5.857717415112368223e-03
7.894345224312112382e-04 -4.363403847318511435e-03
3.621483867173779826e-03 8.129874205655602398e-03
-3.333618499693376952e-03 -2.405615866778539405e-03
-4.720114280610103810e-03 8.114371274348710847e-03
1.970049779129712762e-03 9.942404330328984824e-03
4.595931409258891681e-03 -5.477217768300854731e-03
1.180264400331530912e-02 4.341782392913729957e-03
8.324136897808558609e-04 1.202041823415480118e-02
9.824874526916148668e-04 1.443896270538056088e-02
-2.266525339429671573e-03 -8.539619274443990132e-03
2.143638217340246288e-03 8.801288726548396960e-03
8.471536686636018873e-03 2.502431260196407228e-03
-3.369353622011432223e-03 -1.026281765414756471e-02
-5.077760943186979646e-03 -5.768893950834125608e-03
5.620466822510429734e-03 -1.323479472384259809e-02
-1.084439240670784406e-02 -7.783557421282203109e-04
-6.309652606926618133e-03 -2.781971354596941056e-03
9.514924212671693748e-03 1.142771391824573893e-02
3.265122094774882463e-04 -1.496441901453873270e-02
1.325722064849880165e-02 -5.883497093799434051e-03
-5.853702652098640401e-03 8.019636313678437517e-03
8.102578325665198838e-03 4.103733854934903287e-03
6.898924425030678043e-03 -4.382708444631846015e-03
-7.002607464729366203e-03 1.234583529106896005e-02
4.778008644201058204e-03 1.330024499503026231e-02
1.334903660656433684e-02 3.175266670298586107e-03
7.296999434723122277e-03 1.797346671320132093e-03
5.993653250584397678e-03 9.441931127442784386e-03
4.889981788966028635e-03 -6.818510833078518345e-03
2.689874405247786801e-03 -1.766117062700887442e-03
-1.462408578512789693e-02 -4.280072578359970159e-04
3.780996356913798873e-03 5.098546489880375655e-03
-1.594068762164745513e-03 -9.961270765125181462e-03
-8.241627594135700341e-03 -2.828291642433025752e-03
9.284088810067708461e-03 7.003174073436305679e-03
1.140290505545777690e-02 2.905222176450389295e-03
7.363310947801256397e-03 -6.025379510262135474e-03
-6.784977270257480653e-03 1.224718836118653988e-02
5.973984481000432951e-03 1.043930470017821396e-02
4.709906399113687227e-03 -4.622487307367913016e-03
-3.720762811779140724e-03 -1.304391778721875408e-03
4.711104615273402352e-03 -9.014058981356347020e-03
6.420787139791508079e-03 3.880398679278829113e-03
-9.187632927609963931e-03 1.493705796004149433e-03
1.091696101921619394e-02 -7.092525236918504478e-03
1.384721359142712140e-02 2.667017395244977631e-03
-1.300088073792291660e-02 -3.347688022700914205e-03
4.591518755226733743e-03 8.433568740275388959e-04
-4.297877651140647771e-03 -8.053268953303591160e-03
3.488394401644186356e-03 -1.019214485878605202e-03
-1.090996909715669441e-02 9.366925897991765920e-03
-3.187027570349704794e-03 3.720984444035257445e-03
-4.244585451534914865e-03 -1.370885881516128307e-02
1.045408584689523981e-02 -1.526926567200798546e-03
1.205381723158239528e-02 -6.506921871540143586e-03
8.096023687651792214e-03 9.882301666744862031e-03
1.495469103860365759e-03 8.998370796906689781e-05
