-8.893012765493441094e-05 -2.051619662487274968e-04
1.062269589375674193e-02 -1.001490548875829528e-02
7.811482402186433263e-04 -1.135428586159455480e-02
-4.707996077216803146e-03 -1.243562515263760444e-02
2.557740460584203776e-05 -3.764219148292826007e-03
-2.138825483814197920e-03 3.949104398441491762e-03
7.865734166944152173e-03 -5.017990236636661605e-03
-7.327650980923292902e-03 -2.624029554290355747e-03
2.437419997808892499e-03 -1.270586414826958485e-02
2.694407272172316052e-04 -1.655345719666536774e-04
3.178685304736350841e-03 -9.879067432982250371e-04
3.697705002973304244e-04 4.226496158416711765e-03
-4.122590003164992335e-03 -6.520479888791558612e-05
-7.066161286461548549e-03 -4.465027141123539822e-04
9.675339091005713196e-06 9.219036759955622200e-04
4.217235779226191986e-04 4.009008508824769314e-03
1.970640567593974057e-03 -3.437524654944526092e-03
2.272683694256985836e-03 -5.664354228494465453e-03
-1.872961138767445695e-03 8.610575856042088430e-03
7.333877707345981198e-03 -2.983996945992234678e-03
5.704300464563858558e-04 1.301055761918480311e-02
1.066232328803881461e-02 -1.037327634363045988e-02
-1.754078955920082301e-03 7.535463291424229423e-03
7.560912926524265658e-03 9.346796013474240050e-03
9.423272688282654727e-03 3.860302040291002657e-03
-5.169474818927083555e-03 -4.729326600740721767e-03
-9.830148008112934294e-03 2.847488391298378264e-03
-3.003475393678691450e-03 2.179251146511018700e-03
-1.723200862810963336e-03 2.209203201702086752e-03
-1.724925169143980055e-03 -1.055761886438349919e-03
-2.687382277340808617e-03 3.358269866380597136e-03
5.632550097464574662e-03 1.164492934283125995e-02
-6.674389763726133089e-04 4.842780325581066969e-04
-3.024550378194861260e-03 -2.929521293619181954e-03
-1.118517490745627938e-02 -5.338713542570022903e-03
9.368797035908460122e-03 -6.498126045248479345e-03
-1.092633555724810412e-02 -2.380166231677824026e-03
-7.092536959480994635e-03 -3.993234212813236671e-03
-5.527047405384502218e-03 2.541996651969552490e-03
6.512303804430517526e-03 1.417709123482137346e-03
-3.416449670429716739e-03 3.138131872535084715e-03
3.487625656732352367e-03 9.845124035709718405e-03
-2.553524066898020702e-03 1.643020036327623012e-03
-6.328216822696599436e-03 -6.615411691266130136e-03
1.068327050305032007e-02 6.092432302345361476e-03
-8.300709466128035341e-03 4.914084081386083623e-03
8.320986182228099631e-03 -7.116262288249373957e-03
1.531290617822359933e-03 -6.025375427619983175e-03
-1.660646408175475838e-03 -1.132366330750069362e-03
9.052033420659789898e-04 -2.634503161794966158e-03
4.697522469712191867e-03 4.202770829648333310e-03
-6.183086736333312863e-03 7.213143448661155088e-03
-1.178661081652623149e-02 -1.666074866184559869e-03
-1.649246762750311741e-03 3.054502433384568855e-03
5.828164494128103279e-03 -7.228406666662193919e-04
2.243657676982827032e-03 -8.430065256479791005e-03
6.589036018245541734e-03 -9.874948321396122969e-03
-5.422215212215873541e-03 -1.938964206068747621e-03
8.456568699005044196e-03 -5.566547030163272736e-03
8.523242265212784127e-04 1.628970046650249403e-03
-2.245126444307388690e-04 -1.754877224336189988e-03
6.031602154041092005e-04 -4.076735882463874711e-04
3.661111261455853375e-03 7.771503350783436938e-03
1.816505641051123802e-03 4.799033819717388009e-04
-4.392956768302777246e-03 4.146315331933371658e-03
3.891978401816229526e-03 -7.438582131011305977e-03
3.750169158616594497e-03 -3.380270888814818075e-03
-2.672406249744023639e-03 2.718132600946623467e-03
-6.153581292428784294e-04 -1.109014582288195966e-02
-2.738409317046686022e-03 -4.702280428807328709e-04
5.664354228494465453e-03 2.272683694256985836e-03
-1.125488212643386762e-02 7.656868049017996961e-03
-5.546270314063210180e-03 -1.065874690586833540e-02
9.637311725207420993e-03 -2.617675058363220803e-03
9.184582284671238134e-03 1.005651272838227646e-02
3.709615726415327937e-03 1.024085524913123484e-03
-2.917323379780631734e-03 1.452236978932070627e-02
1.455059753817875695e-02 -1.627916239227532834e-03
-9.756992176469530750e-03 -3.618163024011268863e-03
8.893012765493441094e-05 2.051619662487274968e-04
9.867923326557545560e-03 4.886111871537143075e-03
7.818954008318834692e-03 4.994392677372728497e-03
3.132958953535111904e-03 -6.378445593987730478e-03
1.683573468527747689e-03 -1.850832346828559750e-03
2.174876495924650370e-03 5.195307762549543395e-04
-1.627245740317232684e-03 4.117289314661714758e-03
5.387888506438437593e-03 7.352941195127387329e-04
1.242371442918671284e-03 3.653287998203670617e-03
8.182625551695637753e-03 3.471979130226626829e-03
2.613428177280157239e-03 -4.203569098063079240e-03
3.986209217975801578e-03 -8.795461106190753317e-03
1.512738208056456195e-03 -5.582321326176166269e-04
-3.152948479231360360e-04 6.131931927122770236e-03
-1.270726961281387624e-03 1.224888782665011638e-02
3.293991105412093136e-03 2.763986721652528060e-03
-3.106455511009857846e-03 -1.431759113158368856e-03
4.111190357742330360e-03 -4.121663965246940772e-03
1.016651784055223884e-02 -3.870647878290948713e-03
9.684762382743038189e-03 6.037828880467862105e-03
-1.496037874126873290e-03 3.183059955321576855e-03
8.700432021616435335e-03 -1.967862453837099321e-03
-1.144944271567353844e-02 4.621716293814078641e-03
3.768593798879193903e-03 2.509522022029578824e-03
-2.106223084370920356e-03 1.887809396858424436e-03
4.359556100443391993e-03 -9.395970977343796188e-03
4.684270748450926163e-03 8.107873183222523775e-03
3.390744496320570803e-03 1.198302348160450517e-02
-2.581751815754930370e-03 6.188259655334427123e-03
1.191424230054518793e-02 5.558851536415537059e-03
1.850832346828559750e-03 1.683573468527747689e-03
-3.863750652956817085e-03 2.893342512004282857e-03
-3.621611636678444181e-03 3.227062000190018733e-03
-3.088829139163365260e-03 -2.852916849307462512e-03
-5.080544691272149103e-03 -4.524164634491995192e-03
-6.812494855253564685e-03 -7.282850667640104227e-03
-5.364035408166754372e-03 -7.764478355944640087e-03
-5.397436076023637286e-03 -1.301413400135528406e-02
2.431991539799808685e-03 2.131129990067164373e-04
-6.852250019040084447e-03 4.432456393080186005e-03
-1.004405927553461697e-02 -2.031470715896663195e-03
-4.088263297388697835e-03 1.138465287669454193e-03
-1.752099110576593906e-04 -1.191344403212793879e-03
-2.005765541786157236e-03 -5.077096078603831469e-03
4.675776986285235751e-04 -1.957388846331347028e-03
2.158974430410956144e-03 5.205653600541981785e-03
-5.372912478843012637e-03 -1.375431384947854068e-03
2.261954547742122974e-03 8.816663860211369774e-03
-1.081023148815897506e-02 8.682677880264135645e-03
1.270599191778083292e-03 -8.919516208033522863e-04
8.972523093091318768e-04 -2.914417496514524900e-04
2.424966544961012702e-03 -1.489811147704184560e-03
3.143688100050850151e-04 -2.085946368268355462e-03
-1.295157954671957712e-02 2.055866543573983511e-03
-5.180203965440804970e-03 9.751691487963752569e-03
2.300783673609230716e-03 1.147342358344352001e-03
6.698115092497233976e-03 -5.150283561639215461e-04
8.653779632496924959e-03 -3.312415745674692977e-03
9.032299433965849944e-03 5.881969647590854118e-03
1.627245740317232684e-03 -4.117289314661714758e-03
3.191809256494531656e-03 6.463927108976849634e-03
1.171623309863834006e-02 -4.006230395067894579e-03
-1.208044737142376784e-03 -2.449617911646301271e-03
-7.528438296585652015e-03 -5.115480921168407552e-05
-4.139418106599239595e-03 8.666903584253746184e-03
2.208277163782674732e-03 5.769186421664236446e-03
1.299200520941639833e-02 4.896713248546199701e-03
1.803828300576317684e-04 1.098623966763024110e-02
4.243739221748287112e-04 3.227988038109430753e-03
-8.923092590210852937e-03 -7.878985888205417010e-03
1.326926919988379505e-03 1.374505347027300383e-03
1.327032300731103079e-02 -1.657868294418601320e-03
2.915378677746313651e-05 -8.591225177861438328e-03
6.357626148487475473e-04 -2.468968589828312698e-03
-9.368797035898448599e-04 6.498126045247603743e-04
9.423081615957216040e-05 -1.356878975179447340e-03
-3.455151026792379135e-03 -5.494828314460224999e-04
9.329169641626385706e-03 -6.139755190376313884e-03
-3.612862335506849838e-03 8.194951235038853629e-03
5.078022116523243923e-03 -6.051751100639430128e-03
-2.215429928125916929e-03 3.884825637472987328e-03
-3.029052798284533055e-03 5.943470294803844707e-03
3.361846248552218669e-03 -2.139623752227802836e-03
-5.281332006934508216e-03 -1.951289889413323087e-03
-1.218646114152794301e-03 6.744639712114095095e-04
3.702590731576531520e-03 -6.788386217977775139e-04
8.844763839564975111e-03 4.549742039097836796e-03
-1.053536230293015963e-02 -4.401833838979036378e-03
-2.129022375218746210e-03 -6.485928131411071440e-03
-1.289949869958734044e-03 -9.518557311866302720e-04
1.824584443313777803e-03 -1.322009423601875830e-02
-5.500671732365055265e-03 6.088728150670436046e-03
-2.642454194552955153e-03 1.437858070078895569e-03
-3.714916414919746529e-03 5.379554165175542881e-04
9.210287458780382769e-03 -5.064642625757311695e-03
-3.701664693658480391e-03 -3.367146937056637260e-03
-8.605275167538811720e-03 -3.435002080196762359e-03
-6.886448955314216497e-03 -8.128149899322586330e-03
-7.059264061127415620e-03 1.261335763844416945e-02
5.600842084550793423e-04 -6.579232909651231906e-03
9.791574421252700194e-04 -1.789203930113625936e-03
7.920337588821648941e-03 -6.016498356943943485e-03
-1.752099110576593906e-04 -1.191344403212793879e-03
-7.865734166944152173e-03 5.017990236636661605e-03
-1.208600359893567157e-02 -2.202657633488171868e-04
2.689106583673825553e-03 -9.330477824016046584e-05
1.084615473076476488e-02 7.142893500277931046e-03
7.167544866964362799e-03 -1.056438832020431713e-02
-1.280009496443029748e-02 -1.080541022628084269e-03
5.422215212215873541e-03 1.938964206068747621e-03
3.433948272778833627e-04 6.797646597158284263e-04
5.231231005146682808e-03 -5.923193578702422128e-03
8.452992316838428858e-04 -7.395410005950982160e-05
-1.542690263247524247e-03 1.838506663485344741e-03
-7.150716763531474694e-03 1.832279937061514347e-03
-7.618166692655334131e-03 -7.567267422452760191e-03
9.970105175475106607e-03 1.186171484212820634e-03
-5.107814750819998639e-04 7.142765730774627148e-03
3.585432855063545952e-03 3.661239030961660045e-03
4.799704318629752914e-03 5.028304423240104355e-04
4.455766761943026361e-04 -3.020175727607132907e-03
1.277636963566191816e-02 -3.247210946786777824e-03
1.079614984710033140e-03 -8.754109405575881409e-03
7.753749209429778091e-03 9.116982680539080855e-03
-1.291674176292892644e-03 -4.216820819325705835e-03
-1.935067818201142639e-05 -1.843807351991124440e-03
-4.296075607890996115e-03 2.008415886038585323e-03
-2.651203495725910388e-03 -3.530031164771081642e-03
-5.321757669632470877e-03 -8.903869681532144975e-03
-7.392728010305401817e-03 -9.858375756972345000e-03
-6.753644552294144066e-03 5.559522035324475885e-03
-7.306448226902677312e-03 -8.872193320008278997e-03
-3.573107171720330509e-03 -3.520355825681436603e-03
2.564125443908438218e-03 -4.767101919185333034e-03
2.909244577517977517e-03 -8.223721713302102523e-04
-2.562273368069615045e-03 -3.324869198521211884e-03
-1.109311500891991056e-03 -1.267948847525013530e-02
4.104835861813834960e-03 1.284329874088263081e-02
8.097909489808712176e-05 2.548223378392241653e-03
-3.775618793716629864e-03 -4.212446168739338373e-03
3.653287998203670617e-03 -1.242371442918671284e-03
-1.294324520545101940e-03 -3.435800348610367275e-03
-1.329577264241949691e-03 -5.934848763131034873e-04
4.376256434373193907e-03 -6.771143154637332753e-03
5.518170334709603976e-03 3.847050319028376495e-03
-1.397432407382075007e-03 4.310125597567227192e-03
-7.042882568978128810e-04 -1.129530778913068884e-02
6.506204847511133128e-03 -4.331200582082037412e-03
-6.557231887217010100e-03 5.027026728207065372e-04
-2.051747431996726184e-03 1.224623748239790644e-02
-8.559006086928994030e-04 3.198035982918362267e-03
-2.939994901123792366e-03 -5.208303944794410306e-03
5.634402173303396967e-03 3.552958225124714167e-03
-8.670352196922062951e-03 -1.066934828287739202e-02
-1.724126900729014249e-03 6.255188760556501526e-03
3.848774625362534445e-03 -2.253205246570528196e-03
-5.923321348207086917e-03 6.125705200698939625e-03
1.762637184803753088e-04 -1.421157736148724246e-02
1.016029111412955141e-02 1.737378621991640844e-03
-2.166797693663138034e-03 -1.421952839424409087e-02
4.811103964053774912e-03 4.689699206460009977e-03
1.035127532119623980e-02 9.599536406763028301e-03
-5.064642625757311695e-03 -9.210287458780382769e-03
-7.651822899521327180e-03 9.896949343830343040e-03
1.066484586278772066e-02 2.026393915009645774e-04
4.919384769890721223e-03 6.738668524699861426e-03
-9.645262757965629430e-03 4.960736470505593132e-03
-9.732340809783100732e-03 -3.336396613450822411e-03
2.352736751234519273e-03 9.298547087524093330e-04
2.594875767514253501e-03 1.263574196939286874e-03
1.104936850306765042e-03 1.019554385782503805e-02
6.408397649179940411e-03 1.852684422666022249e-03
-4.001057476066780319e-03 -1.921337834222255469e-03
-4.340875921173042475e-03 -7.428108523506695565e-03
-3.404123987086501730e-03 3.279015077815307724e-03
-6.225236705364291592e-03 -3.004401431598103904e-03
-4.630752785374906734e-04 -6.915602742090537318e-03
-6.987832535817030746e-03 2.882741134994084350e-03
-1.452834097673178209e-03 -2.002316929119200492e-03
4.355053680353720633e-03 -5.229793889207688760e-04
-3.830222215595488824e-03 -3.213938048433198809e-03
-1.679869316852822259e-03 -1.433310988858681537e-02
-1.535665268410088720e-03 3.541430810195104074e-03
-5.918946697621860036e-03 8.609649818124037735e-03
-1.027387260846977443e-02 -2.224306998802175628e-03
1.997335082396444958e-04 1.283004701962136423e-02
2.147574784985791831e-03 1.018784836407344001e-03
-1.235218678576570535e-03 -1.330730005733953350e-02
6.541457591207980662e-03 -7.173516054379300982e-03
4.511040682734033386e-03 -1.253237854354472165e-02
-6.737742486780449840e-03 8.733992110374483309e-04
-3.564485640053182379e-03 1.280446961501552350e-02
-2.257707666660200424e-03 5.024216963060491349e-03
2.631852817543898528e-03 1.686223812779957202e-03
-1.652567605912821404e-03 -1.483236394874056646e-02
-7.572568110958540107e-03 9.180207634084868937e-03
2.111523772874197499e-03 -3.449850338287741534e-03
3.081804144323427395e-03 1.149992702597922405e-03
-7.546064668433286049e-03 1.370002926938770037e-03
-3.383719501481774385e-03 -1.028009933489360504e-02
2.633577123876915463e-03 4.951188900920393439e-03
2.006691579705568822e-03 1.031110519750559010e-03
5.606302193949791630e-03 -3.258738361715246036e-03
8.887967616017310168e-03 -6.356348453440824331e-04
-1.671120015681228782e-03 -9.365220653737980905e-03
4.266921821113532978e-03 6.582809291822852571e-03
6.346897001968310713e-03 -1.020866780958321757e-02
-3.021101765526544494e-03 3.600408882658970040e-03
8.835088500473969181e-03 3.627838363102274793e-03
3.154161707554585178e-03 -1.262660935970429284e-02
-7.484180712707006475e-04 -2.063945345834134523e-03
4.384079697625376665e-03 2.242731639064775902e-03
1.086470714053066819e-02 1.675750205275564932e-03
-1.336602259079385218e-03 -2.296409023022862386e-03
1.298590625249701133e-02 -8.521964570179741891e-04
-2.335110379386666664e-03 -2.351012444900360890e-03
4.161291359528796613e-03 3.752819502867661694e-03
-2.367712778831304685e-03 -2.897174433184358799e-04
2.969946956316002300e-03 3.928029413925321518e-03
-8.417228495122218955e-04 -4.753051929509101090e-03
-1.128033176153504444e-02 6.415099146520053530e-05
-2.342135374225463081e-03 -4.053936591611261887e-03
-1.627564582111400496e-04 -1.240739740377933345e-02
-1.427384462573142842e-03 5.590400128434955956e-03
-2.585998696836852486e-03 -7.652621167937434868e-03
-5.411613835205675467e-03 -5.063046088928960416e-03
1.339252603332955188e-03 1.515388552308665707e-03
-9.718163050601063419e-03 -1.128748452587714432e-02
-2.982428568776458733e-05 -1.007666167497903512e-02
9.503453514765993967e-03 -9.024252283091043630e-04
9.685816190166895989e-03 -9.365092884233533824e-03
-4.370955745868556307e-03 5.209102213209157103e-03
-8.560347084750957389e-03 -5.355413876498463926e-03
1.357846509089206608e-02 1.864211837594490460e-03
-6.797646597158284263e-04 3.433948272778833627e-04
-2.459293250737306768e-03 2.861410611468145643e-04
-7.596165670221112325e-03 -6.504480541176974745e-03
-1.534739230490677134e-03 -5.045547486581690357e-04
1.575835392098063475e-04 2.612502139360745219e-03
7.694100638056752990e-03 -1.103634066941920795e-02
-2.332460035134457151e-03 -3.132032915615699884e-03
7.385032516557664406e-03 -1.051243524257788539e-02
-1.050461197932570437e-03 1.628842277144442732e-04
1.289790216276148933e-02 -5.103343982119975392e-03
-8.572672768094173265e-03 -5.496297081778687803e-03
-2.984124715498040915e-03 4.023058498501001258e-03
-1.570918012105575797e-03 6.383746282493509526e-03
-3.067626385142749670e-03 -9.101080615025385762e-03
-9.049925805813702553e-03 -4.460811911442902344e-03
1.294005213179110804e-02 5.114200898138143020e-03
-3.064177772482378479e-04 -2.571150438751583153e-04
-4.348826953931031469e-03 -5.085047111361821331e-03
5.724130569373078216e-03 1.106907083836579028e-02
-7.349652003355011502e-03 -3.686816435566359768e-03
-9.434800103211122072e-03 3.309765401421122574e-03
-3.381995195147615568e-03 -7.015134246754528395e-03
2.276132306922800264e-03 8.655759477839053331e-04
-3.032501410951708807e-03 -5.864598814756679605e-04
-4.032989376600195752e-04 1.880784402019628019e-03
-9.980578782980857599e-03 -9.419025807200732611e-03
6.070303510407836639e-03 -3.891211784793416339e-04
8.250225155837805470e-04 2.128224106803780404e-03
1.472312545359635849e-03 -7.510811924737799405e-03
-3.988604023218899654e-03 -1.313739083478765446e-02
1.549715258084959774e-03 -1.355825167755856254e-04
-1.053111542184779733e-03 9.439046984297831590e-04
-8.843965571150228314e-03 2.761208607894511877e-03
4.612296493732181979e-03 -1.218633337201576947e-02
1.791854274364693567e-03 1.981369714112919157e-04
-5.580852558848396240e-03 1.085145541927054307e-02
-3.554682531457730235e-03 2.369437085162960730e-03
-4.240546148094086025e-03 -3.036077793121969015e-03
-1.193279471031223268e-02 -9.170824141180918682e-05
3.301016100249528663e-03 4.466910868362287609e-03
-1.143711703232896254e-02 4.762599499095443098e-03
-9.918152097849816315e-03 -1.403659133804763953e-03
-6.449877119299476241e-03 6.597657549913831312e-03
8.707488667838783614e-04 7.518762957494646952e-03
-4.352403336101510686e-03 -2.580410817945699015e-04
2.645104538805383675e-03 -2.218878540791731357e-03
-4.797756124684353363e-04 -9.540430564795639862e-03
1.409362121656065198e-02 -2.794609275753897129e-03
-3.633937320021659624e-03 3.086178794909795291e-03
7.780252651955031282e-03 1.306777973392981521e-03
-1.128815502478858895e-02 -8.949723802238050002e-03
1.449257715501557110e-03 6.829322958687811945e-03
-2.761208607894511877e-03 -8.843965571150228314e-03
-9.189212474265573416e-03 1.017341506588637090e-02
-3.759972267211608189e-04 1.381530341867238465e-03
-5.291933383944707157e-03 1.172791993446890141e-03
-8.700304252113131437e-03 -9.389073752009664126e-03
-1.196517322212766257e-03 -9.619685353359786958e-03
1.259071776847988126e-04 6.278115820919003259e-04
-5.410943336295374884e-03 1.360484076391151216e-02
-6.993005454817003558e-03 -6.912154129423361999e-03
-4.911689276141623789e-03 1.363214247485151215e-02
3.245486640452618574e-03 9.511404547522840647e-03
-1.123275333449634192e-02 -2.637281275552982342e-03
2.493619956514742716e-03 9.175290254091943241e-04
4.412981437174577637e-05 -9.231362443295192122e-03
5.222481703975087597e-03 -1.089108281355125572e-02
-8.187957891585893704e-04 -7.736250607086589404e-03
-7.353228385526632167e-03 1.140189594002251686e-03
-5.034020071654802045e-03 8.177324863191001020e-03
1.039288256082158274e-02 -1.020774177166380685e-02
5.300810454620966290e-03 -7.561838964443677244e-03
-1.508363557470088082e-03 3.042176750041353846e-03
1.218725940993518192e-02 5.663109348789090863e-04
1.655345719670838238e-03 2.694407272178244144e-03
7.351663500094348346e-04 5.969047699408326288e-03
-4.812030001971826475e-03 -6.437136476055943350e-04
2.087383484203485413e-04 -4.915936157223545905e-03
-5.707430235443495745e-03 -8.444243015661830054e-03
2.316685739124066824e-03 -3.538780465944036009e-03
5.313008368460876533e-03 3.935980446683310513e-03
-4.691295743288361256e-03 -9.810797329932282457e-03
-9.986933278909353867e-03 7.545936898928840703e-03
8.655759477839053331e-04 -2.276132306922800264e-03
9.645262757965629430e-03 -4.960736470505593132e-03
4.827932067486663016e-03 -4.042409176682793676e-03
1.214060702081453183e-02 -7.782423569573232447e-04
-6.487652437742727485e-03 -1.135942712920548579e-03
3.326593504855370701e-03 7.026917200694609515e-04
9.979780514566112537e-03 2.108075160208382638e-03
5.910197396448905668e-03 -1.357753905297401538e-02
9.845922304123323754e-03 3.823324990261357196e-03
-5.163375862006556842e-03 1.019583104822090799e-03
1.118571880085669767e-04 -2.778036711328760004e-03
1.144241772083474072e-02 -6.324640440524978771e-03
-1.410556359138894714e-03 -3.141708254706705380e-03
1.282924875121298301e-03 -7.510684155231289521e-04
2.831714095288206945e-03 3.159334626555700305e-03
-3.166359621393135832e-03 1.128789948578448046e-03
-1.371589968350533234e-02 4.678044022025733793e-03
7.412078688486051919e-03 1.170218310896232843e-02
3.120505500687231239e-03 4.837607406577668079e-03
-5.666876803243371501e-03 -1.284859942938841072e-02
3.227860268604765097e-03 1.093256228367079329e-02
-8.420389917390146833e-03 -1.321754000988406477e-03
3.690265048233316511e-03 -8.197218270780009565e-04
2.580953547341325455e-03 -1.349921030232813755e-02
-9.260379194115861412e-07 4.045985558853272893e-03
2.829989788954048562e-03 -1.056304615833756917e-04
4.779299833025245012e-03 1.406194485503542597e-02
-2.702230535431787359e-03 -7.358529074032411216e-03
1.181669064121787949e-03 -1.097113587053221611e-03
-1.738049120901941861e-03 -8.507595738710922034e-03
-3.058877083971155760e-03 -4.133191380176551299e-03
3.537056159609877626e-03 -9.482793490150091733e-04
5.691655939433105417e-03 1.773429634102093727e-03
-1.162318385937930859e-04 2.940920939036619484e-04
-3.282463690483624491e-03 -9.934054163364652856e-03
4.685324555873640780e-03 -7.295048581477512131e-03
8.885030081361771845e-04 -5.259330984501429593e-03
-6.917327048423334811e-03 -2.801889809600443225e-03
8.158101954513654816e-03 -8.166723486181944394e-03
-8.813502437942958775e-04 -4.394681074636936496e-03
-2.508595984111528128e-03 -2.773917599752206541e-04
-5.946248408559358552e-03 9.108903878277568519e-03
-4.023728997406077722e-04 -2.165201156833645307e-03
-1.485436497116455774e-03 5.897807246386639959e-05
-3.441899305529752106e-03 -4.454585185019071733e-03
6.391697315250357073e-03 -7.721434000379379797e-04
8.290906357532584064e-03 5.520948448466478711e-03
-5.665280266413658464e-03 1.773301864598789829e-03
-2.187202179267865813e-03 -6.604139815351778905e-04
-7.546447976947499425e-04 3.544081154447313586e-03
2.219804578711143377e-03 -1.400881020047889218e-03
-2.497196338686364248e-03 3.909477004159417346e-03
-9.616588397820821990e-04 1.172498239981129703e-02
-4.886910139951889873e-03 2.556972679565196020e-03
4.356905756191182914e-03 -8.614950506628455892e-03
-1.549715258084959774e-03 1.355825167755856254e-04
1.234497071864965219e-02 -8.178123131605966392e-03
9.788668537994758487e-03 5.602853581282617179e-03
9.158047190850461083e-05 -5.758585044654694531e-04
-1.118571880085669767e-04 2.778036711328760004e-03
-5.913518239612777089e-03 -4.309327329152261819e-03
-6.394347659502566152e-03 1.553163870753276540e-03
2.099996357945729288e-03 3.720217103424384129e-03
5.904768938439821854e-03 -6.585619056977153919e-04
1.690598463367685772e-03 -1.479082001190196432e-04
3.465752403802577642e-03 -2.574599051414190945e-03
-2.906594233265768004e-03 4.135170061487169167e-05
3.291340761158522733e-03 3.545007192366724739e-03
7.422009566586169720e-03 -1.008978562673585634e-02
-8.183423820110386285e-03 -1.078292977721897680e-02
-6.794070214990965279e-03 -1.393057756795706460e-03
-7.800944327959271913e-04 -4.048635903105482839e-03
1.708224835214178141e-03 -1.569065936268113082e-03
8.462252696018936898e-04 -4.119939658913924704e-03
2.818462374025580350e-03 7.064436980128750189e-03
-1.416783085562725326e-03 2.466318245577245067e-03
-1.100996499639862042e-02 -4.147369139357228590e-03
4.703749196136241054e-03 -1.405255670633115232e-03
-1.372902363526329501e-02 -2.773789830246837888e-03
-5.092072106200617315e-03 2.645902807220130472e-03
-6.107280560436339351e-03 -3.352843736268915076e-05
1.725723437558726852e-03 8.366712533430699025e-03
-6.305417531847632567e-03 1.758325837002004417e-03
1.323692233945164554e-02 -6.907523939829025850e-03
6.950855485786023961e-03 -3.305390750835896993e-03
7.391929741891796468e-03 2.547425109978636304e-03
-1.580465581692135513e-03 -5.895093599350177682e-03
-1.155293391102341213e-03 4.643845085754104950e-03
-2.073748454430947123e-03 1.118345060112212012e-02
-4.363004713111709627e-03 2.866040801065643327e-03
-8.552523821498776366e-03 3.658460917203643862e-03
-3.863878422462625056e-03 1.425027871785126618e-02
6.278115820919003259e-04 -1.259071776847988126e-04
5.208303944794410306e-03 -2.939994901123792366e-03
2.176728571762113519e-03 -7.572440341452733002e-03
5.103599521129085527e-03 -9.815970248932255268e-03
-2.745562081389928220e-03 9.183784016256491337e-03
-6.603884276337661924e-03 -8.418506190155257939e-04
-7.087236270976575610e-03 -5.555275154243914659e-03
3.460451715289508852e-04 -1.012558109981495690e-04
3.581984242396370199e-03 -2.868691145317852839e-03
5.486493973184377974e-03 1.862359761757028396e-03
-3.964080426036915850e-03 -1.498688218379082369e-03
3.303666444501738176e-03 3.685890397646948615e-03
-2.959345579305803792e-03 -7.052111296785535180e-03
4.144591025599213274e-03 1.127991680163701466e-03
-1.794504618616903080e-03 5.828834993040468617e-04
-1.091400987390488825e-02 -2.239283026397601017e-03
-1.114819785742527346e-02 -4.916063926728211561e-03
7.378678020629169873e-03 6.452527463551686188e-03
-5.451081808596548207e-04 5.939095644216116354e-03
1.481860114946195132e-03 4.768027957105886935e-03
-9.026998745460070028e-03 -7.444010589020389791e-03
8.557824510002053076e-03 -5.220501858632960526e-03
2.159102199914260042e-03 -6.151282605304782096e-03
4.119013620994513118e-03 4.892210828455167450e-03
4.950262863000981853e-03 1.412408434976357647e-03
2.434641884052018632e-03 -5.679074717086222317e-04
6.358903843520511204e-04 -1.382590479567507614e-02
2.879292522326909465e-03 4.579023595375178619e-04
6.128355544951149137e-04 5.142300877491747489e-04
-8.034717351577980518e-03 -1.781380666860083156e-03
4.398129687302750924e-03 5.648579932484075125e-03
6.960530824877030759e-03 -2.383487074840334122e-03
5.463694682335410238e-03 -6.511377766511105940e-03
-7.012356132997654527e-03 -8.755961481413344558e-03
-2.667903829661640285e-04 -6.154858987473243179e-04
3.796693778232799240e-03 9.321218608869539027e-03
-1.945861431402878816e-03 -7.637645140340649022e-03
2.060368963665015762e-03 4.078587958297692773e-03
-3.257684554288885464e-04 -2.100922395865140874e-03
-1.698421726619868313e-03 -8.865966593583088362e-03
2.391438107597181669e-03 4.617469412733516548e-03
1.708224835214178141e-03 -1.569065936268113082e-03
-2.063019307916083827e-03 -3.297567487583714235e-03
1.154274749391484035e-02 -1.932609710141612244e-03
5.406313146701037867e-03 6.625087030357135198e-03
1.337687950681381785e-02 -2.873864064317825651e-03
4.910635468717766856e-03 1.770779289849884648e-03
-1.094753831126757740e-02 3.867997534038739200e-03
9.450574399221292957e-03 3.361047980136110547e-03
-4.923887189980393451e-03 2.134323063723165236e-03
-9.044625117309064086e-03 -6.022852852871077994e-03
8.464391962257226953e-03 3.447327763538835486e-03
-9.155556267397077161e-03 -7.290801700396951773e-03
-7.438582131011305977e-03 -3.891978401816229526e-03
-1.154335701801880755e-04 7.605042740897371457e-03
-6.875975347808463770e-03 1.047044236653247792e-04
-2.353662789153931293e-03 3.116130850100863776e-03
5.961352205666736737e-04 -2.110597734956146370e-03
5.091273837785870518e-03 -9.956853454212480012e-03
1.259199546352918978e-03 -5.078820384937990720e-03
-1.217720076233382498e-03 -3.371521587641863275e-03
-6.603884276337661924e-03 -8.418506190155257939e-04
8.328457788359631964e-04 1.114209890050588819e-02
-2.954172660305830981e-03 2.742783967631912470e-03
4.058311242196487902e-03 1.418092431996350287e-04
-1.125210401267699202e-02 -4.481088627542964900e-03
1.003796031861522997e-02 -3.717438989667510695e-03
1.035670377920668364e-02 -3.319440740512128504e-03
-1.127238072877705458e-02 -2.278910420679674566e-03
3.081420835810355034e-04 3.522080132013092647e-03
-3.648913347618444603e-03 3.726316060343769394e-03
-8.012844098647062610e-03 1.063834242026246574e-02
-4.662397495520009122e-03 4.311849903900025552e-03
-1.097218967795400915e-02 3.586231123478292315e-03
-1.046856096721389059e-02 6.097477451842030390e-03
4.465027141123539822e-04 -7.066161286461548549e-03
-1.775026170931586888e-03 -8.930245354551592796e-03
-1.239944637102134706e-02 -2.180304953933734184e-03
-1.371727233270426949e-03 -1.081102975657258214e-02
-8.425818375399230648e-03 1.159722314628789178e-02
-1.295953057947642380e-02 4.398927955717496854e-03
7.963413595770678366e-03 1.550609644609011670e-04
-1.180870795707041586e-03 8.408064234045570934e-03
-7.537187597753382479e-04 -5.019044044059596315e-04
-8.088522505040732224e-03 6.528078100439546963e-03
-4.302174564809019622e-03 -3.740493819524447119e-03
1.909012150877679352e-03 -4.141940681348145643e-03
-2.837813052206231319e-03 -8.908244332118732747e-03
6.387194895159323954e-03 8.100848188383946366e-03
-4.231924616425795579e-03 1.328874764757363020e-02
-1.701998108790347530e-03 -4.038960564015836932e-03
2.980676102829723714e-03 -1.055298867477915195e-02
1.038122737638730655e-02 8.319261875895300404e-03
-1.219693474902618785e-02 -1.488214610874472391e-03
-6.218083941022191710e-03 -1.265841349073396592e-02
-4.702280428807328709e-04 2.738409317046686022e-03
5.098554371639487347e-04 -3.096780171920212807e-03
-1.275772110778056103e-03 -8.902943643614096014e-03
2.217154234458933865e-03 -6.198605493325505490e-04
-2.166127194751696003e-03 4.448358458595022547e-03
-3.880323217381954643e-03 -1.108842151654780214e-02
8.706658748040264212e-03 -7.575888954121050636e-03
-7.502701471095237114e-04 6.028025771872410829e-03
-1.226041524157858373e-02 5.899340480430738040e-03
-2.173279959094937333e-03 1.410237051773224545e-02
-1.275079223105607569e-02 -5.170082015060490505e-04
6.691888366074545680e-03 5.092998144118668011e-03
6.272687362899689346e-03 1.165990537042668404e-02
-1.007666167497903512e-02 2.982428568776458733e-05
1.269673153858671705e-03 3.154033938049920389e-03
-6.022341774860585049e-04 -3.638311970608027086e-03
-2.367712778831304685e-03 -2.897174433184358799e-04
-5.056021094089022117e-03 7.114537981915215574e-03
1.768128945597456127e-03 -4.129614998004930634e-03
8.382742368439048035e-04 -1.776878246769050037e-03
-1.010396338591789539e-02 5.290783458401539241e-04
-5.270060131015151875e-03 1.359251508056829802e-02
-2.424966544961012702e-03 1.489811147704184560e-03
-3.006125737932261854e-03 2.960271617225215379e-03
-1.349853980342012030e-03 1.608693330550186847e-03
1.149251872262256786e-02 1.549843027590766878e-03
1.212112857312807289e-02 8.734886496899676653e-03
-7.693174600138701427e-03 6.990355110564793611e-03
-2.241933370649810096e-03 1.169503034462022854e-02
-9.667039892776087967e-04 -9.426849070454275392e-03
-1.106377014986251357e-02 4.162089627943761985e-03
1.897612505453876146e-03 -8.328809445481640678e-03
-7.686947873721236600e-04 1.382328610280139300e-04
2.506871677777369745e-03 -2.987573328163855343e-03
4.073415039296577646e-03 -1.185526422808110165e-02
5.300688505779590533e-06 -1.562040941429535673e-03
2.446967567394091759e-03 -4.270242664270382238e-04
3.801196198322471902e-03 4.482270204465121487e-04
2.676780900329249653e-03 -2.341879835215257902e-04
-7.976537547527499591e-03 -7.606894816734833739e-03
3.352969177875959102e-03 4.249423218768983400e-03
-9.206838846112066002e-03 1.159457280203546325e-02
3.153906168546616057e-03 1.008726305198809348e-02
-3.667337987881044443e-03 -2.163476850500628372e-03
7.383978709133808341e-03 4.890486522123510538e-03
4.717926955316919212e-03 -9.356343583060578589e-03
-5.711932655533167105e-03 4.287485727611970408e-04
1.789203930113625936e-03 9.791574421252700194e-04
1.126554564233137740e-04 4.532913935663588668e-03
-4.170966698619801676e-03 -4.674723178863224131e-03
9.675339091005713196e-06 9.219036759955622200e-04
-1.686223812779957202e-03 2.631852817543898528e-03
-1.737250852487195064e-03 -1.196645091718573578e-03
2.325435040297021624e-03 1.429108768905940768e-03
-1.562040941429535673e-03 -5.300688505779590533e-06
1.522828507053877560e-04 4.174543080791423208e-03
2.299059367276432789e-03 -2.117622729793581897e-03
-3.144358598958914893e-03 2.191576829854233709e-03
2.303434017862800685e-03 3.663218876301551057e-04
-3.001910508230467255e-04 -5.865141544157966881e-03
8.850064528068251821e-03 2.987701097668520132e-03
3.807295155241856299e-03 6.197136726010686256e-03
6.652260971791329816e-03 5.451368998992194362e-03
-7.693845099049001143e-03 -1.167753174227567983e-02
-1.547064913833892143e-03 -6.454379539383923699e-04
-9.285965865174052383e-03 9.543783059343937877e-04
-3.804996468121935038e-04 1.025452193028912259e-02
-8.613226200295658400e-03 -1.091940668053249016e-03
-1.268747115939260119e-03 -7.200019496903193282e-03
4.619065949563010143e-03 1.223046318638751698e-02
-8.893012765522846554e-04 -2.051619662492061395e-03
5.851889822895340286e-03 3.604911302750002725e-03
-3.907752697825258963e-03 7.677687494527117486e-04
1.232204365829602140e-02 -5.194924454028478945e-03
-9.771968204063813390e-03 -2.978025758577514202e-03
-1.149159268470315541e-02 -5.595828586444039771e-03
-2.732310360127301625e-03 5.278681662683440586e-03
1.163247588998338015e-02 5.583502903100824762e-03
8.840005880465051733e-04 3.613660603921597068e-03
-1.722274824891551533e-03 -1.836782357151186358e-03
-7.083787658309400291e-03 9.746550220355977914e-04
2.286733683931856890e-03 -2.258505935074947221e-03
9.852563990446548507e-04 3.959705775450547520e-03
-3.759972267211608189e-04 1.381530341867238465e-03
7.004532869745472637e-03 -2.579133122887632308e-04
-3.909477004159417346e-03 -2.497196338686364248e-03
-5.565078262834580267e-04 1.752226880082619585e-03
7.562637232858423174e-03 1.261176110161331583e-02
-7.287225318225330241e-03 4.328550237828467442e-03
-1.344725722470284726e-02 -2.798441196933267906e-03
2.495344262848901533e-03 4.182494113548269887e-03
8.216153989059470086e-03 -2.635301430211073846e-03
4.719523492148915795e-04 5.265557710923898663e-04
3.735193131019808651e-03 -2.740133623380844406e-03
8.392002747644585967e-04 -5.822863805623683386e-03
2.743710005551324056e-03 -1.091812898547442129e-03
-3.093203789748591274e-03 -5.336861466732560622e-03
-3.756268115535979328e-03 -2.368638816749355815e-03
3.165561352978389035e-03 -8.439740595570796935e-03
2.135376871145880720e-03 -1.047903457471964332e-02
1.268916381434114296e-02 -1.874078248964286195e-04
-2.465136668643028899e-05 -2.817664105604467768e-04
-4.433510200502902357e-03 8.550671745659951459e-03
5.490996393275411093e-03 -7.010631826664856167e-03
4.474734131614469500e-03 5.712858693452579559e-03
-1.056889074029399023e-02 1.705446721458664730e-03
-7.589268444886981130e-03 6.555379811379547818e-03
-9.850296954709692951e-03 -6.307269607685093982e-03
-5.554221346820056859e-03 -8.315685493724821187e-03
-1.332400039127047686e-02 -1.389609144128531142e-03
-6.921829468514367929e-03 6.071101778821441121e-03
2.157377893580101225e-03 -9.416247693443857009e-03
1.346277598170390714e-03 3.218312699018424823e-03
-4.535692049420463404e-03 1.225061213298427390e-02
-6.084609039087470177e-04 1.969714529674562471e-03
-2.609053526694930791e-03 6.687513715488177350e-03
1.163244423859188109e-03 -6.986906497897619160e-03
3.149659287463552927e-03 -3.753617771282408925e-03
1.379933805036384631e-03 -1.424590406726468014e-02
6.365608832634944529e-04 4.841982057164036408e-03
-2.530469237039942830e-03 -1.269711484709798791e-02
-1.349576168965982079e-02 3.948976628936826105e-03
-1.492333722450587402e-03 -1.300088228009265573e-02
-1.475761158026810734e-03 9.808817484582865211e-04
-3.568732521133743604e-03 -1.036411208255196828e-03
-1.295860454155837310e-02 3.529423968630825137e-04
6.594879436157660875e-04 1.858783379585407080e-03
2.043668629734072401e-03 1.453760135592590012e-03
-1.328172265273483421e-02 -2.529000469714895449e-03
-1.840869817339180897e-04 5.197702567783992790e-03
-1.164840960688900712e-03 -7.634994796089582259e-03
9.039452198307949826e-03 -3.772042411545008765e-03
4.724824180651050406e-03 3.703516769495943106e-03
-7.590194482811179469e-04 1.060136537023576150e-03
-1.604318679963819168e-03 1.134090637081725406e-03
-1.193068709546952263e-03 -3.089755177081416823e-03
1.129715986496499175e-03 -8.796259374612790507e-04
1.842881314071712854e-03 4.026634880671261033e-03
-5.523598792718688658e-03 9.071926828247922625e-03
-7.521285532243552133e-03 -9.705166868347546091e-03
-1.734856047235010072e-04 2.073620684926282334e-03
2.452268255899871241e-03 -1.989065207856573897e-03
-2.938142825286329217e-03 -1.330027506250209754e-02
2.812363417106195952e-03 1.315527274564575865e-03
-1.145116702200633593e-02 1.356751205676143442e-03
2.682879857249776366e-03 5.514721722041287209e-03
1.127065642244289663e-03 -9.860546674594016479e-05
-6.414624375602627840e-03 3.755342077616567742e-03
3.384773308904489870e-03 -5.122822429806432598e-03
-7.192994502065758189e-03 2.971671262649019235e-03
-2.660878834815555427e-03 -4.451934840765501764e-03
9.627508616611969716e-03 7.817357471489341098e-03
5.437319009315963285e-03 -1.005810926521199036e-02
-4.009806777238374663e-03 -6.889227069071090365e-03
-9.590084955298722527e-04 1.094396192909595847e-02
2.890819937255377677e-03 -6.712165082174608235e-03
-6.579105140147927140e-03 -1.191702041430184322e-02
-1.175493445500236378e-02 3.186156910856465657e-04
-7.430631098254459298e-03 -6.235039813959742869e-03
1.791854274364693567e-03 1.981369714112919157e-04
1.135814943415884007e-03 4.869283768102894948e-03
-3.430499660107090565e-03 -2.677164208842149409e-04
-5.402736764529415467e-03 -1.145209305992574839e-02
1.255358129756419493e-02 -1.737123082982529841e-03
3.099941594184980019e-04 -4.569890985694595453e-03
-3.002549355760640755e-03 -1.866734412343396075e-03
-3.421750358934135764e-03 4.700172813965761837e-03
4.982865262444259417e-03 -6.488865666067094619e-04
-2.159772698824561493e-03 -1.251660424753569048e-02
-8.309458767299630552e-03 -5.380515346275170641e-05
-1.108219479012511298e-02 -1.727703282900635781e-03
3.501803415913030092e-03 1.894036123282254831e-03
-8.126297823485124916e-03 -1.205522162393471170e-03
1.084628250026806878e-02 -4.214042705568831967e-03
9.527178843533013267e-03 3.425326741104614981e-03
-2.441666878889454158e-03 -1.135016675001136776e-03
1.031908788166666265e-03 5.304259067287922166e-03
-3.970307152460965903e-03 4.109338281902365740e-03
-6.011325437942608915e-03 1.874557675596938856e-03
-1.353446304602362246e-02 2.613619249570795638e-04
-5.690729901515053854e-03 -5.819415192956508068e-03
-2.845891854468885103e-03 4.791753285871763919e-03
3.632085244184196909e-03 5.005792322797891943e-03
-1.655345719670838238e-03 -2.694407272178244144e-03
-8.786998995418673561e-04 -5.175701545349771851e-03
1.910736457210696071e-03 -8.769755932077088643e-04
1.202000053163436964e-02 -2.968094880477397703e-03
-6.134582271376341073e-03 4.657256227910610766e-04
4.374650586367895971e-06 2.483944617423737219e-03
-3.024550378194861260e-03 -2.929521293619181954e-03
1.433483419492527456e-03 1.585095771292181505e-04
7.616697925321855777e-04 -1.841157007737554254e-03
-6.559882231470580069e-03 1.283723143534903650e-03
-1.912460763544854671e-03 -2.387989494931367241e-03
-5.063046088928960416e-03 5.411613835205675467e-03
-1.146416320426301089e-03 -1.745201885245184058e-03
-1.157534989335811879e-02 3.993904711724679570e-03
3.464826365883384631e-03 1.471386507441584720e-03
-9.261314498486260607e-03 1.236144716495982121e-03
-6.534304826864738465e-03 -2.480496004757922791e-03
-1.966936415919049060e-03 -1.274641758047084794e-02
-7.265096526286444513e-03 -5.965599086741369544e-03
3.828497909261330441e-03 -5.102703970587718803e-05
5.787738831431282066e-03 -7.675420458786402604e-03
-9.287690171506849876e-03 -2.310586782203540111e-03
3.974809572550638131e-03 -1.298232987032539240e-02
-4.907186856051952428e-03 4.759150886428486354e-03
4.299524220556809675e-03 4.521514290239786113e-03
1.588416614450124725e-03 3.552032187205302581e-03
-6.427876096861829657e-04 7.660444431185534737e-04
-3.701664693658480391e-03 -3.367146937056637260e-03
-1.196517322212766257e-03 -9.619685353359786958e-03
-1.172121494535447242e-03 1.337595346889440540e-02
-4.338353346425278742e-03 3.147807211626090645e-03
6.329142860616011890e-03 2.569426132412857243e-03
-2.619527134200683519e-03 -1.545340607499733759e-03
1.149874544904639848e-02 -4.058183472693184003e-03
1.293557903517547972e-04 7.157741758368909787e-03
-4.350551260262687514e-03 -8.350012199501115687e-03
8.892342266603677631e-03 1.848309772079654353e-03
-4.318076630325216186e-03 9.456290047627998775e-04
-1.803253919789857664e-03 -4.385005735545930566e-03
-4.799704318629752914e-03 -5.028304423240104355e-04
2.604551106603898106e-03 2.185477872933707429e-03
-1.254297992055513830e-02 -1.386958799876322063e-03
-4.588283974569294481e-04 6.925278081180182357e-03
2.394088451850752072e-03 3.836448942019319436e-03
2.359761746073316124e-03 2.632778855463310547e-03
-2.032141214805603755e-03 -8.623827577304715025e-03
-5.811591929698882615e-04 1.470460469522173134e-03
-1.292600214210943340e-03 -1.708352604712913862e-04
2.580410817945699015e-04 -4.352403336101510686e-03
1.762637184785293461e-05 -1.421157736147951557e-03
-2.267383005751206354e-03 4.102313287064929780e-03
7.918485512984187527e-03 2.075472760763744182e-03
1.883562515776502320e-03 -1.173465773890093947e-02
-1.188821828460025036e-04 1.075112564619000672e-03
-9.260388460568209912e-03 -2.809840842358432653e-03
-7.122489014672062253e-03 -2.712959681945509207e-03
2.006691579705568822e-03 1.031110519750559010e-03
-1.018574074922958678e-02 -9.330095679545798160e-03
-4.168316354367592597e-03 -5.455743649578563559e-03
-1.236272485999286453e-03 2.095621707360503273e-03
-4.600641309300409869e-03 -6.340670275543119211e-03
2.058772426834161277e-03 -1.054331333568814602e-02
3.609285953335229172e-03 -3.367945205470242176e-03
-4.697522469712191867e-03 -4.202770829648333310e-03
1.738304659911052430e-03 -1.420627667298282430e-02
8.048735689870222150e-04 -7.026533892179692709e-03
-4.023058498501001258e-03 -2.984124715498040915e-03
9.886475736324590313e-03 -5.810314234665839295e-04
-2.965572305729634404e-03 -1.444084796501584082e-03
-6.468301759562075648e-03 7.078646390694339798e-04
-7.537985866171992289e-03 -1.232999469105286808e-02
6.355646303139904189e-03 -5.240778574734383972e-03
6.843372948365186205e-03 1.956590577917742112e-03
6.829195189183148024e-03 9.907678490344063588e-03
2.830915826873241573e-03 -4.151616020439151573e-03
-5.414264179457884546e-03 -4.282025618213621855e-03
-2.409990517365587746e-03 8.496738822690691169e-04
-3.036748292032270466e-03 -1.442734070474638655e-02
-5.576350138758724012e-03 1.978463830847517271e-03
-7.183191393471448360e-03 -7.463361267202183076e-03
-8.779016311271203420e-04 2.135249101642576822e-03
-8.335036171905473024e-03 3.710413994830074735e-03
-4.227773853428316939e-05 1.139391325587504888e-03
1.211330530987453011e-02 -2.789882968035730174e-04
3.196183907080899986e-03 8.947871726400586853e-03
-6.990482880069240693e-03 3.663761605709423344e-03
-1.705574490961968628e-03 7.880454655527743043e-04
-3.103006898344043418e-03 5.098171063120001713e-03
3.954277317441464573e-03 1.193372074823164514e-02
5.301480953531266874e-03 1.110604788839679793e-02
-4.876308762941472356e-03 -5.671092032925144355e-04
1.084708076868417560e-02 3.096907941424659021e-03
-6.936677726605346671e-03 -4.645697161591568099e-03
8.756759749828091355e-03 2.985945139946950128e-04
5.539500858232382016e-03 -1.375804965253495105e-02
-9.167307569955887581e-04 9.804570603508451845e-03
1.079260511630998273e-02 -7.261520144114823848e-03
2.774460329157138472e-03 4.938863217577178430e-03
2.405488097274555495e-03 8.023317706152815337e-03
1.207805256617882489e-02 2.563327175492330530e-03
-1.590939189197887807e-03 -1.412794792233808792e-02
-3.962739428207381941e-05 3.583708548721660568e-04
8.329735483406277684e-04 -2.148373053397332642e-04
-7.340774932680112393e-03 -1.007586340656428832e-02
-5.866865850490764374e-03 -2.964774037314887173e-03
-6.134710040879644971e-03 1.182266182863782496e-02
1.234139433647803152e-02 -3.351117102037354939e-03
-2.029618640057840456e-03 1.952088157828070318e-03
6.251612378384879994e-03 6.551132930297625702e-03
6.339744237625067648e-03 -5.546557504459955282e-04
-1.165990537042668404e-02 6.272687362899689346e-03
5.435339163972693899e-03 9.390798058342680193e-03
1.060136537023576150e-03 7.590194482811179469e-04
3.020303497112940012e-03 -1.091135952965268004e-02
-1.073959823126197609e-02 -8.358889270177156244e-03
7.115336250331322394e-03 1.236697174108251397e-02
-1.131638277364549645e-02 -4.404484183231246325e-03
-6.779094187396682639e-03 -2.033195022229461121e-03
1.307576241807728752e-03 -4.693020049626820669e-04
-1.969714529674562471e-03 -6.084609039087470177e-04
-5.839564139552124410e-03 -3.464028097469780149e-03
3.190084950160373273e-03 3.198962020837773854e-03
-7.246544116520541208e-03 -1.143274238174373653e-02
1.161060263705496545e-02 -6.836220184021944007e-03
-1.694174845538165206e-03 4.974914229686270423e-03
1.738049120901941861e-03 8.507595738710922034e-03
6.387322664665131058e-03 -3.256088017463035656e-03
2.127298068885729709e-03 3.220963043270633902e-03
-3.633809550518355292e-03 -8.270757410936968590e-03
2.587850772675456650e-03 -4.393499497716139065e-04
8.375589604106958158e-03 -8.114770408555514389e-03
-4.245719067094057969e-03 -1.283097305753941667e-02
-3.936778715098275885e-03 -1.997942278533974478e-03
-3.777531844461126664e-05 -7.733600262835521773e-03
5.705705929110478809e-03 5.179277927521392516e-03
-3.276492503067544859e-03 7.171791748046284047e-03
6.080904887416893265e-03 -3.513203061338193971e-03
-4.940811411524165253e-04 9.767593553478587376e-03
-9.844581306299076198e-04 3.351244871541801153e-03
4.871934112355104027e-03 -1.916835414131222567e-03
3.681387977557057378e-03 5.569325143918785713e-03
-2.518143553697869269e-03 -1.255623164181640487e-02
-5.072050929117393305e-04 2.315759701204873813e-03
-7.999592377385577463e-03 6.733240066690777612e-03
-1.082137559457796872e-03 -1.821806329556903501e-03
-1.128550468053637727e-02 -9.730744272953388563e-03
1.092911367100497973e-02 -9.757790444883136100e-03
-2.513098404201200356e-03 8.595599828447805790e-03
5.516446028375445593e-03 5.820852308893002813e-04
4.240550804008973163e-05 -1.249632753143448821e-02
-2.004041235453359309e-03 -1.812130990465897788e-03
-3.128584302949885022e-03 8.862390211412827720e-03
3.946454054187920925e-03 2.919845954528395033e-03
1.326128651573632491e-03 -5.936445299965047856e-03
6.524629487771886789e-04 1.558592328770087192e-04
-7.739954758754005867e-04 1.700273802457330594e-03
-4.029157455420167080e-03 -8.733034421059712032e-03
-9.088754931680811597e-03 3.208509590424114995e-03
-7.339976664265366463e-03 -2.764912759571939212e-03
-4.332126620000088107e-03 -2.460219288656718788e-03
1.294324520545101940e-03 3.435800348610367275e-03
-3.787018439141794177e-03 -8.399314932873977457e-03
-2.448819643232695922e-03 8.518995384136085480e-03
-2.188128217185916508e-03 3.385571577319237101e-03
-2.948871971801192947e-03 1.180743026203737254e-03
-8.673002541180637164e-04 -9.888327812162757326e-04
5.939095644216116354e-03 5.451081808596548207e-04
-5.975146656327710686e-03 -5.013743355554739489e-03
-3.621611636678444181e-03 3.227062000190018733e-03
1.831481668647908997e-03 -1.602338834622347606e-04
1.241707274287033938e-02 7.591472177844215199e-04
-4.948538556666824337e-03 1.852556653162718567e-03
-3.790722590816719174e-03 7.784627302541399611e-03
6.550206892379575006e-03 -2.205626819530465653e-03
1.401264212166256420e-02 -5.342832654146138782e-03
-6.222586361110720755e-03 -3.785421902312300583e-03
4.524962902906741989e-03 2.230405955720200437e-03
-8.384211135773885978e-03 -8.210055032138943373e-03
-3.769232646405724051e-04 5.427515900720511141e-03
-1.002378255943455442e-02 -4.233648922759953963e-03
7.226395169923782551e-03 2.277984382760262546e-03
1.428288111729454288e-02 1.802583420879556864e-03
-9.331692216374148571e-03 -4.436160544756472326e-03
1.340050871746560103e-03 8.826339199302375704e-03
2.360400593603489625e-04 -5.415190217377296132e-03
-7.917687244569440730e-03 5.235477886228604057e-03
7.777730077207267549e-03 -9.269137761739803388e-03
2.868818914821156738e-03 -7.774951963450392814e-03
-8.720582132213652513e-05 3.059803121889206889e-03
-5.984821995418716616e-03 -5.935647031550301059e-03
-1.384308455622752093e-03 1.176195944984094119e-02
1.344553291836232331e-03 -4.665238912065117378e-05
-6.598711357337689112e-03 8.953044645401921423e-03
-5.276829586844617413e-03 -1.082428147783384698e-02
-6.234912044455297522e-03 -3.926305107593665474e-03
5.188953266612398446e-03 -4.783802253114917240e-03
1.285575219370082439e-04 -1.532088886234385329e-04
-5.652571274550519369e-04 -3.215662354766215311e-03
-6.934027382353137592e-03 -5.426717632306906659e-03
6.111655211022707680e-03 2.517473054786426804e-03
-4.842780325581066969e-04 -6.674389763726133089e-04
8.285988977542597641e-04 -2.698781922763470592e-03
1.490737185622235256e-03 -1.621019013893402073e-03
-6.492825356744060319e-03 -1.093083797733913724e-02
-5.867791888410175960e-03 1.081211521538385286e-03
-1.089280711988541497e-02 -8.487446792114165112e-03
8.509447814548385183e-03 -9.830020238609628661e-03
6.174209665658413754e-03 -8.240964776632269707e-04
3.267743201895950515e-03 -1.213968098289511938e-02
-1.174088446532613184e-02 3.724463984506307113e-03
-5.632677866969238584e-03 -2.879931369856379535e-04
-1.652567605912821404e-03 -1.483236394874056646e-02
7.109365062915242763e-03 -4.738874170328423799e-03
7.946713261841095027e-03 -2.469766858243059929e-03
-5.686355250928686392e-03 -3.335470575532771282e-03
-1.361014145241729208e-02 -3.848902394865838343e-03
2.096547745279914859e-03 -2.809713072853986873e-03
1.664606098860652635e-04 -3.776544831636041450e-03
-2.870670990662263673e-04 1.586692308115966125e-03
1.854280959495734852e-03 8.213503644807260140e-03
-1.353538908394303492e-02 4.307347483810353324e-03
-8.893012765493441094e-05 -2.051619662487274968e-04
-2.257707666660200424e-03 5.024216963060491349e-03
2.806264460186811121e-03 -4.433382430999598459e-03
3.023752109778753572e-03 -4.381429353374309034e-03
5.933794955712838777e-03 2.107149122288971485e-03
1.344380861203453223e-02 -3.731488979344882786e-03
-8.701230290031182132e-03 -5.343088193155248918e-03
7.540636210424202235e-03 1.154897422033752952e-02
-7.097167149068965867e-04 1.623669358145611585e-03
-5.635328211221448530e-03 4.930273337297010408e-04
1.747852229496251689e-03 -1.927436791140279193e-03
-7.545138630515235353e-03 -2.675982631915644304e-03
1.856931303747944365e-03 7.432483174091921579e-03
5.845790865975955888e-03 -2.143998402814170732e-03
-7.686947873721236600e-04 1.382328610280139300e-04
2.595801805432304196e-03 -2.782411361915127467e-03
-8.838537113139782742e-03 -1.015776853938064536e-02
5.819415192956508068e-03 -5.690729901515053854e-03
7.273175328549098297e-03 -7.734398531249126255e-03
-4.411381408565376652e-03 -1.743477578911025458e-03
9.852947298963262920e-03 5.526249136970897737e-03
4.744174858831700509e-03 5.547324121485925665e-03
4.968687503263581259e-03 7.302201345820755196e-03
-3.216588392684266006e-03 4.611242686309467362e-03
4.255522175688368665e-03 2.395940527688214354e-03
-5.354487838580413231e-03 4.514361525896543048e-03
-1.351603840576102479e-02 6.151154835801477330e-03
-7.633940988663440695e-04 -1.423808080401521743e-03
-7.166618829046311236e-03 6.518402761349902791e-03
1.080758114390540509e-02 -7.901657409549938532e-03
-2.094695669441310262e-03 -5.282258044855062118e-03
-1.262520389515429942e-03 -1.280804599718714416e-02
6.933229113938171352e-03 -1.884233014687945219e-03
1.230045759576597723e-03 3.512404792922086717e-03
-6.067780935658930591e-03 1.096503691361076609e-02
-3.249989060543651258e-03 -6.384129591009569515e-04
-3.660185223537802679e-03 -1.181748890963785215e-02
-4.929986146900920164e-03 -3.614586641839647764e-03
-1.116675026719367997e-02 5.510793682743739957e-04
-1.193068709546952263e-03 -3.089755177081416823e-03
-7.480987639050035685e-03 8.604349129619399267e-03
-7.222020519337414221e-03 2.059602346634742398e-04
-3.399749336501275716e-03 5.762959695240404967e-03
2.939196632710187451e-03 -2.102646702199299691e-03
-7.794302641632404674e-03 -4.712626266812280744e-03
1.073442531226086183e-02 -1.436005994238930515e-03
-4.487985852877096095e-03 -1.807756339879529892e-03
-6.890823605899442511e-03 -1.061209451674768531e-02
-7.339976664265366463e-03 -2.764912759571939212e-03
-7.867330703772504319e-03 -9.603911057349395763e-03
3.477024279721935285e-03 1.296920591856742973e-02
5.294711497701581025e-03 -1.331074867000785027e-02
-9.912851409344038134e-03 -2.965700075234299626e-03
1.112274822232523809e-02 -2.676653130825945755e-03
-6.082629193749909333e-03 2.482379731977577345e-04
-5.652954583070442587e-03 1.914185069879013271e-03
8.216026219555023005e-03 8.721634775637050058e-03
-1.124255644309065175e-02 7.797751254298219102e-03
-6.551931198711231918e-03 -1.059338268608829570e-03
-1.377050310538283084e-02 5.676552142333015673e-03
-6.163608288647996238e-03 -2.299985405194483919e-03
6.328344592199903335e-03 -4.741524514580633745e-03
-5.265557710923898663e-04 4.719523492148915795e-04
-6.258637373222315954e-03 -8.254057077007385251e-03
-1.018912605912008357e-03 1.350451099083141426e-02
9.573831232653883666e-03 4.769880032943350084e-03
-4.038162295599730112e-03 9.012948755783838084e-03
-6.267514443898575087e-03 -1.865010106010598148e-03
1.060506952190888932e-02 -8.593747752610342641e-03
3.415651402014970375e-03 -1.044908251952743339e-02
7.103138336491412151e-03 8.691523299555262150e-04
4.643046817337997262e-03 -6.155657255891149558e-03
6.476125022815619296e-03 8.306010154633816991e-03
-5.889824562234310425e-04 -7.543414324181076103e-03
4.409657102231218269e-03 -1.521487509228050539e-03
6.903404828251767655e-03 -1.196089468966583802e-02
-2.933097675789661171e-03 7.851556407762113124e-03
1.562040941429535673e-03 5.300688505779590533e-06
5.070997121685807962e-03 -7.754675247349188810e-03
5.922395310287674464e-03 -2.079719641845666732e-03
3.770445874716657052e-03 -5.582449095678108410e-03
-2.245381983316985415e-03 5.165100168340715225e-03
-3.236737339281024230e-03 -4.543515312674006185e-03
-4.037236257681678549e-03 4.966963196929423743e-03
-2.238356988478189431e-03 6.868024315051616223e-03
9.012150487369091287e-03 -3.272788351392619428e-03
2.967424381572320805e-04 -6.647886321204039047e-04
1.267948847524512888e-03 -1.109311500891552822e-04
-4.614691298976641813e-03 -9.746518568963778023e-03
7.368076643618753224e-03 9.576609346409397511e-03
6.577636372816074873e-04 -1.406181708553668917e-03
2.726083633703471013e-03 3.293448376005096451e-04
1.040415443674094081e-02 5.336063198317813824e-03
4.444909845928066670e-03 -4.363802981525314109e-03
-1.916037145716475770e-03 2.439016534637244212e-03
-6.647886321206103802e-03 -2.967424381567096685e-03
1.068087569780423480e-03 -1.584041963862395938e-03
9.994756542161536625e-03 1.467937894773267520e-03
5.217979283885416236e-03 -2.018091225128230363e-03
1.063144519492833541e-02 -5.047016253909459953e-03
-3.822239531438495486e-04 6.989556842149828239e-03
-5.969047699408326288e-03 7.351663500094348346e-04
1.200502450403758553e-02 -2.327957615043424466e-03
-7.192642844945987268e-04 -1.065517052369671300e-02
1.257373024416095358e-02 7.417634916000942838e-03
-3.257940093300498805e-03 1.704648453042556825e-03
4.473009825284612363e-04 2.447893605319431437e-04
-6.292165810585004238e-03 -2.146776516571045033e-03
4.535564279917159505e-03 -8.936759271375106697e-04
3.677013326970689482e-03 3.085380526495048494e-03
-2.530597006545749067e-03 -1.340178641251006317e-03
9.435598371625868869e-03 4.001185245571225665e-03
1.987213132019111615e-03 1.054423937360755847e-02
-1.184319408375358136e-03 1.878134057767418723e-03
-8.303359810381605310e-03 5.695104552100280736e-03
9.699738410338464012e-03 5.397691615032747421e-03
-9.086104587428599916e-03 2.427489119708776000e-03
-6.126631238618351211e-03 -1.877335789353813591e-03
4.817458459980911156e-03 -1.227526349967070565e-02
-2.025116219965180384e-04 -6.920903430604043258e-04
6.058105596576793869e-04 -1.188694058960584367e-03
1.320827963070355781e-03 -4.374404358535731625e-03
-2.200102243422093901e-05 -1.062786881275785446e-03
7.823328658904060706e-03 7.478337294797826607e-03
3.801196198322471902e-03 4.482270204465121487e-04
6.736657027978047024e-04 -6.092304532840915263e-03
-1.123489260072668564e-03 -4.728400562822671072e-03
9.726114083357910098e-03 8.944423113733631844e-03
5.668728879080833782e-03 4.756628311680722622e-03
7.192642844945987268e-04 1.065517052369671300e-02
-1.038665583439775386e-02 4.599715271379855967e-03
5.486621742689042763e-03 -9.494576444088593387e-03
1.104349343375994781e-02 -1.959911421080252208e-03
-6.842670798068613280e-04 9.216386415699768034e-03
4.796127936458131381e-03 5.329836471892622322e-03
-2.367712778831304685e-03 -2.897174433184358799e-04
-3.777215330541775374e-04 -1.883434746273197988e-03
2.320006582286576920e-03 1.434808591618109801e-02
-9.940057002176096515e-04 -8.927595010300524297e-03
5.842342253310140593e-03 -8.673928579092542168e-03
-2.006819349208872720e-03 1.032582568609620444e-02
6.471622602725509701e-04 1.717900174305183637e-03
-4.929986146900920164e-03 -3.614586641839647764e-03
5.356212144913210724e-03 -1.249396437758609583e-03
1.719624480639342454e-03 2.617802827866525135e-03
-9.192533317433527074e-04 -7.713451316243330642e-04
3.735193131019808651e-03 -2.740133623380844406e-03
3.344219876704365192e-03 -7.184660160798512791e-04
-6.340542506039815313e-03 -6.756294896546354012e-03
-4.956776779832710103e-04 -4.854307740507251417e-03
-1.024219624694454669e-02 -2.396164415308281795e-04
-4.466910868362287609e-03 3.301016100249528663e-03
1.253771088343835598e-03 7.840156762338309701e-03
0.000000000000000000e+00 0.000000000000000000e+00
-5.850963784975927832e-03 -7.650896861603275617e-03
-1.800603575536287478e-03 -5.166026206260127679e-03
4.802226893377515779e-03 1.107874617745679621e-02
-2.969020918396809722e-03 -7.974014972781096749e-03
1.605244717883011962e-03 -5.180076195937501071e-03
-6.060755940820134607e-03 1.266796106032166795e-02
-4.443983808008655084e-03 3.178174226720412165e-04
-2.468968589828312698e-03 -6.357626148487475473e-04
3.986081448471136789e-03 2.561475099654868248e-03
5.345610767904154098e-03 1.874685445100243188e-03
-2.174078227509684998e-03 6.791419870739896780e-03
-7.249449999780719842e-03 1.206215050066398835e-02
-3.926975606496020590e-04 -1.243297480838082870e-03
-1.240912171011234952e-02 -3.102208629929296621e-03
-4.842780325581066969e-04 -6.674389763726133089e-04
2.131800488974260055e-03 -5.652028545151031869e-03
1.618368669641192560e-03 2.271757656337574250e-03
-6.690962328153991778e-03 -9.138983702973300927e-03
-3.129382571363490372e-03 1.551439564419118374e-03
6.591558592994446047e-03 7.009674137353023513e-04
-1.525063891399671204e-03 4.173489273373930759e-04
3.584986243779725648e-04 -1.131730881156490717e-02
-1.639571423659305811e-03 3.976406109380130859e-03
-3.309765401421122574e-03 -9.434800103211122072e-03
-5.369463866175837319e-03 5.154498791331658600e-03
1.169471150284379611e-03 -1.259493299818042859e-02
1.277199498507669215e-02 -5.731155564211875934e-03
-8.435749253496843941e-04 3.338919188198585710e-03
3.329243849107580214e-03 -7.832875064587782599e-05
-7.793376603712993088e-03 -8.758611825665554504e-03
8.284711282495948667e-04 8.658154283082152708e-03
1.830555630728497628e-03 3.885751675391038024e-03
-1.335130210220797538e-02 -8.903550839750003568e-04
5.894167561429623781e-03 2.465519977162497836e-03
3.428647584267125511e-03 8.359687538592121617e-03
2.889893899337326981e-03 -2.666179523320193027e-03
-9.148786811556241377e-04 1.712599485800546037e-03
4.750401585256892878e-03 -6.070237879688290122e-05
3.361846248552218669e-03 -2.139623752227802836e-03
-2.062221039502478478e-03 4.013383159409995328e-03
-6.700893206261834953e-04 1.265298503272303809e-03
2.118548767714135798e-03 -1.746926191578200994e-03
4.280971810790906371e-03 9.988657585242151360e-03
-1.251037752111050158e-02 -3.448253801458247940e-03
5.354487838580413231e-03 -4.514361525896543048e-03
9.965730524889880593e-03 -1.297773133212277476e-03
-1.955664539998549535e-03 2.797387389509410540e-03
-6.947151334111098531e-03 -1.287855148457947921e-02
2.781613093500381103e-03 -4.715148841560044476e-03
-2.550873722645811623e-03 8.619995656122842343e-04
4.183292381963016685e-03 4.815606384143448007e-03
2.515748748454770325e-03 -9.376620299162002903e-03
-1.389110959456299130e-02 3.486699618812941215e-03
-6.275337707150757845e-03 -1.087888489971270724e-02
-5.941618218965020667e-03 -1.112102391599107884e-02
9.785219925326441720e-03 -9.270765949955352483e-04
6.214763097858538865e-03 -5.228452891389808073e-03
-2.011992268210206422e-03 5.309304216776159890e-04
7.964339633690090819e-03 -3.890924594392371726e-03
9.111681992034442387e-03 -6.191708268001601574e-03
1.147939477086574837e-02 -5.901990824683165694e-03
-4.348028685514923782e-03 2.225903535631669657e-03
-1.102414275557859428e-03 3.803718773063869416e-04
-3.902579778825285717e-03 1.056266401387015788e-02
4.022451302373034401e-04 1.352213736268040832e-02
-2.974449376405893537e-03 4.944962174495202804e-03
-1.008023805714951607e-02 4.856830315255014283e-03
-5.120299855058667998e-03 7.191142426228295907e-03
2.234652836803263567e-03 9.315917920363759111e-03
1.766276869759993411e-03 3.962356119702757466e-03
5.622204259464628172e-03 -7.944861186003633613e-03
8.288256013281517301e-03 6.301968919180456381e-03
-2.372087429416531133e-03 -2.773662060743533556e-03
8.126968322392047559e-04 1.987340901522415514e-03
-1.963615572756538530e-03 5.140448801654285207e-03
-6.088855920173739944e-03 5.856264473481708616e-03
1.205697758166401554e-02 -2.545445264636727808e-03
-7.796154717469867823e-03 3.379344850895406056e-03
-3.157482550717095708e-03 -5.260257022420841179e-03
2.299857635691180020e-03 5.193327917198766776e-03
4.219343394073470435e-03 9.284241558839893133e-03
6.595007205661622234e-03 7.230897590014814802e-03
3.436598617026475396e-03 6.016626126448388831e-03
8.161422797676164478e-03 9.720142895943190489e-03
-1.518964934479144924e-03 6.166258632900207051e-03
-7.106427528263082813e-04 5.669654916998884478e-03
2.246180251731731779e-03 2.145850478651633447e-03
-1.109439270396436620e-03 -1.322552269402011609e-03
-7.810204707147241215e-03 -2.650344252389273333e-05
2.092971363108293327e-03 2.017292956714625447e-03
7.839358493923561169e-03 -8.564721735336185138e-03
-5.720809726210568553e-03 6.817795543759343734e-03
1.122917695232472125e-02 7.464287305121594662e-03
8.384338905278551635e-03 -3.146881173706678626e-03
-1.976739524513358888e-03 -2.311385050619647798e-03
-4.214170475073496756e-03 5.106537055775534333e-04
-3.313341783592743672e-03 -4.607794073642510618e-03
8.003711488959894217e-04 1.846457696242191854e-03
-3.602260958496432755e-03 5.070869352181143173e-03
1.344818326262089969e-02 -1.247544361921146434e-03
9.525326767694408669e-03 1.151729785881366180e-02
5.754210394067451467e-03 -1.568139898348701496e-03
-1.064112053401933961e-02 4.125112577913897516e-03
-1.265298503272303809e-03 -6.700893206261834953e-04
1.170748379746674658e-02 -8.974119629916730775e-03
6.184683273162805590e-03 7.408757845323542257e-03
1.091812898547442129e-03 2.743710005551324056e-03
-6.338019931290909265e-03 3.819620838585071742e-03
5.114871397049585051e-03 5.727834721048004514e-03
5.741341981324527347e-04 -3.173384616231932250e-03
2.227883380977222589e-04 -1.510087863804246682e-03
1.262660935970429284e-02 3.154161707554585178e-03
-1.165367864400285343e-02 6.646608626157393326e-04
-7.598943783977987060e-03 5.633476135383986248e-03
1.367097160071747974e-02 -2.757632225724033527e-03
-4.560502837000555802e-04 -5.212678595380777768e-03
9.767721322983253032e-03 -1.086285506469320677e-02
-4.102185517561625014e-03 -1.362431921159797110e-02
4.534638241997747919e-03 3.152309631715762006e-03
1.220051113119644676e-02 -3.338791418695282245e-03
-1.242674808196134531e-02 -1.681050893779983957e-03
-3.329212197721305271e-04 7.553089663272082900e-03
-1.373962501227371166e-02 3.502920526108725674e-04
-1.184916527116171812e-02 1.675494666267596244e-03
-6.455976076218861506e-03 8.487478443496574224e-04
-4.264399246365769246e-03 3.993106443309932772e-03
-1.513536476470061110e-03 -6.752718514376093370e-03
7.730949918581950936e-03 7.432451522695854122e-04
-2.439942572556656232e-03 2.129948413136797340e-03
3.448924300369689971e-03 6.157509331728611840e-03
6.877156924726757561e-04 -2.686456239421397031e-03
5.413465911044280064e-03 -3.028925028780087708e-03
5.205653600541981785e-03 -2.158974430410956144e-03
-3.739695551110841336e-03 1.161312521180273005e-02
-5.806163471693881473e-03 1.785627547942005271e-03
-9.550233673389949690e-03 1.091480814231963678e-02
8.362943915051553479e-05 1.767202907679404997e-03
-4.892210828455167450e-03 4.119013620994513118e-03
4.205293404397238491e-03 5.878393265419232586e-03
-7.968169016976719282e-03 8.699982195691383438e-03
7.089361069103895970e-03 9.436084369932519478e-03
7.052585417897766192e-04 -1.069342059809765162e-02
2.180937597562046699e-03 -7.541068818896806865e-04
-8.527322407133355181e-03 -1.199652193076567418e-02
3.439308843031832572e-03 1.053700765857108930e-02
8.791027904666475282e-03 -4.349881386504055210e-03
-4.493450203964625966e-03 1.699729507341874108e-03
8.484936508296804167e-03 2.515411821268051778e-03
-6.551044864032845930e-03 -1.442020380189771396e-03
1.236278849266382422e-03 3.931059358122131545e-03
9.468652102195464909e-03 -6.206823935709230352e-04
1.085529320082745212e-02 -8.731824770343428813e-03
-1.313374759289793851e-02 -3.153843323942615712e-03
-5.335073871468483386e-04 -1.417959883465763453e-02
-9.661755319331822439e-03 -4.048555358765941123e-03
-1.938765803334069684e-03 1.268055998001882401e-02
-5.821415489505356311e-03 9.970686876367868337e-03
-4.346924903717638567e-05 -7.600743476193617607e-03
1.080076130738789886e-02 8.198150464340955845e-03
-9.008411489343125939e-03 -7.790898212764283716e-03
-7.035474205835097125e-03 -8.684954450239082066e-03
-1.181796211952745347e-02 2.830563616613062609e-03
3.179748266694125045e-04 1.220135020291882380e-02
-1.190489484716939113e-02 -4.462131132781085863e-03
-7.199132007699102220e-03 -7.294008598359627733e-03
8.712488718688361430e-03 1.005295768803683709e-02
1.658894544789980005e-03 1.349390929594730193e-03
1.088024618141662358e-03 8.869018129500128717e-03
-5.559179842754876331e-03 -2.970621314078789130e-03
2.594287074868320553e-03 -2.323855112112843419e-04
-2.037215680100041160e-03 1.393714597169892256e-04
3.482470615639003415e-03 -5.551111375131896966e-03
7.960919281326054794e-03 -1.140726174945344389e-02
4.242745363208911755e-03 -1.233432646357997611e-02
-1.353015496944925088e-02 -5.721520257419334884e-03
1.892048622976218479e-03 -1.407230395698948373e-02
1.792684248377581641e-03 7.279335528844003804e-03
-1.892749676845348209e-03 -4.091564901371096477e-03
6.899284596197961111e-03 -2.577754629623199307e-03
1.314272348387777317e-02 -3.270235889485565740e-03
-2.023954546380348635e-03 -3.432315672043466468e-03
-1.021920156950487102e-02 -1.054983731111671166e-02
-1.109512358689199694e-02 5.260162645286184380e-03
2.329284100644340451e-04 7.178281472403564949e-03
1.218672503511017240e-02 2.540405825115416450e-03
1.283413232677876360e-02 2.977598235131321668e-03
1.071351532913289613e-02 -3.223859034064382751e-03
-2.919035880266519344e-03 -2.038358671192241206e-03
1.209595750346591225e-02 -3.691562672636679223e-03
8.548314979935539614e-04 -1.077559886552032116e-02
