-4.045522539894818269e-03 -2.023918817345938745e-03
-6.300116843342423376e-03 1.962848955731491887e-04
-9.272251124952399573e-03 -4.973716827065863266e-03
-3.592122600446401477e-03 3.969780248749498440e-03
1.279348492949677202e-03 4.075937614045482826e-03
4.823557416900865411e-03 -6.526353794107211774e-03
-7.311748915408456360e-03 -7.310152378578744191e-03
-5.880117571753391836e-03 9.403283162581618435e-04
1.550306046549791358e-03 -1.351551150204977417e-02
1.209896812979268776e-03 -5.642353206060705950e-03
5.190342323491406104e-03 -1.085278059139607731e-02
4.787378635285967181e-03 3.619472370444674382e-04
1.399747502177991695e-03 -1.442508949470144158e-02
9.023885382249406326e-03 1.024802383916225551e-02
7.563691040289085427e-04 -2.791160663082373726e-04
8.369235108178461890e-03 8.850192297574058925e-03
6.053475406967222076e-04 8.342987204661615839e-04
-1.236903129687125062e-02 -5.483572264228669252e-03
-7.261647913620059361e-03 5.643310895363205792e-04
5.338122754105762043e-03 2.194754077817230239e-03
-1.894499142241280179e-03 5.524796195340238129e-03
9.557593917684467991e-03 1.220594308108209278e-04
-1.800475806038425840e-04 -1.652296241211145822e-03
-1.628842277144442732e-04 -1.050461197932570437e-03
1.371855002775662028e-03 -5.459064492737210643e-04
7.129977028470456044e-03 2.392891049228521722e-03
-4.075346825581222833e-03 -1.210058049232383068e-02
2.427153870253625709e-03 -2.478388389916355052e-04
4.624494407571522366e-03 -6.885139608881029986e-04
1.322711923085676325e-02 3.527508590022856473e-03
8.201848460370263043e-04 1.667272268806108907e-03
-1.360622982078995083e-02 6.580350019851060467e-04
-2.558489505948079168e-03 1.253900440417671583e-02
-9.197370986972907766e-03 -8.174403154235973176e-03
2.730458284289268185e-03 2.813289455024927093e-03
9.180798422547769774e-03 -5.807360874316111823e-03
-3.720855950938182707e-04 5.888467738718183506e-03
-4.549614269593962174e-03 -2.512172366282468781e-03
5.640964149182378304e-03 7.278875151261000008e-03
-6.190111731173250295e-03 5.510219301951614981e-03
1.041210546949892894e-02 2.993001786172939157e-03
5.335807659311861753e-04 1.230971797496009310e-03
5.580261770384924679e-03 2.528473566004788009e-03
3.368743473886349864e-03 1.092023660032872059e-02
-3.481654469316271868e-03 7.260721875701218499e-03
1.153307215482326370e-02 -2.854513386136494670e-03
-6.405284285966773503e-03 -4.656697672808107411e-03
-5.512997415709060441e-03 5.947844945388390710e-03
-7.858581402595903563e-04 -4.636021822500999644e-04
2.654779877896960329e-03 -1.296974864796849800e-03
-5.790724425139431170e-03 -8.775024969203178843e-04
-1.077266364966427900e-02 -4.274601489166881749e-03
-7.210202422204721462e-05 -8.937270349391530228e-03
-2.376126830547177146e-03 4.076336748252285501e-03
2.434641884051447474e-03 -5.679074717079420033e-04
-3.090218196040442171e-03 3.216061488974159433e-03
4.961406969417256341e-04 2.831314961080724259e-03
-3.146545924251527900e-03 9.496045211416848705e-04
2.329266961477534283e-04 -2.611176967235891849e-03
1.462017698765247058e-02 -3.266561624968107938e-03
-4.263137958990636210e-03 9.281064310876215723e-03
9.465550426814215140e-04 2.720910714701214005e-04
8.498718668034092177e-03 4.650997850095525687e-03
2.412768631121101591e-03 -1.298763055883117058e-02
-1.729762838689373515e-03 -1.516713724434879968e-03
7.998075551002695183e-03 1.069267447743782809e-02
-4.820316284184965328e-03 -7.634595661880956390e-03
6.460287424026539896e-04 -1.492699389910740262e-02
-6.036775073044576764e-03 -5.718159381957678596e-03
2.433715846132035888e-03 3.478078087145330781e-03
-4.987910411939348214e-04 -2.050294490365385698e-03
1.385493081294866466e-02 3.401601412338056685e-03
-7.539039673595279364e-03 3.072927073647849141e-03
-1.104601600851043376e-03 -8.616004314054816681e-04
6.517013704471465857e-03 1.323559716732678956e-02
-6.153006911638369755e-03 -5.424067288054016701e-03
2.762597664773519968e-03 2.774987232869067372e-03
1.999666584866201247e-03 -6.718136269596616502e-04
1.558592328770087192e-04 -6.524629487771886789e-04
-1.318975887230961234e-03 -3.717566759171495039e-03
1.139623881149538949e-02 -5.885801772442030878e-03
9.968102899538646214e-04 4.820892735483542357e-03
8.574103129881285867e-03 1.021366973243371078e-02
-4.796752625754854664e-03 6.635961762590515374e-04
-3.536465323320842676e-03 -9.657727639170109158e-05
-4.466315509215552752e-03 -7.009035530119842386e-03
-1.127837341875148440e-02 -5.745639334225774095e-03
-4.183042210044163583e-04 2.354058500935722609e-03
6.356277491589969707e-03 6.380115016588098521e-03
8.945422367175510231e-03 6.325796337419712842e-05
-6.264442826346692736e-03 4.176907980971095689e-03
2.686206821906786130e-03 4.057088913770440751e-03
-4.062549376665076234e-03 2.362865224021606675e-04
8.101586936671293293e-04 1.296926617158959683e-02
2.219594258576358756e-03 3.231487585304556893e-03
1.670276999578604185e-03 9.396883901913793621e-03
4.625869394816836569e-04 7.500347259279655995e-03
6.143288266641347244e-03 -6.501529837643005121e-03
3.333342204404981645e-03 6.264767864157606879e-04
8.384972527666607542e-03 6.267050865994190124e-03
7.529334610931708157e-04 -1.148750303308498921e-02
-7.859171712431599691e-03 -8.947277056884337526e-03
-6.631163263484967166e-03 8.153565185863527465e-03
-7.184069945215509337e-04 7.577248534650040356e-03
-5.330628124530432423e-03 1.021562681163733916e-02
8.688318591448759322e-04 1.194561487864386103e-02
-2.609094996734227334e-04 -1.146987925014070035e-03
-5.034016754280499703e-03 1.341911511627802422e-02
-2.410298402197323577e-03 2.016186837793629717e-03
-1.028128353436733033e-02 6.993599584853512491e-03
7.444222030142997812e-03 -5.252152155226026860e-03
1.149695679780189011e-03 -3.436023792608507328e-03
-8.210203179290701328e-03 8.541097186428965246e-03
-6.024704032900368711e-03 -4.568901823999418389e-03
2.488112650942322836e-03 -5.651841878532408610e-03
1.113768515302208072e-02 -5.294277367837469696e-03
7.835014681057267394e-04 -1.380866760786701904e-02
-5.010332575361104400e-03 4.955398921173673546e-03
9.678879312921367245e-03 7.376402392359560425e-03
-1.255625599155917385e-02 4.012343777887674226e-03
9.402988764114958084e-03 -9.504900774828593801e-03
-6.613151624296023136e-03 -8.648673805496243441e-03
-3.530102436696743676e-03 1.100387395617726145e-02
-6.614628188674569892e-03 3.032088995541043323e-03
6.279019541373694405e-03 -3.262350252122295929e-03
8.652583789282797255e-03 -1.218295730288078589e-02
-5.433654163162610594e-03 -1.375509233870846580e-02
-4.191527053981081337e-03 9.151606499975417251e-04
-2.343770227138625845e-03 -5.101484634581134915e-03
-6.975775287411545116e-03 2.775082013203055732e-03
1.355768258633870300e-02 2.076548393172393189e-03
