3.113480505848654264e-03 3.134683259869269854e-03
9.343571288420813442e-04 -1.122572833965754593e-02
1.126098108335325115e-02 -1.907958343453822203e-03
8.952246376985814602e-03 -7.122392896558018757e-04
3.154959975969331976e-03 -5.315658712711945032e-03
-1.752099110576593906e-04 -1.191344403212793879e-03
-5.455743649578563559e-03 4.168316354367592597e-03
-7.785425570955004093e-03 -1.110167323781042874e-02
4.548017732763677545e-03 -1.210972892770405263e-02
1.743477578911025458e-03 -4.411381408565376652e-03
-1.947713507241702205e-03 4.543259773658967632e-04
-3.187434605914530195e-04 -3.979982491553817037e-04
-3.578280090721445636e-03 -1.331525109009752336e-02
7.184660160798512791e-04 3.344219876704365192e-03
-7.674749959874958838e-03 1.288014802140782962e-02
7.735324569167177818e-03 3.227189769694683522e-03
5.671379223333042861e-03 3.975607840965384061e-03
-3.992308174893825952e-03 3.046551400627721742e-03
2.500644951353539133e-03 2.620453172120095105e-03
-1.119232767179952071e-02 4.315298516567200870e-03
1.041382977583194674e-02 6.257966874313375394e-03
3.506976334913002036e-03 1.168893138769970183e-02
-4.640268703582484285e-03 -5.982299420670952883e-03
2.952320584467008242e-03 5.349187150074634182e-03
-8.329607713896389209e-03 -9.208563152446225253e-03
1.112274822232523809e-02 -2.676653130825945755e-03
-1.001286234064155747e-03 1.208335325468346162e-02
-1.109637254930579200e-02 6.223384629526828443e-03
-4.170040660701751847e-03 -8.720708737717639339e-03
6.404949036511622777e-03 -4.677245753612129311e-03
-7.392855779809847164e-03 1.498560448875778470e-03
-4.341801959091093170e-03 -3.382122964652280791e-03
1.322552269402011609e-03 -1.109439270396436620e-03
-2.523572011705810768e-03 3.627455054585340070e-04
2.603625068685847411e-03 6.231463431788122204e-03
-1.243390084630344519e-02 7.972961165355878926e-03
1.399571673621725302e-04 4.033659875511200199e-03
1.805105995627320162e-03 -3.706965382161757534e-03
-7.004660639249918851e-03 1.161484951813688757e-02
4.396405380968591674e-03 2.383614844344999345e-03
-4.552264613845600529e-03 -1.731151895567810666e-03
8.686254262435756310e-03 5.983225458590364469e-03
1.068327050305032007e-02 6.092432302345361476e-03
-3.272916120895923327e-03 2.344785718477672594e-03
3.515981175093708250e-03 -6.057051789145210044e-03
-5.188027228694347751e-03 7.378166942605020318e-04
4.090785872136461568e-03 9.437450447463332018e-03
-3.833670828261303253e-03 -9.743868224711569812e-03
8.232982092492575898e-03 -1.136740981335137429e-02
-5.560448073243887471e-03 -2.707658993440871173e-03
1.097113587053221611e-03 1.181669064121787949e-03
-1.195929815283748587e-02 7.718496465734289713e-03
-4.962588546344197729e-03 -1.553291640256580872e-03
-3.500079109578871275e-03 1.370928964856821383e-03
1.772503596182682141e-03 -1.645670380579832308e-03
-1.897484735949210924e-03 -3.028126760363980020e-03
-6.153581292428784294e-04 -1.109014582288195966e-02
2.098272051611570904e-03 4.552520152853084577e-04
-1.841157007737554254e-03 -7.616697925321855777e-04
2.785987744086748999e-03 -2.231204224136307691e-03
1.427384462573142842e-03 -5.590400128434955956e-03
-5.430964513387467885e-03 -6.906853440917582083e-03
-7.387427321799136179e-04 -1.142041669841075075e-03
7.041509919775116796e-03 1.647363035519066633e-04
-4.991614563617213784e-03 -4.319002668243267749e-03
-5.313934406378928096e-03 1.100051121711046950e-04
6.330867166947667067e-03 5.834391220552151598e-03
1.582317657530740111e-03 -2.196877518358871743e-03
2.613428177280157239e-03 -4.203569098063079240e-03
-5.892443255096606845e-03 7.994451109779388345e-04
4.327751969414862093e-03 -2.372532876837975604e-05
-9.594906217168691284e-03 -9.878652473072409290e-03
3.375097969813484373e-03 -6.044726105801994168e-03
1.369204658524023240e-03 2.351140214409373763e-04
-6.349643464326404016e-04 9.779919236821803252e-03
-3.152309631715762006e-03 4.534638241997747919e-03
-3.327519542774782287e-03 3.343293838783811724e-03
3.057152777638138825e-03 8.682262920361148457e-04
3.596960269993156045e-03 -3.508828410751826509e-03
2.846690122883631900e-03 2.519197361120585187e-03
-1.008646478357334494e-02 1.046485681553896603e-02
-7.746724214592342131e-03 -7.414058533829322173e-03
-6.450803157218887827e-03 1.064364310876710421e-02
-6.869748621384633158e-03 -5.503322076618625235e-03
-4.775052951943322896e-03 -2.210640317635639840e-04
-3.051053820717612546e-03 4.880683413526699238e-03
-5.847355751415093603e-04 6.297466499090785021e-03
-1.028699656022773537e-02 -9.676140851074748611e-03
-1.939634704979048205e-03 -1.324567164062459904e-02
2.879931369856379535e-04 -5.632677866969238584e-03
-4.874584456608673996e-03 2.697855884845419897e-03
6.524629487771886789e-04 1.558592328770087192e-04
-9.219036759955622200e-04 9.675339091005713196e-06
-3.747391044858577880e-03 -8.757685787747503808e-03
-7.106427528263082813e-04 5.669654916998884478e-03
5.371060403004189465e-03 9.467402502654400503e-03
-6.812494855253564685e-03 -7.282850667640104227e-03
5.693508015270567699e-03 -6.318541483605593506e-03
9.559909012480955620e-03 -9.992904466324073476e-03
4.601439577714015218e-03 1.365162092253682791e-02
-3.787146208645098076e-03 2.957621272972787291e-03
-3.963154388118864287e-03 -5.544673777233497143e-03
2.517345285283122038e-03 5.245280994824055333e-03
3.018451421274334981e-03 -2.819388411943631479e-03
-4.761002962265949504e-03 3.184784261655735672e-03
5.326260089721000790e-03 3.087809311047963814e-05
7.995728804812427329e-04 -5.464492950750157035e-03
3.008648312678664262e-03 7.615644117906428950e-03
2.514822710534217291e-03 -5.330634740307369120e-03
-4.743376590418096027e-03 1.763626525507784116e-03
-1.123288110399964755e-02 8.719654930293781539e-03
4.627144751823160720e-03 -1.469534431602761331e-03
-7.395410005946608488e-04 -8.452992316833423531e-03
-4.300578027980667475e-03 1.088140747446161155e-02
2.053343968825077897e-03 2.375663811588152232e-03
1.483712190784799729e-03 -3.323943160603161188e-03
5.454817611659151105e-03 -1.223307955143197040e-04
-1.006526202955523169e-02 4.216693049821260489e-03
6.841393103010546574e-04 2.140549790147214422e-03
1.803828300576317684e-04 1.098623966763024110e-02
5.247133070661518482e-03 -1.060931640299080971e-02
7.638571178260061476e-03 -5.991846990256151709e-03
-1.231236831920501547e-02 6.116828130024042250e-03
8.373865297772798907e-03 -1.137973549669459017e-02
2.742948044330475316e-05 -1.185619026600051411e-02
-6.920903430604043258e-04 2.025116219965180384e-04
4.505739994229394918e-03 -1.097033760211654774e-02
-2.573800782998083257e-03 3.845198243190913346e-03
1.879060095685469636e-03 -2.861666150479056422e-03
-2.419665856455233219e-03 -7.222979372535132982e-05
-1.239944637102134706e-02 -2.180304953933734184e-03
9.218238491537231183e-03 -7.407704037900826773e-03
-3.924325262250395220e-03 -1.321399527909937303e-02
1.961763496917715358e-03 2.951522316052261011e-03
-4.919512539395167437e-03 4.618267681148263346e-03
-9.977130170313684016e-03 -2.889095630921219727e-03
-7.580391374210722864e-03 1.663328403827611483e-04
-2.027671610006233881e-05 2.202178206863290334e-03
-1.012558109983513390e-03 -3.460451715298158183e-03
6.134454501870533968e-03 1.089121058305592138e-02
-5.505046382950282147e-03 3.604783533245337936e-03
-3.104731204677060354e-03 1.833205974979565042e-03
8.364221610064419797e-04 6.315092870938637630e-03
2.351810713316468578e-03 4.975840267606824324e-03
-1.343493154135963312e-02 -2.657557991653044897e-03
1.139046464320945216e-02 -6.107152790933036320e-03
2.034919328562478057e-03 -3.514129099256245534e-03
5.306111143126745339e-03 -9.123879905873212917e-03
1.775153940436252327e-03 -2.426690851294029637e-03
2.100794626360476085e-03 1.103116775041673367e-02
6.093102801255662060e-03 7.984616349790153375e-03
-5.825514149875893333e-03 -5.817980404911916870e-05
8.455547706856633879e-05 -2.278782651175009777e-03
3.832074291432951540e-03 -4.878033069274488424e-03
6.820445888011553680e-03 4.939789255495229126e-03
9.410947004939438851e-03 3.719418835010779648e-03
-6.848673636868462915e-03 -3.945496364884254481e-04
3.244688372039013658e-03 2.200453900529131951e-03
3.185710299575147258e-03 7.150174034126761773e-04
3.404922255501248961e-03 4.031935569177040948e-03
7.621743074826953929e-03 2.740261392884148738e-03
2.963847999395475587e-03 -1.820880291637491915e-03
-6.453325731966432985e-03 6.772737363682076669e-05
1.101446741648829178e-02 -4.725622449065797204e-03
-2.154599779823227357e-03 -2.721708983117103117e-03
-4.232595115336096163e-03 -5.379139205266844116e-03
1.221191077662047049e-02 8.480773454407177295e-04
-1.114912389534582562e-02 -8.700783678735769106e-04
-1.935067818201142639e-05 -1.843807351991124440e-03
-9.465550426819924548e-04 -2.720910714694410094e-04
-1.725595668054500948e-04 -1.972364873928132874e-03
3.249063022624239672e-03 4.684398517954230061e-03
4.433382430999598459e-03 2.806264460186811121e-03
1.153387042323743977e-02 4.456437260856534882e-03
6.223384629526828443e-03 1.109637254930579200e-02
-5.916168583863843852e-03 -3.528306858438283716e-03
3.982505066299515256e-03 7.388481129223479701e-03
-7.637645140340649022e-03 1.945861431402878816e-03
9.047275461561492607e-03 5.241832382158241772e-03
-2.226031305134973555e-03 7.008907520331840099e-03
4.692349550712219056e-03 -5.592124434769114340e-03
-1.471258737935777616e-03 -7.892109839963598258e-03
1.434981022251525726e-02 9.449585058524988604e-04
-2.702230535431787359e-03 -7.358529074032411216e-03
-1.222953714846946455e-02 5.730803907085958021e-04
1.188821828460025036e-04 -1.075112564619000672e-03
8.098070074627072498e-03 5.750761781401637039e-03
1.092991193941972652e-02 -2.446839797890787427e-03
-2.569298362908411897e-03 -5.027793345232112882e-03
9.449585058524988604e-04 -1.434981022251525726e-02
-7.326437752605290035e-04 4.606868035723099032e-03
9.510606279109235298e-03 -1.055643728744632900e-02
-1.397432407382075007e-03 4.310125597567227192e-03
6.147706223133160564e-03 6.986108229482872363e-03
6.916528780008588881e-03 -4.509060837391906315e-03
2.797515159015216777e-03 -9.401271665848432921e-03
2.795663083177754495e-03 -1.309300548140745687e-03
4.606995805228905269e-03 -1.062429243058645410e-02
7.163840715288295052e-03 5.619553915212419093e-03
2.409990517365587746e-03 -8.496738822690691169e-04
-1.243297480838082870e-03 3.926975606496020590e-04
-4.473009825284612363e-04 -2.447893605319431437e-04
-3.085380526495048494e-03 3.677013326970689482e-03
4.451807071262197865e-03 8.696057371031207586e-03
6.153581292428784294e-04 1.109014582288195966e-02
5.996221640843880929e-03 1.012251579568494014e-02
-7.060125632319712644e-04 -1.456027287726976462e-02
-6.843245178859379968e-03 -1.331352678376472587e-02
-3.875022528878677500e-03 -1.265046245797711924e-02
3.876874604716139781e-03 4.558491340269431140e-03
3.086977063324542088e-03 1.094488796701400743e-02
-3.660312993042248025e-03 -4.605527037897273746e-04
5.460342187749839520e-05 -9.985081203072814458e-04
-1.062786881275785446e-03 2.200102243422093901e-05
-1.053178592075968041e-02 -9.228839868546286074e-03
-3.062453466141415968e-03 6.938146493932020355e-04
6.906725671414278185e-03 5.925971692459295996e-03
-5.549048427818724025e-03 1.479209770693767044e-03
3.928827682341429206e-03 4.341003690677488688e-03
-1.414931009725262610e-03 -5.625652872130442600e-03
-1.104706981593156848e-02 6.786917450648864529e-03
1.154804818241947709e-02 -3.494650651569787894e-03
5.326260089721000790e-03 3.087809311047963814e-05
6.321862326771263401e-04 2.358037439740299189e-03
-8.551470014073556808e-03 -1.174446084749661105e-02
-6.645235976953894723e-03 -3.748444852282435680e-03
-9.171458332911913702e-03 -2.604678876108562895e-03
-5.940819950550274738e-03 -3.810073268998730167e-03
1.051387235851982023e-03 -4.208869786567717708e-03
7.419231452829294984e-03 2.048171049825104652e-03
-2.257707666660200424e-03 5.024216963060491349e-03
1.009071166465526706e-02 3.376024007732896393e-03
-2.250682671822764897e-03 6.727141109770250899e-03
4.619193719066314041e-03 8.735269805407522292e-04
7.683499261046553182e-03 -7.912258786558995158e-03
5.959500129821986014e-03 -1.301400623185061840e-02
7.678869071452217032e-03 1.231766900770965220e-02
8.902273144703356763e-04 -1.994365896362353379e-03
-6.005098711518997963e-04 -3.733468824689513605e-04
1.184744096482891890e-02 -4.940459754405530576e-03
1.348001904504549965e-03 6.483277787157500603e-03
7.620146537997460334e-03 -1.188163990110054948e-02
2.947019895963730231e-03 6.911228091503950413e-03
-7.024994837435526857e-06 -1.702924146709759116e-03
-3.061527428223365273e-03 -3.352170909461212305e-03
-9.956853454212480012e-03 -5.091273837785870518e-03
7.580263604706276651e-03 1.119060336546536319e-02
2.113120309705051984e-03 1.117205095569809813e-02
-5.576222369254277798e-03 -9.378472375000607500e-03
2.239953525307901601e-03 7.753876978935584328e-03
6.107280560436339351e-03 3.352843736268915076e-05
-1.159377453362071819e-02 -1.895888199119717329e-03
-3.021101765526544494e-03 3.600408882658970040e-03
9.281591214586323163e-03 -3.438322923359272455e-03
-6.092591723234940318e-04 -5.341236117317786636e-03
-8.732108383141661337e-03 -1.682810343424812755e-05
-2.333386073053868737e-03 9.139526432375732253e-04
-5.251507721247886812e-03 8.125371785567072486e-03
1.172590843772934772e-02 -3.084326719072333009e-03
7.952013950346876678e-03 -4.031807799672595602e-03
-1.076038602538412258e-03 3.927103376007270823e-03
-8.417228495122218955e-04 -4.753051929509101090e-03
-7.851684177266777045e-03 8.423838530055960394e-03
-3.699940387324322007e-03 -1.021818489175612635e-04
1.234497071864965219e-02 -8.178123131605966392e-03
-3.148861019049948012e-03 1.106456841827611892e-02
9.028052552883927828e-03 -7.958911175681007005e-03
-9.154630229479026465e-03 -1.133678725925136611e-02
1.064377087827290957e-02 -4.906133048628093761e-03
1.435207725825325383e-03 3.423474665267152266e-03
-4.486261546542937712e-03 1.457208748259546322e-03
-3.458727408963999800e-03 4.277523198122589604e-03
6.587183942408078585e-03 -1.782977203688434868e-03
5.030443689484322828e-03 -3.350318833623749590e-03
-2.068862725828860428e-04 -3.176034960484141328e-03
8.761773247929617418e-04 -5.400214189781652602e-03
5.229793889207688760e-04 4.355053680353720633e-03
6.872398965636843104e-03 4.722301605903287541e-03
4.084718566599921698e-04 7.914110862397818330e-03
8.087596467121319771e-03 -2.482092541586274070e-03
-3.655810572952576665e-03 -9.333544292212753168e-03
4.345378341262714703e-03 -1.444883064916331096e-03
2.319208313871830122e-03 7.037135269188749334e-03
-1.443158758582172496e-03 -1.080413253123638489e-03
4.874456687102868627e-03 8.659080321001563427e-03
-2.209203201702086752e-03 -1.723200862810963336e-03
-1.302368157094162433e-02 -6.881403805817547584e-03
-1.482913922370052498e-03 1.063489380759551073e-02
-3.697705002964546059e-05 -4.226496158406701652e-04
8.430065256479791005e-03 2.243657676982827032e-03
-8.735556995808618080e-03 -6.546758279711257372e-03
-1.297102634301976025e-03 8.702156327950592851e-03
-7.984616349790153375e-03 6.093102801255662060e-03
4.837669545366789225e-05 4.609518379976669002e-03
-8.460145081176666595e-03 1.039355305973188419e-02
-3.296641449664302649e-03 -1.982966250937189499e-03
1.727575513396189567e-03 2.747414157230112499e-04
-9.456801125645342143e-03 2.246978520145337128e-03
-2.982272639658075861e-03 -4.068912619206905418e-03
-2.121326881469648776e-03 1.388488286814030387e-02
1.997016240614562892e-03 1.092068437549967904e-04
7.545138630515235353e-03 2.675982631915644304e-03
3.710541764333378633e-03 -3.021900033941291291e-03
6.265662368061111938e-03 9.956981223718287116e-03
3.060601390303953253e-03 7.398156468314485631e-03
8.877070676259132820e-06 -6.389046970996787103e-03
-6.858636166352134744e-04 -5.405514878286291069e-03
1.742551540991614089e-03 -3.653958497121043017e-04
-1.224585650176236024e-04 5.902118594187611908e-03
-7.990843076212842538e-03 1.170112930153825205e-02
-2.094025170531008812e-03 1.338562880798541133e-02
-1.931013173311900075e-03 3.079153800072359764e-03
1.349853980342012030e-03 -1.608693330550186847e-03
-5.345068038492370877e-04 2.815013761358405031e-03
-6.034252498296242308e-03 4.857756353174426736e-03
-8.843965571150228314e-03 2.761208607894511877e-03
1.011443699342364638e-02 7.703775977147758053e-03
-1.211621119312856001e-03 2.377388117920950159e-03
4.612296493732181979e-03 -1.218633337201576947e-02
6.588780479237572180e-03 1.283892409029626161e-02
5.763885733159598845e-03 -6.462362223544999493e-04
8.485594716276701963e-03 -2.800836002177727307e-03
-9.994756542161536625e-03 -1.467937894773267520e-03
2.374737773668740212e-03 1.992641590028194996e-03
-1.195399746433170769e-02 6.156455524304754040e-03
4.843706363497052476e-03 2.628404204876942651e-03
-7.017656821500493653e-04 -7.193920539979021915e-04
4.537160816745510784e-03 1.372822536684854822e-02
-6.237562388707506601e-03 -3.145284636878326479e-03
1.337860381314797537e-02 3.911010238212501294e-04
-6.794996252910375997e-03 2.652927802057565999e-03
5.487420011103789561e-03 -2.183625797096245148e-03
1.070089687489817268e-02 4.671274566197409703e-03
3.929753720259479902e-03 2.950181318230734803e-04
1.167130501585184749e-02 -2.085818598765051129e-03
1.850832346828559750e-03 1.683573468527747689e-03
1.717900174305183637e-03 -6.471622602725509701e-04
-8.379038216773913167e-03 1.584840232278502976e-03
8.880016583260461754e-03 1.707426566799431344e-03
3.432670577743605640e-05 1.203670086556008888e-03
-3.847465278927549460e-04 -3.586358892981596214e-03
-9.189212474265573416e-03 1.017341506588637090e-02
-6.499179852672337145e-03 6.034124728792938409e-03
-7.100615761743648419e-03 9.706763405177259996e-03
1.228493883876171158e-02 5.739362135976472726e-03
-1.047015750404360450e-02 -8.524423842145169294e-03
6.722894228688329650e-03 -1.159019815144909579e-02
-2.356313133406140372e-03 3.897151320816202337e-03
1.311353773651597124e-02 3.040580213213001266e-03
1.234497071864965219e-02 -8.178123131605966392e-03
1.812003220961452225e-03 9.352894970394765028e-03
-4.442259501674495834e-03 3.582782510811117430e-03
7.844690833811534224e-04 6.532580520530580082e-03
4.222919776245091100e-03 4.457235529271281679e-03
2.583476122089089187e-03 -2.923294567195351343e-03
6.305417531847632567e-03 -1.758325837002004417e-03
-1.996888471110116678e-03 -1.146614304960312178e-02
-5.106537055775534333e-04 -4.214170475073496756e-03
-1.315674151296830456e-02 2.144796671228917963e-03
7.707224589814932504e-03 -3.584506817144133932e-03
-7.853408483600936296e-03 5.158873441916884614e-03
-4.216820819325705835e-03 1.291674176292892644e-03
8.960995678158768102e-03 4.255649945194174902e-03
8.751586830828118543e-03 -9.496300750422752637e-03
1.612141943216001058e-03 7.879784156620384117e-03
-1.211145323403706696e-02 -7.812982820904115083e-03
-7.746851984095646029e-03 3.942877672017442575e-03
-2.483018579505686090e-03 -4.041610908268046878e-03
3.750041389110788260e-03 7.976665317032165248e-03
1.221548715879209115e-02 -3.978928684127895458e-03
1.695100883456215901e-03 -9.020899788540686498e-03
-4.767101919185333034e-03 -2.564125443908438218e-03
-4.223845814164502686e-03 -4.112499704180085699e-04
-3.444549649783322509e-03 -3.673564714304875054e-03
-1.206064891801611038e-04 -2.189852523520075325e-03
-1.410556359138894714e-03 -3.141708254706705380e-03
-8.189778316038880818e-03 6.182032928910596511e-03
7.742477333510420015e-03 -6.426822289442539818e-03
6.461148995218834318e-03 8.946147420067789360e-03
-5.320161132802977283e-03 5.718031612452552370e-03
-1.298060556399259491e-02 -7.098444844127029321e-04
3.505475916199835701e-04 -8.974247399420032939e-03
2.562273368069615045e-03 3.324869198521211884e-03
-1.750374804245157304e-03 -8.648478943991146778e-03
-3.873298222544518683e-03 -9.385497369838041726e-03
-8.594769908645211523e-04 8.025042012486972853e-03
1.326939696939161833e-02 2.388117264434671573e-03
-2.678505206663408036e-03 -3.030777104617549990e-03
2.451342217980459655e-03 2.056920350996698996e-03
1.525862159813276553e-03 6.893601719656316379e-03
1.226836627433657359e-02 -8.242401892575614009e-03
-2.887914054003848591e-04 -1.678272780023109872e-03
-6.929652731766549820e-03 -2.942773014880667101e-03
5.834263451047486809e-03 5.026069038897954498e-03
-1.686096043276653304e-03 -8.725083388302865353e-03
-5.997275448266596413e-03 5.280405969015097498e-03
9.370074730956513137e-04 -1.200674881037174305e-02
-5.584173402012267660e-03 -7.035410962855732399e-03
7.390205435557638952e-03 -7.175399781604394761e-04
-7.880454655527743043e-04 -1.705574490961968628e-03
-3.441899305529752106e-03 -4.454585185019071733e-03
4.960736470505593132e-03 9.645262757965629430e-03
-2.187202179267865813e-03 -6.604139815351778905e-04
4.167390316448181010e-03 9.501729208431834717e-03
-4.473009825284612363e-04 -2.447893605319431437e-04
6.198733262839037535e-03 1.081460613874420280e-02
-1.626319702398039673e-03 7.130375580593963526e-05
3.055300701800676109e-03 8.960197409743802729e-03
1.432685151076419552e-03 -7.152441069864273054e-03
-3.003475393678691450e-03 2.179251146511018700e-03
1.201945780221850288e-03 -3.299291793916512162e-03
-1.112367426024464881e-02 6.722638689679217780e-03
3.374044162389626574e-03 9.358195658899403496e-03
-1.310354355564603487e-03 1.260725868152364273e-02
5.645549771496078534e-05 -9.090479238014969113e-03
3.022826071860702877e-03 -3.354437945198942596e-04
7.755601285269742712e-03 1.025011562831174613e-03
6.832132723830035281e-04 6.186535349001629630e-03
-1.002882770892507460e-03 -2.538548039302596180e-03
9.300143624354727939e-03 -8.905466218361857145e-03
-1.081275406290537963e-02 -1.893237854867508251e-03
-5.078022116523243923e-03 6.051751100639430128e-03
8.444243015661830054e-03 -5.707430235443495745e-03
-3.855927389704634761e-03 1.190721730570639195e-02
7.994291688881159305e-03 -5.171199125260100490e-03
1.114739958901166811e-02 -2.394886720265498870e-03
-9.553682286057125009e-03 4.384877966040123462e-03
-1.199097451436135359e-02 5.733805908464084146e-03
7.933461540585540032e-04 1.435335495324327926e-04
-5.314860444298339683e-03 4.155990671024376720e-03
7.349652003355011502e-03 3.686816435566359768e-03
5.370389904095249772e-03 -9.200484350184931492e-03
-1.763754295011088231e-03 6.613559615428666986e-03
9.525454537200215774e-03 1.603616529666802154e-04
-7.800944327959271913e-04 -4.048635903105482839e-03
2.256909398245453627e-03 -1.233516761005284262e-02
3.495704458993645260e-03 -3.854873582281919276e-03
4.324175587243240561e-03 4.803280700800232131e-03
9.461974044645314955e-03 7.547916744272110089e-03
-7.421754027578200165e-03 -1.262408678495652997e-02
-4.655372500682574029e-03 6.014774050609784234e-03
-7.700199594976135653e-03 5.287430963855034929e-03
8.052343723424473104e-03 3.602229307109890664e-04
9.906752452426014627e-03 -2.783209630328732382e-03
-1.828033055979592664e-03 6.690164059740386429e-03
-1.738975158821353447e-03 -4.461610179857649142e-03
-1.206320430809579075e-03 8.153471764916330605e-04
-4.342727997010504756e-03 6.638625942009923186e-04
2.351140214409373763e-04 -1.369204658524023240e-03
1.946883587441161634e-04 -8.321784450644206452e-03
2.829063751034636975e-03 3.940355097269897418e-03
-4.965366660101071597e-03 1.058466503630437969e-02
1.251037752111050158e-02 3.448253801458247940e-03
-4.860406697426635815e-03 -5.253232027580902880e-03
6.874251041474304519e-03 -3.369669511804400993e-03
4.844632401417607245e-03 -1.417581353977691132e-03
-5.115797434968996638e-03 -1.681849162194731188e-03
-2.300783673609230716e-03 -1.147342358344352001e-03
3.581984242396370199e-03 -2.868691145317852839e-03
-1.216075596740992873e-02 -8.376515642025007119e-03
9.503453514765993967e-03 -9.024252283091043630e-04
2.809681421468419697e-04 -7.335602013680139581e-03
4.064410199117014615e-03 5.890718948762448462e-03
-6.253464454222342275e-03 1.540838187410061965e-03
5.515519990456034007e-03 4.628070789742573174e-03
4.627016982319856822e-03 9.887401774244002767e-03
6.040862533235210035e-04 -4.453659147099660147e-03
5.029389882060465028e-03 1.205260293107764807e-02
-5.266355979338865553e-03 -2.591427154845936300e-03
7.089184464932913460e-04 -8.934620005139320281e-03
1.227804161342757779e-02 -7.320498216580050704e-03
-3.519557557265328481e-03 1.088405781871382150e-02
7.378678020629169873e-03 6.452527463551686188e-03
-4.360354368859499681e-03 2.085020330350304766e-03
-1.105144446651793767e-02 4.302972833225128177e-03
1.210455600870293663e-02 -5.246877531652408347e-03
-4.580620132208316868e-03 1.417102392928597590e-02
-6.276391514574614777e-03 4.524036864988691294e-03
-1.019461781990698736e-02 -2.941048708547649732e-03
8.267979297178953274e-03 8.504147126043967025e-03
5.353561800661001645e-03 -4.683759670432701555e-04
3.675289020637891556e-03 -1.795845616428854048e-04
-5.794636056764271813e-03 -5.384439893771481717e-03
-1.090526057273329477e-02 2.728606208451234312e-03
-3.408498637672869626e-03 7.950704603915707217e-04
-3.352843736268915076e-05 6.107280560436339351e-03
-7.659773932279316175e-03 1.224001075597521727e-02
3.340771264036048425e-03 -7.248396192358003490e-03
-8.320475104212159655e-04 -3.831148253513539520e-03
-6.446172967624551678e-03 -9.586284685501544889e-03
1.175148584233518846e-02 -6.848545867365158149e-03
-2.005765541786157236e-03 -5.077096078603831469e-03
1.041711896760976527e-03 -5.130773462563279277e-03
5.887270336096634034e-03 -1.059434037539538562e-02
1.708224835214178141e-03 -1.569065936268113082e-03
-4.733701251327090964e-03 2.685530201503346336e-03
-5.185376884440777781e-03 -4.320377645369464711e-05
-8.891543998188930834e-03 5.462640874912693886e-03
-1.124785713159507164e-02 9.359792195728897091e-03
5.059341937251532646e-03 1.077232840020991844e-02
-2.343987450062925797e-03 4.038034526096426213e-03
4.908911162386110812e-03 -1.494185798289410574e-03
5.705578159608317443e-04 1.653621413336679637e-03
7.583839986877897316e-03 6.363597335896751736e-03
-3.012224694850285361e-03 -2.788638088337816196e-03
1.222251215363066856e-02 -2.276004537419495932e-03
-3.665613681546885626e-03 1.101488237638447625e-03
-2.614896944603844380e-04 -2.177526840176860316e-03
-6.473474678562048459e-03 -9.087030625348012369e-03
-1.443158758582172496e-03 -1.080413253123638489e-03
5.541097395061876478e-03 8.638516414497467329e-04
-4.575191674199233054e-03 1.252046782009676781e-03
-6.438477473874312795e-03 1.078452631404846866e-02
3.584634586649940603e-03 -3.649711616032049952e-03
-1.066564413120132428e-02 -7.513590038494673273e-03
3.352969177875959102e-03 4.249423218768983400e-03
1.608821100053490528e-03 -1.000708222550475077e-02
-5.428441938638562704e-03 3.669062294213842369e-03
2.653055571563372669e-03 -4.561939952936606459e-03
-1.379422843415121017e-02 1.348800172918154447e-03
4.112499704180085699e-04 -4.223845814164502686e-03
-7.079924085752406504e-04 4.888634446284905941e-03
5.997945947176678422e-03 1.338748088382287448e-02
5.302406991449317569e-03 7.060062329542381859e-03
7.644797904683892087e-03 -1.159987349054010172e-02
1.087358421120806704e-02 -4.713296765722581327e-03
-4.691295743288361256e-03 -9.810797329932282457e-03
-4.779299833025245012e-03 -1.406194485503542597e-02
-6.293890116919163488e-03 -5.411741604710121681e-03
3.601207151073716837e-03 1.033205241251889360e-02
-6.963372241409662017e-04 -1.363836920127420131e-02
9.809743522509567840e-03 1.071162602141167638e-02
7.844531412923533981e-03 1.230173529081262512e-03
6.640063057953921044e-03 -6.046450412135010236e-03
5.486621742689042763e-03 -9.494576444088593387e-03
1.295065350880152469e-02 1.990119015280431697e-03
3.935852677178864299e-03 6.043927837387247370e-03
-2.886317517165705882e-03 -2.160826506248418859e-03
-2.660080566400808196e-03 2.859015806226846909e-03
5.403662802448827920e-03 7.406107501072474626e-03
-1.217055907600423856e-02 2.058516887826192590e-03
-1.948639545159753118e-03 4.500311536220311104e-03
2.078123105009369010e-04 -8.699505983702732290e-04
-1.962848955738292003e-04 -6.300116843342994100e-03
-7.195198235037088622e-04 1.205870188799703160e-02
5.098554371639487347e-04 -3.096780171920212807e-03
-4.001983513985973330e-03 2.124647724633520196e-03
1.001065860767637317e-02 -3.218184929515120491e-03
4.776777258277481279e-03 3.486029119902639764e-03
4.780513061342765192e-04 6.275465476656564082e-03
2.158974430410956144e-03 5.205653600541981785e-03
-1.130642024415910545e-03 4.925611496314551835e-03
2.658643450467522255e-04 4.661471457600596668e-03
-2.168777539005265972e-03 5.229378929309219659e-03
4.643845085754104950e-03 1.155293391102341213e-03
-2.143998402814170732e-03 -5.845790865975955888e-03
6.691888366074545680e-03 5.092998144118668011e-03
-5.282258044855062118e-03 2.094695669441310262e-03
4.076735882463874711e-04 6.031602154041092005e-04
5.621278221545216586e-03 -3.898875627150360720e-03
2.450416180062408526e-03 6.102905909851113336e-03
8.164073141929736183e-03 8.939122425228993377e-03
-8.770011471090717950e-03 3.606507839578355305e-03
4.468635174695085102e-03 -3.605101211159433133e-05
4.633371478248352222e-03 -7.077560931885570547e-03
5.162449824088506146e-03 3.026402454032323976e-03
8.356238925928371726e-04 -9.958577760550719332e-04
-4.692221781207772842e-03 -5.764811771079010431e-03
1.880912171525434690e-03 -1.095363726818696266e-02
-6.207865872519620267e-04 1.828831324394339028e-03
1.054146125985068634e-02 1.015074354454184938e-02
-1.133135880124228230e-02 -3.764346917797271787e-03
1.257120766941318898e-02 -3.158280819131842505e-03
-1.749448766325745717e-03 -1.269446450284441794e-02
5.482119322598009645e-03 -6.215848556667090408e-04
6.410920223927703276e-03 1.242860015779880672e-02
3.329243849107580214e-03 -7.832875064587782599e-05
7.590194482811179469e-04 -1.060136537023576150e-03
-1.381530341867238465e-03 -3.759972267211608189e-04
7.023755778422817106e-03 1.294283024554798364e-02
-3.504453760165239171e-03 -1.113015652566916053e-03
3.228914076027481449e-03 -4.470359481029243486e-03
-6.343320619796689180e-03 5.381661780014606981e-03
6.348365769293358527e-04 1.577016969024960195e-03
1.027029622629929348e-02 7.051313028369427492e-03
1.180251288204106630e-02 -3.020047958103828575e-03
-1.959113152665505845e-03 -3.732542786767599572e-03
-5.819287423452062721e-03 -5.666206304333070050e-03
-5.857318280904423233e-03 9.314065844526297697e-03
-2.429372846944805910e-04 -7.644670135179226431e-03
9.093129582267397634e-03 -7.245649729978754366e-04
8.726009426213407515e-04 -5.732081602130411485e-04
-2.097346013693519341e-03 -4.501237574139722690e-03
-4.119939658913924704e-03 -8.462252696018936898e-04
6.481425711320038321e-03 6.743969213203138136e-03
-2.021667607299851462e-03 -3.909732543168042409e-04
-3.131106877697649189e-03 -1.713525523719957623e-03
2.409064479446176594e-03 3.196311676584203884e-03
-4.584867013288878093e-03 3.301431060152566592e-04
4.715148841560044476e-03 2.781613093500381103e-03
-4.133191380176551299e-03 3.058877083971155760e-03
-1.562040941429535673e-03 -5.300688505779590533e-06
5.805365203279134675e-03 -9.096578194934354378e-03
4.576915980532030546e-03 2.012918306128257118e-03
9.198760043851915424e-03 2.105424815954812668e-03
8.707457016456372767e-03 -2.649383071275596482e-04
-6.031474384539367573e-03 -7.280200323386533390e-03
-2.717334332531876669e-03 4.638544397248325034e-03
-7.399082506232537194e-03 7.106586949158368027e-03
-5.837712063714662128e-03 -1.155599921517746695e-02
-3.191937025998977870e-03 4.893009096871274270e-03
5.505972420869692865e-03 -7.650769092098610828e-03
2.611703870947139870e-03 -7.468534186203516778e-03
-4.235756537600819140e-04 4.082962608882918787e-03
-1.135878828168558619e-02 8.091843348203241887e-03
1.296125488581058305e-02 -1.133962867578421074e-03
6.446300737127855576e-03 -1.770651520345219426e-03
-1.962848955738292003e-04 -6.300116843342994100e-03
-5.271656667843502286e-03 -1.029386213417761084e-03
-4.475660169533881086e-03 -1.666873134599306232e-03
-6.762393853465737542e-03 5.916328004756409888e-04
2.310459012700236212e-03 2.069246034339914438e-03
-9.610808282683529560e-03 -5.192529648784019979e-03
-3.799471891988313085e-03 2.816738067692563848e-03
7.910534480226197665e-03 4.418534172908619717e-03
1.681849162194731188e-03 -5.115797434968996638e-03
-1.494185798289410574e-03 -4.908911162386110812e-03
-5.354360069075748442e-03 -6.842574679949078517e-03
5.758585044654694531e-04 9.158047190850461083e-05
-1.518964934479144924e-03 6.166258632900207051e-03
-3.756268115535979328e-03 -2.368638816749355815e-03
1.023031717489265684e-03 1.169330603828606929e-02
-3.030777104617549990e-03 2.678505206663408036e-03
-3.338919188198585710e-03 -8.435749253496843941e-04
-9.683836344823625736e-03 -1.008381443932113673e-02
-3.168913847526296304e-04 -8.489969366861927977e-03
-2.084222061936699417e-03 2.950596278134209882e-03
6.013177513781432955e-03 -9.966528793303484207e-03
-6.427876096850412195e-05 7.660444431171926645e-05
-1.092978416991391942e-02 -8.910096407956194162e-03
-6.666407079578664033e-04 7.795228679550455370e-03
-5.446866578901162111e-03 -2.220730616630554963e-03
1.858783379585407080e-03 -6.594879436157660875e-04
6.262213755393937487e-03 3.427051047438772931e-03
-4.621844063319884011e-03 -9.250650982655555035e-05
6.941180146695018899e-03 -4.227294426831458563e-03
6.184811042667470379e-03 -3.948178360522080176e-03
-1.725595668054500948e-04 -1.972364873928132874e-03
-4.453531377596356249e-03 -1.196102245917028337e-02
5.962820972984495677e-03 4.872860150274515613e-03
-1.073349927434144938e-02 -2.609979564614342811e-03
-5.568399106000734150e-03 -3.645975812973569624e-04
1.291897714727630042e-02 5.428458009083814151e-06
-1.247870115958663387e-02 -1.463563244188041505e-03
-6.867896545546248437e-04 -1.359529319433017743e-03
-5.490996393275411093e-03 7.010631826664856167e-03
3.475427742893583138e-03 -1.652695375418628942e-03
-5.507696727203852116e-03 4.385804003959535048e-03
-1.864084068091186779e-03 2.221528885045301761e-03
1.333025876907764119e-03 7.123415052591473839e-03
4.763269998001177022e-04 3.010500388517487868e-03
-8.680155305516372780e-03 -2.343157530261905791e-04
-7.384904747051858169e-03 -8.445009632690961970e-04
-5.802331550518373491e-04 -2.575525089332241641e-03
-7.264298257871697716e-03 1.345351560250979562e-03
-5.328910433974570759e-03 7.501423776037174744e-04
-5.389740582275899874e-03 7.356676998194948934e-03
2.338686761557145881e-03 -2.475993584666889673e-03
-6.471622602725509701e-04 -1.717900174305183637e-03
-4.050232439941779585e-04 -1.384180686119447978e-03
-3.214736316846803291e-03 -3.480728431398220739e-03
-6.078254543164683318e-03 2.732182590622855844e-03
1.953588576544176142e-04 1.034610240219626699e-02
-3.547529767115630787e-03 -7.284574973972901719e-03
-2.533247350797958580e-03 -5.591581705356675393e-04
-2.834364439540416891e-03 -2.378314155840361311e-03
4.863983079598257347e-03 4.262259980122909929e-04
6.935879458191741322e-03 -2.665253485402142332e-03
2.056920350996698996e-03 -2.451342217980459655e-03
-2.508595984111528128e-03 -2.773917599752206541e-04
1.283004701962136423e-02 -1.997335082396444958e-04
4.616415605310800196e-03 1.301148365710285554e-02
6.058105596576793869e-04 -1.188694058960584367e-03
8.804242058748842914e-04 8.440666633490207654e-03
8.296207046038363980e-03 3.958907507036943038e-03
-7.639241677170143484e-03 -1.267603986258181853e-02
6.079180581082734014e-03 -6.778168149477270185e-03
1.295250558464513526e-03 -6.101852102429054011e-04
-4.374404358535731625e-03 -1.320827963070355781e-03
-2.939196632710187451e-03 2.102646702199299691e-03
-2.542124421474217279e-03 5.829888800461119347e-03
-1.983764519351936297e-03 -4.014309197328046024e-03
2.650660766320054283e-04 -2.649479189391751571e-03
1.123447764082913941e-02 5.902246363690916674e-03
2.466318245577245067e-03 1.416783085562725326e-03
1.487288572955279380e-03 -8.150949190170411751e-03
-1.879858364101577107e-03 -4.449284496514434133e-03
6.936805496109792885e-03 -6.711239044256556673e-03
2.308862475871884500e-03 -1.255265525964614423e-02
1.835058050819530530e-03 -4.987239913030846322e-03
-3.119707232272484441e-03 2.473343240414680594e-03
-2.792438358126840200e-04 1.060056710181921623e-02
-1.314601236645164062e-03 -1.233622141747076940e-03
-3.013022963265251600e-03 -1.009958873533266764e-02
-3.191809256494531656e-03 -6.463927108976849634e-03
-3.055428471303980875e-03 2.396738796102961151e-03
1.903711462373260544e-03 -2.579899739917468088e-03
3.248424175108376340e-04 6.146907954719555214e-03
2.196877518358871743e-03 1.582317657530740111e-03
-7.769651274945974656e-03 -4.430859856251833859e-03
2.011066230290794836e-03 3.515055137175657120e-03
3.265092857643741003e-03 -1.135866051217978082e-02
5.540171357143825782e-03 4.909837200304161507e-03
2.340411067891304264e-03 7.889715034721861073e-04
-4.988964219363643815e-03 -5.100023138957463995e-03
-1.779656360525924338e-03 1.129968243971705630e-02
-1.218195872142940200e-02 -2.128351876308445627e-03
7.602520166149607725e-03 -1.046048216495259857e-02
4.982865262444259417e-03 -6.488865666067094619e-04
2.414365167950814194e-03 1.634270735156028885e-03
-6.798444865577332741e-03 -3.877002374219443680e-03
-5.804439165361083980e-03 5.050592636079938302e-03
9.885677467909843516e-03 -7.891982070458932602e-03
7.347927697023354590e-03 4.218513474270649787e-04
3.501803415913030092e-03 1.894036123282254831e-03
-3.307242826673359275e-03 1.141115631921663489e-03
4.987112143526181533e-03 1.319199425666515296e-02
-7.783701264617685911e-04 -7.836708149664062999e-04
-7.588916787753113846e-04 -1.029679966882340696e-02
8.250225155837805470e-04 2.128224106803780404e-03
-1.360455357351068439e-03 4.732775213409039401e-03
8.803412138948743179e-03 1.643147805830926910e-03
-1.460785130431167204e-03 3.407444830256738501e-04
1.085317972560220084e-02 8.845817646987689728e-03
6.007749055772349141e-03 2.952448353972814046e-03
-3.072128805232421898e-03 -2.280890266023601846e-04
-8.044392690667624690e-03 -2.703284342854503711e-03
-2.377515887425614514e-03 1.014531508653276556e-02
4.358630062525341298e-03 -5.349985418489380980e-03
3.339717456613332941e-03 8.154525572342034151e-03
-1.178581254811262441e-02 5.644875780809148827e-03
6.160957944395787159e-03 3.081005875909822913e-03
2.800421042287908405e-04 -3.289616454825725241e-03
1.569991974187524668e-03 -2.337760723639095185e-03
-3.660312993042248025e-03 -4.605527037897273746e-04
9.465550426819924548e-04 2.720910714694410094e-04
4.930273337307953261e-05 5.635328211233961090e-04
-9.779919236821803252e-03 -6.349643464326404016e-04
-9.358258961671287249e-04 -1.475310916017527618e-02
4.374650586367895971e-06 2.483944617423737219e-03
-7.659166736152496838e-04 -1.199972381553294706e-02
-1.012954079052373613e-02 4.293297494132979064e-03
3.133757221949858267e-03 9.325050530046188457e-04
7.616697925321855777e-04 -1.841157007737554254e-03
8.224903290231063563e-03 2.332587804637761050e-03
-1.038933783004101791e-03 -7.007183213997680848e-03
1.284859942938841072e-02 -5.666876803243371501e-03
4.735297788156804001e-03 1.193637109248385508e-02
-3.383847270985078717e-03 1.076836870953159272e-03
6.229739125453963820e-03 -5.868590156824922757e-03
-1.255093095331312816e-02 9.561026122685530385e-04
4.662397495520009122e-03 -4.311849903900025552e-03
-9.659057208640038812e-04 -2.115898423460565395e-03
3.828497909261330441e-03 -5.102703970587718803e-05
3.284187996810979506e-04 1.319901925149801879e-03
-2.232130262054358386e-03 1.259997814767665775e-03
-1.474036851693794233e-03 4.245846836598723625e-03
-7.131653275752138955e-04 -4.906260818132539975e-03
-9.439973022211094883e-03 -6.485129862996323775e-03
8.826339199302375704e-03 -1.340050871746560103e-03
4.280173542376159573e-03 2.677706938249803121e-03
-3.009702120101380614e-03 7.787277646793608690e-03
1.087981093763189938e-02 -1.032132326600653308e-02
-7.193920539979021915e-04 7.017656821500493653e-04
-1.875355944008746164e-04 -1.332227608493017105e-03
3.448924300369689971e-03 6.157509331728611840e-03
1.394782063128504604e-03 -3.529105126853030513e-03
-3.161857201303464038e-03 -7.744201639844577531e-03
7.718752004743401583e-03 -1.075457425885625873e-02
-8.193226928707199319e-03 -3.478972473675550486e-04
-9.448307363478340715e-04 2.992874016669634825e-03
-8.227553634483492084e-03 -1.551567333924925261e-03
-5.046217985494713155e-03 -3.320494547935985870e-03
1.893110085362843028e-03 5.441821429402428009e-04
-2.455876289455482218e-04 -6.863649664465248761e-03
1.465185334917826904e-02 -1.281871067697441802e-03
-1.621945051811452985e-03 2.555248373232179519e-03
-1.089730953997644809e-02 3.855447963077209689e-04
2.193397254294056006e-04 -8.040018040082398676e-03
-2.965700075234299626e-03 9.912851409344038134e-03
-3.776417062132737118e-03 -1.152339681573283023e-02
7.130375580593963526e-05 1.626319702398039673e-03
9.536854182624019197e-03 4.347230417100176984e-03
6.048430257476919598e-03 -1.280884426560189096e-02
-1.274973842363309306e-03 -1.591992996621745607e-03
-9.651074524492570840e-04 5.195052223531783711e-03
7.700997863389741002e-03 2.023519683138675068e-03
4.922290653149538099e-04 -1.675622435770900576e-03
-4.123388271579739132e-03 -7.376155445880265560e-03
2.419665856455233219e-03 7.222979372535132982e-05
4.799033819717388009e-04 -1.816505641051123802e-03
3.046679170132386531e-03 -7.364628030951796481e-03
-4.501365343643027456e-03 1.345428221954028322e-02
3.038600367869732748e-03 6.335369587038699318e-03
-3.000825049426482372e-03 1.398230675795679922e-03
-3.388221921571665622e-03 -1.407107746473080720e-03
1.296048826878118225e-03 6.700765436750803945e-03
-5.939095644216116354e-03 -5.451081808596548207e-04
3.445347918198069306e-03 1.098451536129722329e-02
-2.509394252525133043e-03 -7.588342406968930434e-03
9.566934007319751604e-03 -8.289980319613173346e-03
3.548583574538346271e-03 -8.118346790727135054e-03
-7.642019790927016484e-03 -5.380831860208584033e-04
-1.544414569581682630e-03 -1.426458424653731256e-03
1.056451608970762103e-02 -4.189391338882401949e-03
-1.062269589375674193e-02 1.001490548875829528e-02
7.211419142328357595e-03 2.918121648195377664e-03
7.707224589814932504e-03 -3.584506817144133932e-03
-1.895760429616413214e-03 2.368383277739542032e-04
-6.070303510407836639e-03 3.891211784793416339e-04
-5.119246047634811066e-03 -8.211779338473102624e-03
3.743144163776656631e-03 -5.083195035524358182e-03
4.973189923354614378e-03 -1.570790242601130017e-03
-5.576350138758724012e-03 1.978463830847517271e-03
6.906725671414278185e-03 5.925971692459295996e-03
-2.269107312085364737e-03 8.373481989258537827e-04
-1.739901196739404576e-03 -4.156246210032345841e-04
-2.911894921771547920e-03 1.603392642044407148e-03
7.645596173098638017e-03 -4.288922843547753050e-03
-7.568991728786918574e-03 4.353201604516257484e-03
8.417228495122218955e-04 4.753051929509101090e-03
-4.227773853428316939e-05 1.139391325587504888e-03
-9.588807260240657989e-04 -4.129742767510251799e-04
-3.450776376207152687e-03 1.934461785979075610e-03
7.146214343440442443e-03 7.040711651360369999e-03
-2.136175139560627951e-03 3.168083927727294215e-03
4.878544147297277957e-04 -4.159567053195999120e-03
-3.626114056768115976e-03 1.210005358861304670e-02
-2.674130556078182022e-03 -5.468324871924523135e-04
2.036643634896636874e-03 -2.491640111171693206e-04
-1.902785424453848958e-03 -1.466085818935805021e-03
-2.122923418299361813e-03 -7.370184258468971163e-04
1.433483419491983143e-02 1.585095771287613545e-03
-2.308606936862773497e-03 -1.016121715204760211e-02
-5.910197396448905668e-03 1.357753905297401538e-02
5.486366203679931761e-03 1.321929596760515295e-02
-3.821472914422534024e-03 1.753951186416778186e-03
3.187434605909305642e-03 3.979982491551752391e-03
-5.900394287853454392e-03 3.142506523121452178e-03
1.997016240614562892e-03 1.092068437549967904e-04
9.959503798466049981e-03 4.310253367071673405e-03
6.483150017653054389e-03 1.000893430134357567e-02
4.145708135805184491e-04 1.366302056796063133e-02
-4.058215124089249726e-04 -8.695131333111796867e-03
-1.466855368310670919e-02 -1.342956755007880185e-03
-3.118462352573216079e-04 1.266186210340114124e-02
-2.453066524314618038e-03 -5.321885439135774776e-03
4.860023388911231985e-04 3.932404064513049871e-03
-2.730458284288697027e-03 -2.813289455025607538e-03
2.466414363694064554e-04 -8.539272100236148036e-03
6.206588177486574778e-04 9.528104881452423985e-03
1.740827234658816162e-03 -3.630360937850038092e-03
-4.557437532845574207e-03 -1.152604715998525702e-02
3.341441762946349009e-03 1.141949066048246995e-02
9.304518274939955688e-03 -6.421521600936760769e-03
-7.423191143515347167e-04 3.684964359727536595e-03
-1.709630299770977316e-04 1.264953642005792536e-02
1.135814943427254956e-04 4.869283768103161011e-04
3.421750358934135764e-03 -4.700172813965761837e-03
-4.090115373226160117e-03 9.230436405377141426e-03
8.099922150464533913e-03 -2.341209336306051495e-03
-1.347331405593107066e-03 1.218460906568161195e-02
3.456875333126537518e-03 3.814447919585098497e-03
3.989657830642758321e-03 -2.265530929913743639e-03
-3.319951818527191578e-04 3.507104104418809574e-03
-8.800408973688375602e-05 -4.251147525103141783e-03
1.013736405377591888e-02 4.720577299569128291e-03
-2.760538108984210860e-03 9.823921281690245130e-03
4.698448507631603453e-03 1.567852707950595503e-04
-1.064999760469674192e-02 1.051415954891204464e-02
6.154858987473243179e-04 -2.667903829661640285e-04
-3.865474959290975468e-03 -3.716225761347927061e-04
-1.274047804443897720e-03 -5.637978555475018499e-03
-3.743942432192763885e-03 -2.227755611469132372e-03
-8.599048441113619351e-03 -9.043028580479572226e-03
-6.577636372816074873e-04 1.406181708553668917e-03
-4.344452303344664007e-03 -2.601102493938084112e-03
-6.525907182816344590e-04 1.120107697297111592e-02
1.359657088936322075e-03 -1.204372586040138894e-02
-7.321424254498102267e-03 -8.232056054573163445e-03
-1.696697420285709929e-03 -5.601001505444012582e-03
-7.246544116520541208e-03 -1.143274238174373653e-02
6.143331572547934549e-03 4.502163612057774253e-03
-1.483584421278993058e-03 -8.032993045243821267e-03
-3.112682237435048915e-03 4.176267387124440143e-03
-8.244381737916379321e-03 7.180541049217877524e-03
-3.273043890401730431e-03 1.370172192432465505e-02
-5.282800774265485749e-04 -2.793012738924184092e-03
8.170427637856868958e-03 -8.025840280901721385e-03
-4.144463256095908509e-03 -1.248492788601046621e-02
-1.098451536129722329e-02 3.445347918198069306e-03
-7.194718808398555682e-03 -2.932938254889150970e-04
-6.600307894166040391e-03 -5.668856648584137681e-03
-2.131002220560654706e-03 1.296297919214474230e-02
-4.097810866975257552e-03 -1.114037459417423215e-02
-4.779427602528548910e-03 -2.705008649188661660e-03
1.024922124178448586e-02 1.942540588240368286e-03
-1.147342358344352001e-03 2.300783673609230716e-03
3.771244143130261968e-03 1.728501551315601154e-03
6.132730195538877924e-03 7.626245494916627024e-03
-1.030184481832507881e-03 -2.039293979148846386e-03
1.194154401148382616e-02 5.059597476260644516e-03
-2.810511341268733237e-03 -9.407498392272263532e-03
6.754442820708890863e-03 1.751428611667873222e-03
-2.296409023022862386e-03 1.336602259079385218e-03
6.237562388707506601e-03 3.145284636878326479e-03
9.924091633878970482e-04 -5.694306283686675386e-03
-3.511478755004035588e-03 -2.815939799277816617e-03
-6.674389763726133089e-04 4.842780325581066969e-04
-1.148204511511681514e-02 6.683011295397145099e-03
2.979622295407008230e-03 4.849933089920883955e-03
-1.100559034581203265e-02 -1.663424521930989899e-03
2.292706035363252515e-05 -2.983198677577487447e-03
6.533889866952398082e-04 -3.890126325977405920e-03
6.687513715488177350e-03 2.609053526694930791e-03
7.447459201687346535e-03 -2.497068569183059916e-03
-2.408138441528125898e-03 -7.242297235438618225e-03
8.802486101030692484e-03 5.689133364685341684e-03
-6.835421915605836320e-03 -4.299651990061474464e-03
-2.933895944204407968e-03 5.406057607697635839e-04
-1.016824214688639809e-02 6.056827901518733667e-04
-4.045985558853272893e-03 -9.260379194115861412e-07
-5.353050722639841018e-04 -4.495936885633943642e-03
-1.601061139575700801e-04 -1.318841787449353056e-02
-1.334692745162274936e-02 1.593589533450096886e-03
-1.109199789871942281e-02 8.707329246950565663e-03
-3.706965382161757534e-03 -1.805105995627320162e-03
-4.951061131414587202e-03 -8.723359081970067860e-03
1.194419435573739613e-02 4.278577005546447404e-03
3.111756199515637762e-03 -1.302818282711666002e-04
-1.284582131563039541e-02 -6.471079873318949516e-03
2.400315178274582684e-03 -1.771577558264631012e-03
-7.226522939428447340e-03 9.078951823085358586e-03
-2.324636771887279992e-04 5.881841878086845705e-04
-1.002378255943455442e-02 -4.233648922759953963e-03
6.879551729980084435e-03 -4.931710453233936232e-03
-3.343421608289618829e-03 8.029416663072200602e-03
1.429907037320906358e-03 4.985515606697830254e-03
-2.520921667454743571e-03 -4.182749652554440967e-04
5.000491634292112894e-03 -2.070044302754660802e-03
7.443882819515725002e-03 2.329937460385551971e-03
-2.976173682740051486e-03 1.679997086356126591e-03
4.198715020851569169e-04 1.210097962653245568e-02
6.945682566786052017e-03 -1.310028601525334291e-02
1.057406365929396130e-02 8.089448542958781185e-03
-5.276829586844617413e-03 -1.082428147783384698e-02
-3.541430810195104074e-03 -1.535665268410088720e-03
9.005923760945260675e-03 2.335238148891331019e-03
1.113427563725370543e-02 -9.846720572538070551e-03
-1.275874326381406382e-02 1.826053210638826051e-03
-1.357677243595555028e-03 -7.405181463153063040e-03
-9.761494596559203846e-03 5.254828564411757365e-03
-7.849704331924649975e-03 -1.102506879349734840e-02
1.975941256099753539e-03 -4.999565596374062199e-03
-1.943466626159779873e-03 1.429520680063775875e-02
2.528872700211590684e-03 -1.924786446888069463e-03
3.952680780613112427e-03 -2.688180545754413966e-03
-6.516806224520190621e-03 7.455282464940889316e-03
6.290441504250846722e-03 -1.118188571568031180e-03
-1.652567605912821404e-03 -1.483236394874056646e-02
-5.897807246386639959e-05 -1.485436497116455774e-03
-2.141475828066407433e-03 4.730124869156830322e-03
-1.045530924595262402e-02 2.192375098267839058e-03
5.932070649378680394e-03 -1.157815965850104295e-03
3.844272205271501326e-03 6.619786341851357017e-03
-1.633472466739921414e-03 9.725315814944304749e-03
8.260028264422104860e-03 1.084720853818747950e-02
1.227711557550952709e-02 -3.274512657725636364e-03
1.325269663546203500e-02 -2.367105582692895227e-04
-1.163116654355884428e-03 -4.370029707949144721e-03
5.283854581683413397e-03 1.252720562454474884e-02
5.529314441118369280e-04 3.074779149485991868e-03
-1.223148534242465661e-03 9.547455559634435845e-03
-7.598177166947229708e-04 -6.250814109970134064e-03
-6.701563705165550743e-03 -6.014901820114229580e-03
1.747852229496251689e-03 -1.927436791140279193e-03
-1.225671108990229827e-03 -1.028460175498349498e-03
-8.779016311271203420e-04 2.135249101642576822e-03
-8.056718374006272389e-04 -2.844167548140169631e-04
-3.427977085358184951e-03 1.030819931424721038e-02
-1.601668335711390646e-03 3.530701663688889675e-04
1.392371199400626973e-02 -5.547994620396007673e-03
-6.375923019239966745e-03 7.442956781597673439e-03
-5.490996393275411093e-03 7.010631826664856167e-03
4.051286247359052808e-03 -1.561114903510123870e-03
1.074186526700949976e-03 4.164867741700417278e-03
5.874816883247611921e-03 6.217126251713738297e-04
6.040351455215626705e-03 8.911533523897471540e-04
6.181362430008945042e-04 -1.047810853680360924e-03
6.963372241409662017e-04 1.363836920127420131e-02
6.440074010705166413e-03 3.837374979937370131e-03
9.848572648375533700e-03 3.042304519546018635e-03
-4.296075607890996115e-03 2.008415886038585323e-03
-3.918992922348554786e-04 6.067653166154266670e-03
-4.755702273761311036e-03 1.622743320227560673e-03
-8.345509779410082568e-03 -4.522440328159196832e-03
-3.064177772482378479e-04 -2.571150438751583153e-04
1.077405270654271593e-02 -1.794376849113599182e-03
2.552629680365541519e-04 7.785553340460810330e-03
-7.081137314057191212e-03 1.936345513202592308e-04
2.780559286077665185e-03 1.068777292313999143e-02
-4.179843769296060808e-03 1.714323792133562755e-03
-6.047376450053061799e-03 -2.594077499099506703e-03
-4.465027141123539822e-04 7.066161286461548549e-03
-3.227988038109430753e-03 4.243739221748287112e-04
-7.747937442915079492e-04 -5.610676844536159960e-03
-4.502163612057774253e-03 6.143331572547934549e-03
-4.844058020614105953e-04 1.068949722947415068e-02
1.683126857235277621e-04 -1.186851594934372825e-02
6.474400716481460913e-03 5.041045066494740344e-03
4.006358164571199344e-03 3.592968927915774803e-04
-6.890153106989141060e-03 8.055792336092788136e-03
-1.053909810598384865e-03 -6.367045948563927055e-03
1.164757968708346990e-02 -6.413570568179912355e-03
3.773894487383831937e-03 9.474810806014042578e-04
-4.700971082379367186e-03 -1.073270100592784576e-02
1.499259783220143957e-02 1.789140627339452783e-04
1.177422183041226290e-03 -1.493799441032394107e-02
4.630593364491478355e-03 5.060395744675390446e-03
5.324408013883539376e-03 8.122849210818166438e-03
8.232982092496220553e-04 -1.136740981335295593e-03
2.421390162789392037e-03 3.337194881864427327e-03
-9.465550426819924548e-04 -2.720910714694410094e-04
-2.157250124076797761e-03 -1.940688512402906005e-03
-9.372245648575415131e-03 -3.180413102853076740e-05
-2.114046347623102680e-03 -7.126065396843683786e-03
-1.405306778435802539e-02 -1.609747137972902982e-03
-3.913979424250449597e-03 6.375795249735520531e-03
2.812363417106195952e-03 1.315527274564575865e-03
-1.708352604712913862e-04 1.292600214210943340e-03
9.123081637458247545e-03 -2.004839503868106106e-03
9.272714143911424053e-03 2.950724047638655229e-03
1.516186820723631513e-03 5.971698043661896257e-03
-2.035654294203752962e-04 1.471083142164099355e-02
1.448539273929220356e-02 2.494673763938600949e-03
8.946019650555616905e-04 4.895787210627444057e-04
-5.693380245767263800e-03 -5.038394722241170375e-03
-9.435726141129172767e-03 7.355750960275537348e-03
-5.695232321604726082e-03 3.053576395466518160e-03
-1.192270441132205466e-03 4.221195469910932717e-03
8.748936486574548574e-03 -8.715280279708555525e-03
2.873065795903079287e-03 6.065928859821468309e-03
8.338484784572646608e-03 2.819516181449438150e-03
-3.343293838783811724e-03 -3.327519542774782287e-03
5.085973149281232050e-03 -8.394812512784304362e-03
-1.157800023761168876e-02 4.774925182438877549e-03
9.228839868546286074e-03 -1.053178592075968041e-02
1.147051770018834779e-02 4.870561463149805648e-04
6.511505536015770729e-03 -5.893241523510211327e-03
-3.876874604716139781e-03 -4.558491340269431140e-03
-1.091573418023904750e-02 -5.504248114536676798e-03
9.040250466722696623e-03 3.538908235447340775e-03
-8.048735689870222150e-04 7.026533892179692709e-03
1.364830007936294670e-03 -2.248830595983941725e-03
-3.668264025799095572e-03 1.882508708353786402e-03
3.433948272778833627e-04 6.797646597158284263e-04
-3.180409611069367776e-03 -2.277058344842211850e-03
7.433281442506668377e-03 5.454019343244404308e-03
-1.443318179485402093e-04 -6.517604492934937419e-03
-7.003606831826060183e-03 -3.788072246564509662e-03
-2.467372052999960985e-03 1.398613867913731101e-02
-5.457786797697363954e-04 -1.272879120862185388e-02
-1.114739958901074437e-03 2.394886720261634990e-04
-2.103348852487002540e-04 -9.705965136762511464e-03
-9.052703919570576421e-03 7.677144765118057781e-03
3.869977379382008153e-03 -8.501369012287091423e-03
-2.404147099455751935e-04 2.931245599952198456e-03
-3.603985264830591138e-03 1.805904264042067393e-03
-2.478643928920460076e-03 -1.557666290842948985e-03
1.928362829055123523e-04 -2.298133329351578129e-04
-7.107512987077779613e-03 -3.353096947379263868e-03
8.034717351577980518e-03 1.781380666860083156e-03
9.145270240269818413e-05 1.078107770138151192e-02
-1.031177569641883104e-02 1.399028944210426936e-03
1.520689240813303308e-03 -2.901293544761130404e-03
-2.928723025204434723e-03 1.033550102518721037e-02
5.188953266612398446e-03 -4.783802253114917240e-03
7.745925946177595334e-03 1.031078868369726328e-04
-7.138263310683594029e-03 -9.383773063503884210e-03
2.227755611469132372e-03 -3.743942432192763885e-03
-5.157276905087172444e-03 6.768492810386264255e-03
-7.977208046437801259e-04 -2.627478166957531065e-03
-1.485436497116455774e-03 5.897807246386639959e-05
1.183393370455946766e-03 2.167851501085854386e-03
1.077762908872570858e-03 -6.621382878681943921e-04
-1.298948263466863373e-02 5.679202486586585642e-03
-6.116029861607934562e-03 -5.001417672211524480e-03
3.549254073447285964e-03 1.054954006211219694e-02
1.421157736147951557e-03 1.762637184785293461e-05
8.739931646393844095e-03 9.030702897136356350e-03
1.079512769105888705e-02 3.314395591016601039e-03
-1.112712287291160729e-02 1.927085134022085353e-04
1.189926627294954527e-02 6.198988801848149405e-03
-2.006819349208872720e-03 1.032582568609620444e-02
-1.254297992055513830e-02 -1.386958799876322063e-03
-4.929986146900920164e-03 -3.614586641839647764e-03
1.558592328770087192e-04 -6.524629487771886789e-04
6.166386402404870973e-03 -9.837971271366475340e-03
-2.298133329351578129e-04 -1.928362829055123523e-04
-5.857988779815866132e-03 -9.353821008312815724e-03
7.763552318026589391e-03 -1.318049849312339598e-03
2.743837775055769403e-03 -1.244874910439556712e-02
1.076038602538412258e-03 -3.927103376007270823e-03
-3.294726071038133267e-04 1.408301983955023359e-02
9.396769245757399802e-03 1.167050674743710069e-02
1.965339879089336456e-03 -1.875483713516350875e-03
-6.954431867957645494e-03 8.132396780404508446e-03
-1.171703136705444862e-02 -3.304720251925595542e-03
-8.435749253496843941e-04 3.338919188198585710e-03
3.595235963658997228e-03 -6.773793498890902723e-03
8.283117073554962032e-05 -5.543747739315446448e-03
-9.854799374800726069e-03 2.565721980736790364e-03
-2.527818892788874332e-03 -1.347813531781196644e-02
1.794504618616903080e-03 -5.828834993040468617e-04
-2.845764084964220314e-03 -6.565182919973857646e-03
-5.538447050809666532e-03 -1.644872112165085293e-03
-8.385137173693298432e-03 -4.164069473285670481e-03
1.300423477464486555e-03 9.184710054174542032e-03
1.362977932098832171e-03 5.843140521723745942e-03
2.489117536425070921e-03 9.790520613832221636e-03
-2.570224400826462158e-03 -9.818077863776983241e-04
1.263641246830110587e-02 -7.280870822296833973e-03
5.003940246960429661e-03 4.459885873523491626e-03
2.276132306922800264e-03 8.655759477839053331e-04
1.883434746273197988e-03 -3.777215330541775374e-04
-1.053018938393018508e-02 5.393061425438411272e-03
1.106019376769089291e-02 6.649164016248503353e-04
1.769342173918182076e-04 4.456309491351870093e-03
-1.304925897555519240e-03 -3.117184657526567105e-04
5.824715881461145668e-03 -7.252770842943229504e-03
6.078254543164683318e-03 -2.732182590622855844e-03
-1.266531071606809798e-02 -6.841776411534331720e-03
-2.931245599952198456e-03 -2.404147099455751935e-04
1.410502086198331395e-02 1.392259488380959663e-03
1.183591354990045155e-02 2.229607687306595087e-03
-2.227755611469132372e-03 3.743942432192763885e-03
1.119232767179952071e-02 -4.315298516567200870e-03
-1.050023732873911833e-02 4.112786894570681639e-03
-1.140438686338238021e-02 -8.655631708334388108e-03
8.699505983702732290e-04 2.078123105009369010e-04
9.103762610670933578e-04 7.160392102621119734e-03
-6.875177079393716972e-03 7.415655070657673452e-03
-9.113406298368601638e-03 2.926743179862526228e-03
7.326852712507185214e-03 -4.686921092703135241e-03
6.258637373222315954e-03 8.254057077007385251e-03
7.235144471095376027e-03 7.245873617609098309e-03
-1.371855002776232752e-03 5.459064492744012927e-04
-4.023728997406077722e-04 -2.165201156833645307e-03
-1.123712798508156793e-02 -5.121225892978080452e-03
3.522718979541423871e-04 -5.709282311280958894e-03
-1.041648012008415496e-02 -5.476946403598036833e-03
-4.123516041084403921e-03 3.980780759965357740e-03
8.748936486574548574e-03 -8.715280279708555525e-03
3.329243849107580214e-03 -7.832875064587782599e-05
5.937371337884460309e-03 -2.719856907279640402e-03
-9.184550633272448028e-04 6.539605515369157490e-03
1.411482397058306734e-03 -9.042773041465674037e-04
-3.054917393288262076e-04 -4.303100602728431208e-03
-1.002908324793897257e-02 -2.671607981329276408e-03
-3.786475709735892320e-04 2.162550812580074904e-03
-6.521180875105415768e-03 4.971337847515792073e-03
-7.739699219754906170e-03 -5.711134387119562623e-03
-9.254289503648826382e-03 2.939068863205741670e-03
-8.504147126043967025e-03 8.267979297178953274e-03
-5.864598814756679605e-04 3.032501410951708807e-03
1.153559472957159902e-02 7.721402348995610662e-03
-5.730357295795767379e-03 -5.461044338083201159e-03
3.243890103624266427e-03 -5.110496746463216722e-03
3.860174270786556443e-03 1.933663517565470478e-03
4.147947012067814548e-05 -8.450341972581215319e-03
6.040351455215626705e-03 8.911533523897471540e-04
-9.933926393860207510e-03 -8.074472515364498545e-03
-3.777215330541775374e-04 -1.883434746273197988e-03
-1.188441801485856479e-02 4.517810138564860682e-03
-4.249423218768983400e-03 3.352969177875959102e-03
1.947585737737037200e-03 1.090261022847972480e-02
6.522777411936270253e-03 9.650563446470049322e-03
-9.830148008112934294e-03 2.847488391298378264e-03
2.075344991259298836e-03 3.438450692863937678e-03
-5.773561072250604775e-03 -2.756674536410620539e-04
5.832539144713329293e-03 1.761103950758878501e-03
7.405948080185182150e-04 -6.949929447867973266e-03
2.260358010912409937e-03 -5.805237433775830777e-03
-3.363698324379451178e-04 1.023159486993711897e-03
1.800603575536287478e-03 5.166026206260127679e-03
7.387427321799136179e-04 1.142041669841075075e-03
-1.049758698448690838e-02 3.331766423855343946e-03
9.106253534025360308e-03 6.727268879274696245e-03
-9.198887813355219323e-03 9.251511389891950779e-03
1.461752664340083135e-02 -2.485541154253450256e-03
-1.982838481433884734e-03 -8.060294756182461232e-03
-8.246106044250538572e-03 3.915575961078802611e-03
5.121098123472273347e-03 1.198082207654140897e-04
5.035744377988959561e-03 -4.912359775051925240e-03
-8.733359082658230521e-05 1.441673932773733166e-02
1.219428440477261788e-02 2.269235081588668636e-03
1.621146783396705537e-03 -9.866199020224527758e-03
8.573726575516889617e-03 -9.906624682921348971e-03
-5.408037453035196250e-03 -9.890052118496212713e-03
-1.869384756595824162e-03 3.783569826473476977e-03
7.746851984095646029e-03 -3.942877672017442575e-03
-1.890331971607329617e-03 -1.268213881950234524e-02
-4.119939658913924704e-03 -8.462252696018936898e-04
3.282463690483624491e-03 9.934054163364652856e-03
5.089293992433951584e-04 9.492053869344207594e-04
-1.973961410756484153e-03 -1.444934172718060836e-02
4.473935863199722703e-03 -1.598091953539769548e-03
-7.713323546734316902e-03 -2.164402888420039958e-03
2.447893605319431437e-04 -4.473009825284612363e-04
-4.301248526890968926e-03 -7.786479378378861893e-03
1.048321931697705593e-04 -4.480960858039661002e-03
4.856958084759679939e-03 -1.276698148696107015e-03
-7.495963666646820664e-03 9.244486395053373370e-03
4.836553599154952594e-03 1.228241626401280553e-02
9.289286708329976385e-04 1.693248807618753403e-03
4.120865696831975400e-03 -3.199760289252521085e-03
-4.023058498501001258e-03 -2.984124715498040915e-03
-9.816098018438062373e-03 6.253336684717896929e-03
1.195652003908061201e-02 4.419460210826670413e-03
-1.191781868271680860e-02 -7.318455068469247385e-04
6.184683273162805590e-03 7.408757845323542257e-03
8.960995678158768102e-03 4.255649945194174902e-03
-3.863622883453513620e-03 -8.463593693842480156e-03
3.145284636878326479e-03 -6.237562388707506601e-03
1.188971870336320326e-02 -6.079851079993035465e-03
-1.199787173969548391e-02 -7.326054444092439284e-03
3.067881924151860673e-03 -1.361279179666835884e-02
-1.308451171924295345e-02 -2.748691852263156904e-04
6.973910315636813609e-04 -1.764552563425834811e-03
5.336063198317813824e-03 -1.040415443674094081e-02
-8.816663860211369774e-03 2.261954547742122974e-03
-9.868849364476956279e-03 -8.401263126838693154e-04
1.727703282900635781e-03 -1.108219479012511298e-02
4.534638241997747919e-03 3.152309631715762006e-03
-8.312109111553200522e-03 7.272153172514454061e-04
5.802331550518373491e-04 2.575525089332241641e-03
1.237572104225546921e-02 -2.147447015481346484e-03
-5.581650827263362480e-03 3.540504772275692054e-03
-4.259896826274736127e-03 -4.879885145111951573e-03
-4.456309491351870093e-03 1.769342173918182076e-04
4.947484749244107985e-03 1.355036511153731929e-02
-2.461017557071465151e-03 -2.978824026992261433e-03
9.078536863181883940e-04 -3.415523632510305153e-03
8.532502644406901073e-04 -2.417015512203023707e-03
4.013510928914441542e-03 -9.294715166345645860e-03
5.281332006934508216e-03 1.951289889413323087e-03
1.092068437549967904e-04 -1.997016240614562892e-03
1.216790873175317006e-02 -1.277496417112214920e-03
-1.203670086556008888e-03 3.432670577743605640e-05
1.473110813773240548e-03 -1.998612777440897338e-04
-2.815939799277816617e-03 3.511478755004035588e-03
-2.231204224136307691e-03 -2.785987744086748999e-03
1.038665583439775386e-02 -4.599715271379855967e-03
-7.981966005537945164e-03 5.312082330540323499e-03
-1.803381689294303661e-03 6.971930470302194205e-03
-2.042870361320467051e-03 5.857190511401119334e-03
-4.568038909855990856e-03 -8.401965277127547427e-03
-6.085886734131925810e-04 1.332665073552268681e-02
1.086920956062170131e-02 -7.197241383146320282e-03
-5.436392971396550831e-03 6.012123706358716603e-03
8.110686440275169384e-05 -8.808712827453379912e-03
2.764657220571697417e-04 1.537389574742886646e-03
2.171427883257475051e-03 -6.010399400024558220e-03
2.343859680559621898e-03 7.318901679750337667e-03
-5.879191533835341141e-03 -3.105657242596252497e-03
-9.550233673389949690e-03 1.091480814231963678e-02
-1.127158246036345096e-02 5.032040226314034997e-03
-2.111651542380004604e-03 1.480678654413472399e-02
-1.235346448081235757e-03 -1.950363851493911718e-03
1.295237781513432218e-02 5.255084103418364294e-03
1.020356252765071761e-02 1.629251966689020245e-03
-3.562563383838052416e-03 4.331015847516621678e-03
-2.199316378007642320e-03 6.785019128511930037e-03
-1.125766810504678049e-02 -4.141497256543363788e-05
7.839699619812784750e-03 9.721531831192252449e-03
-9.513253454507203735e-03 -1.749446940396280121e-05
-3.299393259091828144e-03 4.030808226630316383e-03
-3.410552721668130491e-03 -8.952333395025068030e-03
2.320938168840375095e-03 1.019910430253078218e-02
9.285083243785600612e-03 1.676072801619494981e-03
6.868172599675303851e-03 4.907833777886879377e-03
7.627349566429996071e-03 -1.222850421923446507e-02
4.808686333173015602e-03 -8.510973880418036888e-03
1.345004431442333587e-02 -3.970577783687447059e-04
1.234241186377328485e-02 3.388971351663806753e-03
1.122797793146342038e-02 -5.673581749514162130e-03
8.450207054483075547e-03 1.217786182610639499e-03
3.547089408960874077e-03 -1.111475835844957967e-02
9.944193481856782816e-04 -9.171435692355887166e-04
-7.229614055924699426e-03 -7.101642150503949605e-03
-8.355562683986352338e-03 4.116890007243139901e-03
2.957973305528048200e-03 3.669852203193042176e-03
2.853315696350688848e-03 -1.069190135700537640e-03
-3.483624488574760779e-03 1.049845459381465278e-02
-7.545741681388952113e-03 -8.098978096314419714e-03
4.610703433964752004e-03 -1.238071729568521184e-02
-1.171730942151933894e-03 -9.052281810923342928e-03
1.239125895595510202e-02 -3.211362255554759803e-03
-5.265901019235027548e-03 -1.191979648004991114e-02
-4.144829520845294026e-03 -1.012036726090385572e-02
4.690119989464855074e-04 9.110943702439616709e-03
1.130243288752015920e-02 7.586574618579511840e-03
2.022231905572856054e-03 1.183824170260453943e-03
1.022655942305828250e-02 6.992423194223795248e-03
-2.957043537981808318e-03 7.255789951591599257e-03
-1.290418145551506385e-02 4.355932660795792076e-03
-1.348499247879572129e-02 -5.957302819452043804e-03
-1.059453673062326316e-02 3.308257723427580205e-03
-8.804190269399719479e-03 6.658044379318391916e-03
-2.528380063605515597e-03 -9.500488746756954525e-03
-9.415725116679757659e-03 -7.337244468503150048e-03
-7.094066323398442141e-03 -6.448593608818760023e-03
8.228286276386364770e-03 7.824678383481730587e-03
-7.216359465817587943e-03 -2.640026727960674449e-04
9.438238279618347409e-03 -3.533603349325540027e-03
2.605916641104069793e-03 -1.037342510727527409e-02
8.181541150087226141e-03 -3.223100658480017918e-03
1.300062786430626789e-02 -3.037370269799378759e-03
4.800166533516715857e-03 -1.087998095578048864e-02
-9.457514117170598075e-03 3.415003744770631674e-03
1.033822227922545807e-02 4.292823061508193802e-03
