3.113480505848654264e-03 3.134683259869269854e-03
-1.479337540198431833e-03 5.807887778026898408e-03
-7.480987639050035685e-03 8.604349129619399267e-03
5.265557710923898663e-04 -4.719523492148915795e-04
-1.024139797853094308e-02 7.071334205462881384e-03
6.692686634488151029e-03 1.240394879111237844e-02
-7.647192709926990163e-03 -1.033297845043830605e-02
1.650971069084470125e-03 2.104626547545071415e-04
-1.584041963862395938e-03 -1.068087569780423480e-03
2.917195610275966512e-03 -3.165433583475084703e-03
-4.822503609477578335e-03 -8.876567970593506746e-03
-1.847255964656938868e-03 -6.510579498096359143e-03
5.257478908662824996e-03 8.980474125845225308e-03
-7.619220500078048748e-03 7.835654342247276583e-03
-9.986805509404689946e-03 -3.810999306916781296e-03
6.251612378383300311e-04 6.551132930293980831e-04
9.397024784766510805e-03 -1.104336566425664391e-02
3.680461939631717158e-04 9.615310702776359852e-04
-2.799111695843569357e-03 -5.220629628137625315e-03
9.831872314447091810e-03 4.174766968406970827e-04
1.359079077423413877e-02 2.005095042876075227e-03
5.578202214596186294e-03 -1.007043494855520624e-02
-7.192866732561094267e-03 -8.385264943196602330e-03
7.911460518144248361e-03 3.725486140542049428e-04
3.779195175888250963e-03 -6.145598608292732971e-04
2.332460035134457151e-03 3.132032915615699884e-03
-1.840358739322807240e-03 6.549280854460163420e-03
7.078646390694339798e-04 6.468301759562075648e-03
9.162581262237016327e-03 8.993725847106490145e-03
2.241805601145364316e-03 -3.380941387721036638e-04
-8.824040512181528101e-04 1.100824069006446117e-02
7.614590310483712599e-03 1.239427345202137251e-02
9.314065844526297697e-03 5.857318280904423233e-03
7.351663500094348346e-04 5.969047699408326288e-03
-1.041753392750801276e-02 9.925975361103359096e-03
-3.754543809201820511e-03 8.963262713897199654e-04
2.615152483614315623e-03 -9.386040099240034601e-04
7.424404371829266928e-03 1.184306631424255143e-02
-3.640962314859095151e-03 1.383254648200036175e-03
1.581391619610186426e-03 1.849108040495762040e-03
-3.861898577119354369e-03 -5.198628605703405244e-03
-2.284211109184092724e-03 1.283442167020773343e-02
-8.633375146891057034e-03 -1.024669866703558155e-02
-1.584041963862395938e-03 -1.068087569780423480e-03
3.952680780613112427e-03 -2.688180545754413966e-03
-2.353662789153931293e-03 3.116130850100863776e-03
4.584068744875272744e-03 -7.641093753008966656e-03
6.128355544951149137e-04 5.142300877491747489e-04
-6.027898002367745173e-03 -1.210720635295514658e-02
2.731384322209250495e-03 -1.232696103829026245e-03
8.184477627534242350e-03 -4.619991987482422596e-03
3.393522610076084214e-03 -1.549331949575970518e-04
-3.636715433779455931e-04 1.522413547147462125e-03
1.356080706764700543e-03 -7.216719830832776621e-03
6.373272674987757666e-03 -6.661936310882335746e-03
1.652567605912821404e-03 1.483236394874056646e-02
-2.179251146511018700e-03 -3.003475393678691450e-03
-3.077429493738201381e-03 1.333951914827175705e-03
-6.074678160993062653e-03 -2.094823438945756042e-03
-1.132088519373652957e-02 4.468507405190639756e-03
-8.640527911234298364e-03 -5.926866078983560396e-04
9.370393572737951982e-03 8.123775248736218868e-03
-7.608715241185807707e-04 9.152107654731263600e-03
3.133757221949858267e-03 9.325050530046188457e-04
5.835189488966899263e-03 9.800834800446816056e-04
-7.211163603320609001e-04 -2.563199405989026632e-03
9.587210723420955608e-03 -1.049215852647782457e-02
-4.055343220012467761e-05 4.404356413726580668e-03
-1.139921394438104738e-02 1.139263556084200990e-03
-1.147767046453158912e-02 9.166955912822242342e-03
2.411842593203050462e-03 -8.941644999976756242e-03
-1.151717008930719897e-03 -1.831609438145066120e-04
8.012716329143758712e-03 7.185937855842972760e-04
-3.527380820518871696e-03 1.870183025010571393e-03
3.823197220756692407e-03 1.511013901722297811e-03
-2.363338128244936789e-03 2.194227174105301340e-03
-4.328550237828467442e-03 -7.287225318225330241e-03
-8.606201205456862416e-03 6.109834786576524152e-04
5.683832676180923527e-03 -7.240445159600014495e-03
1.477613233864273883e-03 -9.072852866165975055e-03
4.245846836598723625e-03 1.474036851693794233e-03
-3.987805754805295172e-03 -5.826440187793944028e-03
-9.226987792708824659e-03 2.439814803051991443e-03
-1.729299819730347951e-03 -3.539706503862087138e-03
-7.645468403594192670e-03 -7.068013362300370854e-03
5.533274131809693720e-03 -8.150023152252361056e-03
1.162637693306535665e-02 -1.654068024622076805e-04
4.712498497307835398e-03 3.562633564215719664e-03
3.565187790347036124e-04 8.131598511989761649e-03
-1.264516176947269935e-02 2.312981587447999511e-03
-6.700765436750803945e-03 1.296048826878118225e-03
-6.107280560436339351e-03 -3.352843736268915076e-05
3.169808234060310717e-03 5.401140227701064188e-03
-5.786812793513230503e-03 3.629434899931987396e-03
-3.973883534631225678e-03 8.936344311472117774e-03
-9.583506571743527838e-03 -5.691783708937770206e-03
-1.095536157451976016e-02 -5.145877259663369022e-03
1.369389866107111227e-02 -5.740830903301520106e-03
1.048321931697705593e-04 -4.480960858039661002e-03
4.609390610472004213e-03 1.130855951039195367e-02
-7.531848750401757067e-03 7.404308099775704262e-03
-8.939293664777582873e-03 -5.153883503732199778e-03
-5.157150438228606080e-06 4.245535134615935520e-03
-1.319879005682954125e-02 -5.290431772966157180e-03
6.255534588615866212e-03 -5.294836104910891419e-03
5.135442156040560292e-03 1.481312566047982178e-03
-7.107511003502520706e-03 -1.113421089341100345e-02
7.882869474259283568e-03 1.189087040383658526e-02
1.012008603157249671e-02 -6.486140029182151101e-03
-7.369310384464710512e-03 -1.078196119529089593e-02
7.531854008825845589e-03 4.537446321832958387e-03
-5.118779962501166826e-03 -1.919452100300342128e-03
1.243908164518721035e-02 7.523552663669474602e-03
-4.540735597240849394e-03 1.332582203098485810e-02
4.933293369398249889e-03 1.219464113798494898e-02
1.108120098749492376e-02 3.425887906837027635e-03
-7.813078199084647416e-03 -1.076532821931818276e-02
8.000567152850872679e-03 -4.017567129341845060e-03
8.593417823969442051e-03 8.331649556173400736e-03
1.142300631331613636e-02 -6.381742315637831120e-03
9.689731353341579992e-03 1.326989253305133369e-03
5.069837794871716839e-03 -1.683104698357548376e-03
-1.269963591559879895e-02 -6.163576603723088052e-04
-1.141883946305118601e-02 -9.379351013656615083e-03
8.695555912315475547e-03 9.820801385332028968e-03
-5.967495775831692037e-03 3.723166079572703870e-03
6.349644490214446067e-03 1.133399502161328357e-02
-8.948956860942946373e-03 -1.442688856991901456e-04
7.822357505890296936e-03 -4.834755332809297090e-03
3.826701731225040648e-03 1.144282449451830032e-02
1.661072363569222616e-04 -1.000849654297103096e-03
-4.487268510105656485e-03 -2.154689632794011198e-03
1.676015767855725067e-03 9.285152323603286170e-03
-6.087299514389069542e-03 1.191859162424903362e-02
4.697434826444960541e-03 -1.226742344911651086e-02
4.224038372171002621e-03 6.116944408381519600e-03
-6.412554179360413671e-03 9.666431300660817058e-03
-4.378668498426981602e-03 -2.119588682622594675e-03
1.443196960598430896e-02 2.733156887323547578e-03
8.218020833950345772e-03 -4.176792965409555601e-03
-7.404883818038897163e-03 1.192437200452768978e-02
2.422735114459642364e-03 -4.461293576256888417e-03
-3.431618112101219361e-03 -5.997516194644746980e-03
-1.318894457187266486e-02 -1.251655389839503515e-03
3.265197185352448732e-03 -1.335723225745757969e-02
5.650778319142063869e-03 -1.133486471000044217e-02
-4.395152757973987655e-03 1.370501712067099739e-02
7.050183684684064450e-03 6.221018818059529006e-03
9.553522762633326337e-03 -4.110617239921872737e-03
9.364958895506498432e-03 -9.457055463557283506e-03
-1.207475203288674130e-02 -5.219138537814054478e-03
